/*--------------------------------*- C++ -*----------------------------------*\
| =========                 |                                                 |
| \\      /  F ield         | OpenFOAM: The Open Source CFD Toolbox           |
|  \\    /   O peration     | Version:  4.1                                   |
|   \\  /    A nd           | Web:      www.OpenFOAM.org                      |
|    \\/     M anipulation  |                                                 |
\*---------------------------------------------------------------------------*/
FoamFile
{
    version     2.0;
    format      ascii;
    class       volVectorField;
    location    "1";
    object      U;
}
// * * * * * * * * * * * * * * * * * * * * * * * * * * * * * * * * * * * * * //

dimensions      [0 1 -1 0 0 0 0];

internalField   nonuniform List<vector> 
2000
(
(3.33501e-100 0 0)
(1.24287e-104 0 0)
(3.83839e-109 0 0)
(1.35941e-113 0 0)
(4.72926e-118 0 0)
(1.6179e-122 0 0)
(5.44834e-127 0 0)
(1.80769e-131 0 0)
(5.91417e-136 0 0)
(1.90945e-140 0 0)
(6.08791e-145 0 0)
(1.91805e-149 0 0)
(5.97502e-154 0 0)
(1.84141e-158 0 0)
(5.61713e-163 0 0)
(1.69684e-167 0 0)
(5.07831e-172 0 0)
(1.50637e-176 0 0)
(4.43046e-181 0 0)
(1.29249e-185 0 0)
(3.74119e-190 0 0)
(1.07483e-194 0 0)
(3.06581e-199 0 0)
(8.68459e-204 0 0)
(2.44381e-208 0 0)
(6.83294e-213 0 0)
(1.89877e-217 0 0)
(5.24519e-222 0 0)
(1.44066e-226 0 0)
(3.93519e-231 0 0)
(1.06918e-235 0 0)
(2.89001e-240 0 0)
(7.77291e-245 0 0)
(2.08053e-249 0 0)
(5.54293e-254 0 0)
(1.47008e-258 0 0)
(3.8819e-263 0 0)
(1.02071e-267 0 0)
(2.67286e-272 0 0)
(6.97151e-277 0 0)
(3.33525e-100 0 0)
(1.24303e-104 0 0)
(3.83923e-109 0 0)
(1.3598e-113 0 0)
(4.73091e-118 0 0)
(1.61857e-122 0 0)
(5.45091e-127 0 0)
(1.80865e-131 0 0)
(5.91766e-136 0 0)
(1.91068e-140 0 0)
(6.09218e-145 0 0)
(1.9195e-149 0 0)
(5.97986e-154 0 0)
(1.843e-158 0 0)
(5.62227e-163 0 0)
(1.69848e-167 0 0)
(5.08348e-172 0 0)
(1.50798e-176 0 0)
(4.43541e-181 0 0)
(1.29399e-185 0 0)
(3.74573e-190 0 0)
(1.07619e-194 0 0)
(3.06983e-199 0 0)
(8.6964e-204 0 0)
(2.44725e-208 0 0)
(6.84288e-213 0 0)
(1.90163e-217 0 0)
(5.25331e-222 0 0)
(1.44296e-226 0 0)
(3.94164e-231 0 0)
(1.07098e-235 0 0)
(2.89502e-240 0 0)
(7.78672e-245 0 0)
(2.08432e-249 0 0)
(5.55328e-254 0 0)
(1.47289e-258 0 0)
(3.8895e-263 0 0)
(1.02276e-267 0 0)
(2.67833e-272 0 0)
(6.98608e-277 0 0)
(3.3365e-100 0 0)
(1.24349e-104 0 0)
(3.84059e-109 0 0)
(1.36027e-113 0 0)
(4.73253e-118 0 0)
(1.61911e-122 0 0)
(5.45272e-127 0 0)
(1.80924e-131 0 0)
(5.91957e-136 0 0)
(1.91129e-140 0 0)
(6.0941e-145 0 0)
(1.92009e-149 0 0)
(5.9817e-154 0 0)
(1.84356e-158 0 0)
(5.62397e-163 0 0)
(1.69898e-167 0 0)
(5.08498e-172 0 0)
(1.50843e-176 0 0)
(4.43671e-181 0 0)
(1.29437e-185 0 0)
(3.74681e-190 0 0)
(1.07649e-194 0 0)
(3.0707e-199 0 0)
(8.69885e-204 0 0)
(2.44793e-208 0 0)
(6.84479e-213 0 0)
(1.90215e-217 0 0)
(5.25475e-222 0 0)
(1.44336e-226 0 0)
(3.94272e-231 0 0)
(1.07127e-235 0 0)
(2.8958e-240 0 0)
(7.78881e-245 0 0)
(2.08488e-249 0 0)
(5.55475e-254 0 0)
(1.47328e-258 0 0)
(3.89052e-263 0 0)
(1.02302e-267 0 0)
(2.67903e-272 0 0)
(6.9879e-277 0 0)
(3.3365e-100 0 0)
(1.24349e-104 0 0)
(3.84059e-109 0 0)
(1.36027e-113 0 0)
(4.73253e-118 0 0)
(1.61911e-122 0 0)
(5.45272e-127 0 0)
(1.80924e-131 0 0)
(5.91957e-136 0 0)
(1.91129e-140 0 0)
(6.0941e-145 0 0)
(1.92009e-149 0 0)
(5.9817e-154 0 0)
(1.84356e-158 0 0)
(5.62397e-163 0 0)
(1.69898e-167 0 0)
(5.08498e-172 0 0)
(1.50843e-176 0 0)
(4.43671e-181 0 0)
(1.29437e-185 0 0)
(3.74681e-190 0 0)
(1.07649e-194 0 0)
(3.0707e-199 0 0)
(8.69885e-204 0 0)
(2.44793e-208 0 0)
(6.84479e-213 0 0)
(1.90215e-217 0 0)
(5.25475e-222 0 0)
(1.44336e-226 0 0)
(3.94272e-231 0 0)
(1.07128e-235 0 0)
(2.8958e-240 0 0)
(7.78881e-245 0 0)
(2.08488e-249 0 0)
(5.55475e-254 0 0)
(1.47328e-258 0 0)
(3.89052e-263 0 0)
(1.02302e-267 0 0)
(2.67903e-272 0 0)
(6.9879e-277 0 0)
(3.3365e-100 0 0)
(1.24349e-104 0 0)
(3.84059e-109 0 0)
(1.36027e-113 0 0)
(4.73253e-118 0 0)
(1.61911e-122 0 0)
(5.45272e-127 0 0)
(1.80924e-131 0 0)
(5.91957e-136 0 0)
(1.91129e-140 0 0)
(6.0941e-145 0 0)
(1.92009e-149 0 0)
(5.9817e-154 0 0)
(1.84356e-158 0 0)
(5.62397e-163 0 0)
(1.69898e-167 0 0)
(5.08498e-172 0 0)
(1.50843e-176 0 0)
(4.43671e-181 0 0)
(1.29437e-185 0 0)
(3.74681e-190 0 0)
(1.07649e-194 0 0)
(3.0707e-199 0 0)
(8.69885e-204 0 0)
(2.44793e-208 0 0)
(6.84479e-213 0 0)
(1.90215e-217 0 0)
(5.25475e-222 0 0)
(1.44336e-226 0 0)
(3.94272e-231 0 0)
(1.07128e-235 0 0)
(2.8958e-240 0 0)
(7.78881e-245 0 0)
(2.08488e-249 0 0)
(5.55475e-254 0 0)
(1.47328e-258 0 0)
(3.89052e-263 0 0)
(1.02302e-267 0 0)
(2.67903e-272 0 0)
(6.9879e-277 0 0)
(3.3365e-100 0 0)
(1.24349e-104 0 0)
(3.84059e-109 0 0)
(1.36027e-113 0 0)
(4.73253e-118 0 0)
(1.61911e-122 0 0)
(5.45272e-127 0 0)
(1.80924e-131 0 0)
(5.91957e-136 0 0)
(1.91129e-140 0 0)
(6.0941e-145 0 0)
(1.92009e-149 0 0)
(5.9817e-154 0 0)
(1.84356e-158 0 0)
(5.62397e-163 0 0)
(1.69898e-167 0 0)
(5.08498e-172 0 0)
(1.50843e-176 0 0)
(4.43671e-181 0 0)
(1.29437e-185 0 0)
(3.74681e-190 0 0)
(1.07649e-194 0 0)
(3.0707e-199 0 0)
(8.69885e-204 0 0)
(2.44793e-208 0 0)
(6.84479e-213 0 0)
(1.90215e-217 0 0)
(5.25475e-222 0 0)
(1.44336e-226 0 0)
(3.94272e-231 0 0)
(1.07128e-235 0 0)
(2.8958e-240 0 0)
(7.78881e-245 0 0)
(2.08488e-249 0 0)
(5.55475e-254 0 0)
(1.47328e-258 0 0)
(3.89052e-263 0 0)
(1.02302e-267 0 0)
(2.67903e-272 0 0)
(6.9879e-277 0 0)
(3.3365e-100 0 0)
(1.24349e-104 0 0)
(3.84059e-109 0 0)
(1.36027e-113 0 0)
(4.73253e-118 0 0)
(1.61911e-122 0 0)
(5.45272e-127 0 0)
(1.80924e-131 0 0)
(5.91957e-136 0 0)
(1.91129e-140 0 0)
(6.0941e-145 0 0)
(1.92009e-149 0 0)
(5.9817e-154 0 0)
(1.84356e-158 0 0)
(5.62397e-163 0 0)
(1.69898e-167 0 0)
(5.08498e-172 0 0)
(1.50843e-176 0 0)
(4.43671e-181 0 0)
(1.29437e-185 0 0)
(3.74681e-190 0 0)
(1.07649e-194 0 0)
(3.0707e-199 0 0)
(8.69885e-204 0 0)
(2.44793e-208 0 0)
(6.84479e-213 0 0)
(1.90215e-217 0 0)
(5.25475e-222 0 0)
(1.44336e-226 0 0)
(3.94272e-231 0 0)
(1.07128e-235 0 0)
(2.8958e-240 0 0)
(7.78881e-245 0 0)
(2.08488e-249 0 0)
(5.55475e-254 0 0)
(1.47328e-258 0 0)
(3.89052e-263 0 0)
(1.02302e-267 0 0)
(2.67903e-272 0 0)
(6.9879e-277 0 0)
(3.3365e-100 0 0)
(1.24349e-104 0 0)
(3.84059e-109 0 0)
(1.36027e-113 0 0)
(4.73253e-118 0 0)
(1.61911e-122 0 0)
(5.45272e-127 0 0)
(1.80924e-131 0 0)
(5.91957e-136 0 0)
(1.91129e-140 0 0)
(6.0941e-145 0 0)
(1.92009e-149 0 0)
(5.9817e-154 0 0)
(1.84356e-158 0 0)
(5.62397e-163 0 0)
(1.69898e-167 0 0)
(5.08498e-172 0 0)
(1.50843e-176 0 0)
(4.43671e-181 0 0)
(1.29437e-185 0 0)
(3.74681e-190 0 0)
(1.07649e-194 0 0)
(3.0707e-199 0 0)
(8.69885e-204 0 0)
(2.44793e-208 0 0)
(6.84479e-213 0 0)
(1.90215e-217 0 0)
(5.25475e-222 0 0)
(1.44336e-226 0 0)
(3.94272e-231 0 0)
(1.07128e-235 0 0)
(2.8958e-240 0 0)
(7.78881e-245 0 0)
(2.08488e-249 0 0)
(5.55475e-254 0 0)
(1.47328e-258 0 0)
(3.89052e-263 0 0)
(1.02302e-267 0 0)
(2.67903e-272 0 0)
(6.9879e-277 0 0)
(3.3365e-100 0 0)
(1.24349e-104 0 0)
(3.84059e-109 0 0)
(1.36027e-113 0 0)
(4.73253e-118 0 0)
(1.61911e-122 0 0)
(5.45272e-127 0 0)
(1.80924e-131 0 0)
(5.91957e-136 0 0)
(1.91129e-140 0 0)
(6.0941e-145 0 0)
(1.92009e-149 0 0)
(5.9817e-154 0 0)
(1.84356e-158 0 0)
(5.62397e-163 0 0)
(1.69898e-167 0 0)
(5.08498e-172 0 0)
(1.50843e-176 0 0)
(4.43671e-181 0 0)
(1.29437e-185 0 0)
(3.74681e-190 0 0)
(1.07649e-194 0 0)
(3.0707e-199 0 0)
(8.69885e-204 0 0)
(2.44793e-208 0 0)
(6.84479e-213 0 0)
(1.90215e-217 0 0)
(5.25475e-222 0 0)
(1.44336e-226 0 0)
(3.94272e-231 0 0)
(1.07128e-235 0 0)
(2.8958e-240 0 0)
(7.78881e-245 0 0)
(2.08488e-249 0 0)
(5.55475e-254 0 0)
(1.47328e-258 0 0)
(3.89052e-263 0 0)
(1.02302e-267 0 0)
(2.67903e-272 0 0)
(6.9879e-277 0 0)
(3.3365e-100 0 0)
(1.24349e-104 0 0)
(3.84059e-109 0 0)
(1.36027e-113 0 0)
(4.73253e-118 0 0)
(1.61911e-122 0 0)
(5.45272e-127 0 0)
(1.80924e-131 0 0)
(5.91957e-136 0 0)
(1.91129e-140 0 0)
(6.0941e-145 0 0)
(1.92009e-149 0 0)
(5.9817e-154 0 0)
(1.84356e-158 0 0)
(5.62397e-163 0 0)
(1.69898e-167 0 0)
(5.08498e-172 0 0)
(1.50843e-176 0 0)
(4.43671e-181 0 0)
(1.29437e-185 0 0)
(3.74681e-190 0 0)
(1.07649e-194 0 0)
(3.0707e-199 0 0)
(8.69885e-204 0 0)
(2.44793e-208 0 0)
(6.84479e-213 0 0)
(1.90215e-217 0 0)
(5.25475e-222 0 0)
(1.44336e-226 0 0)
(3.94272e-231 0 0)
(1.07128e-235 0 0)
(2.8958e-240 0 0)
(7.78881e-245 0 0)
(2.08488e-249 0 0)
(5.55475e-254 0 0)
(1.47328e-258 0 0)
(3.89052e-263 0 0)
(1.02302e-267 0 0)
(2.67903e-272 0 0)
(6.9879e-277 0 0)
(3.3365e-100 0 0)
(1.24349e-104 0 0)
(3.84059e-109 0 0)
(1.36027e-113 0 0)
(4.73253e-118 0 0)
(1.61911e-122 0 0)
(5.45272e-127 0 0)
(1.80924e-131 0 0)
(5.91957e-136 0 0)
(1.91129e-140 0 0)
(6.0941e-145 0 0)
(1.92009e-149 0 0)
(5.9817e-154 0 0)
(1.84356e-158 0 0)
(5.62397e-163 0 0)
(1.69898e-167 0 0)
(5.08498e-172 0 0)
(1.50843e-176 0 0)
(4.43671e-181 0 0)
(1.29437e-185 0 0)
(3.74681e-190 0 0)
(1.07649e-194 0 0)
(3.0707e-199 0 0)
(8.69885e-204 0 0)
(2.44793e-208 0 0)
(6.84479e-213 0 0)
(1.90215e-217 0 0)
(5.25475e-222 0 0)
(1.44336e-226 0 0)
(3.94272e-231 0 0)
(1.07128e-235 0 0)
(2.8958e-240 0 0)
(7.78881e-245 0 0)
(2.08488e-249 0 0)
(5.55475e-254 0 0)
(1.47328e-258 0 0)
(3.89052e-263 0 0)
(1.02302e-267 0 0)
(2.67903e-272 0 0)
(6.9879e-277 0 0)
(3.3365e-100 0 0)
(1.24349e-104 0 0)
(3.84059e-109 0 0)
(1.36027e-113 0 0)
(4.73253e-118 0 0)
(1.61911e-122 0 0)
(5.45272e-127 0 0)
(1.80924e-131 0 0)
(5.91957e-136 0 0)
(1.91129e-140 0 0)
(6.0941e-145 0 0)
(1.92009e-149 0 0)
(5.9817e-154 0 0)
(1.84356e-158 0 0)
(5.62397e-163 0 0)
(1.69898e-167 0 0)
(5.08498e-172 0 0)
(1.50843e-176 0 0)
(4.43671e-181 0 0)
(1.29437e-185 0 0)
(3.74681e-190 0 0)
(1.07649e-194 0 0)
(3.0707e-199 0 0)
(8.69885e-204 0 0)
(2.44793e-208 0 0)
(6.84479e-213 0 0)
(1.90215e-217 0 0)
(5.25475e-222 0 0)
(1.44336e-226 0 0)
(3.94272e-231 0 0)
(1.07128e-235 0 0)
(2.8958e-240 0 0)
(7.78881e-245 0 0)
(2.08488e-249 0 0)
(5.55475e-254 0 0)
(1.47328e-258 0 0)
(3.89052e-263 0 0)
(1.02302e-267 0 0)
(2.67903e-272 0 0)
(6.9879e-277 0 0)
(3.3365e-100 0 0)
(1.24349e-104 0 0)
(3.84059e-109 0 0)
(1.36027e-113 0 0)
(4.73253e-118 0 0)
(1.61911e-122 0 0)
(5.45272e-127 0 0)
(1.80924e-131 0 0)
(5.91957e-136 0 0)
(1.91129e-140 0 0)
(6.0941e-145 0 0)
(1.92009e-149 0 0)
(5.9817e-154 0 0)
(1.84356e-158 0 0)
(5.62397e-163 0 0)
(1.69898e-167 0 0)
(5.08498e-172 0 0)
(1.50843e-176 0 0)
(4.43671e-181 0 0)
(1.29437e-185 0 0)
(3.74681e-190 0 0)
(1.07649e-194 0 0)
(3.0707e-199 0 0)
(8.69885e-204 0 0)
(2.44793e-208 0 0)
(6.84479e-213 0 0)
(1.90215e-217 0 0)
(5.25475e-222 0 0)
(1.44336e-226 0 0)
(3.94272e-231 0 0)
(1.07128e-235 0 0)
(2.8958e-240 0 0)
(7.78881e-245 0 0)
(2.08488e-249 0 0)
(5.55475e-254 0 0)
(1.47328e-258 0 0)
(3.89052e-263 0 0)
(1.02302e-267 0 0)
(2.67903e-272 0 0)
(6.9879e-277 0 0)
(3.3365e-100 0 0)
(1.24349e-104 0 0)
(3.84059e-109 0 0)
(1.36027e-113 0 0)
(4.73253e-118 0 0)
(1.61911e-122 0 0)
(5.45272e-127 0 0)
(1.80924e-131 0 0)
(5.91957e-136 0 0)
(1.91129e-140 0 0)
(6.0941e-145 0 0)
(1.92009e-149 0 0)
(5.9817e-154 0 0)
(1.84356e-158 0 0)
(5.62397e-163 0 0)
(1.69898e-167 0 0)
(5.08498e-172 0 0)
(1.50843e-176 0 0)
(4.43671e-181 0 0)
(1.29437e-185 0 0)
(3.74681e-190 0 0)
(1.07649e-194 0 0)
(3.0707e-199 0 0)
(8.69885e-204 0 0)
(2.44793e-208 0 0)
(6.84479e-213 0 0)
(1.90215e-217 0 0)
(5.25475e-222 0 0)
(1.44336e-226 0 0)
(3.94272e-231 0 0)
(1.07128e-235 0 0)
(2.8958e-240 0 0)
(7.78881e-245 0 0)
(2.08488e-249 0 0)
(5.55475e-254 0 0)
(1.47328e-258 0 0)
(3.89052e-263 0 0)
(1.02302e-267 0 0)
(2.67903e-272 0 0)
(6.9879e-277 0 0)
(3.3365e-100 0 0)
(1.24349e-104 0 0)
(3.84059e-109 0 0)
(1.36027e-113 0 0)
(4.73253e-118 0 0)
(1.61911e-122 0 0)
(5.45272e-127 0 0)
(1.80924e-131 0 0)
(5.91957e-136 0 0)
(1.91129e-140 0 0)
(6.0941e-145 0 0)
(1.92009e-149 0 0)
(5.9817e-154 0 0)
(1.84356e-158 0 0)
(5.62397e-163 0 0)
(1.69898e-167 0 0)
(5.08498e-172 0 0)
(1.50843e-176 0 0)
(4.43671e-181 0 0)
(1.29437e-185 0 0)
(3.74681e-190 0 0)
(1.07649e-194 0 0)
(3.0707e-199 0 0)
(8.69885e-204 0 0)
(2.44793e-208 0 0)
(6.84479e-213 0 0)
(1.90215e-217 0 0)
(5.25475e-222 0 0)
(1.44336e-226 0 0)
(3.94272e-231 0 0)
(1.07128e-235 0 0)
(2.8958e-240 0 0)
(7.78881e-245 0 0)
(2.08488e-249 0 0)
(5.55475e-254 0 0)
(1.47328e-258 0 0)
(3.89052e-263 0 0)
(1.02302e-267 0 0)
(2.67903e-272 0 0)
(6.9879e-277 0 0)
(3.3365e-100 0 0)
(1.24349e-104 0 0)
(3.84059e-109 0 0)
(1.36027e-113 0 0)
(4.73253e-118 0 0)
(1.61911e-122 0 0)
(5.45272e-127 0 0)
(1.80924e-131 0 0)
(5.91957e-136 0 0)
(1.91129e-140 0 0)
(6.0941e-145 0 0)
(1.92009e-149 0 0)
(5.9817e-154 0 0)
(1.84356e-158 0 0)
(5.62397e-163 0 0)
(1.69898e-167 0 0)
(5.08498e-172 0 0)
(1.50843e-176 0 0)
(4.43671e-181 0 0)
(1.29437e-185 0 0)
(3.74681e-190 0 0)
(1.07649e-194 0 0)
(3.0707e-199 0 0)
(8.69885e-204 0 0)
(2.44793e-208 0 0)
(6.84479e-213 0 0)
(1.90215e-217 0 0)
(5.25475e-222 0 0)
(1.44336e-226 0 0)
(3.94272e-231 0 0)
(1.07128e-235 0 0)
(2.8958e-240 0 0)
(7.78881e-245 0 0)
(2.08488e-249 0 0)
(5.55475e-254 0 0)
(1.47328e-258 0 0)
(3.89052e-263 0 0)
(1.02302e-267 0 0)
(2.67903e-272 0 0)
(6.9879e-277 0 0)
(3.3365e-100 0 0)
(1.24349e-104 0 0)
(3.84059e-109 0 0)
(1.36027e-113 0 0)
(4.73253e-118 0 0)
(1.61911e-122 0 0)
(5.45272e-127 0 0)
(1.80924e-131 0 0)
(5.91957e-136 0 0)
(1.91129e-140 0 0)
(6.0941e-145 0 0)
(1.92009e-149 0 0)
(5.9817e-154 0 0)
(1.84356e-158 0 0)
(5.62397e-163 0 0)
(1.69898e-167 0 0)
(5.08498e-172 0 0)
(1.50843e-176 0 0)
(4.43671e-181 0 0)
(1.29437e-185 0 0)
(3.74681e-190 0 0)
(1.07649e-194 0 0)
(3.0707e-199 0 0)
(8.69885e-204 0 0)
(2.44793e-208 0 0)
(6.84479e-213 0 0)
(1.90215e-217 0 0)
(5.25475e-222 0 0)
(1.44336e-226 0 0)
(3.94272e-231 0 0)
(1.07128e-235 0 0)
(2.8958e-240 0 0)
(7.78881e-245 0 0)
(2.08488e-249 0 0)
(5.55475e-254 0 0)
(1.47328e-258 0 0)
(3.89052e-263 0 0)
(1.02302e-267 0 0)
(2.67903e-272 0 0)
(6.9879e-277 0 0)
(3.3365e-100 0 0)
(1.24349e-104 0 0)
(3.84059e-109 0 0)
(1.36027e-113 0 0)
(4.73253e-118 0 0)
(1.61911e-122 0 0)
(5.45272e-127 0 0)
(1.80924e-131 0 0)
(5.91957e-136 0 0)
(1.91129e-140 0 0)
(6.0941e-145 0 0)
(1.92009e-149 0 0)
(5.9817e-154 0 0)
(1.84356e-158 0 0)
(5.62397e-163 0 0)
(1.69898e-167 0 0)
(5.08498e-172 0 0)
(1.50843e-176 0 0)
(4.43671e-181 0 0)
(1.29437e-185 0 0)
(3.74681e-190 0 0)
(1.07649e-194 0 0)
(3.0707e-199 0 0)
(8.69885e-204 0 0)
(2.44793e-208 0 0)
(6.84479e-213 0 0)
(1.90215e-217 0 0)
(5.25475e-222 0 0)
(1.44336e-226 0 0)
(3.94272e-231 0 0)
(1.07128e-235 0 0)
(2.8958e-240 0 0)
(7.78881e-245 0 0)
(2.08488e-249 0 0)
(5.55475e-254 0 0)
(1.47328e-258 0 0)
(3.89052e-263 0 0)
(1.02302e-267 0 0)
(2.67903e-272 0 0)
(6.9879e-277 0 0)
(3.3365e-100 0 0)
(1.24349e-104 0 0)
(3.84059e-109 0 0)
(1.36027e-113 0 0)
(4.73253e-118 0 0)
(1.61911e-122 0 0)
(5.45272e-127 0 0)
(1.80924e-131 0 0)
(5.91957e-136 0 0)
(1.91129e-140 0 0)
(6.0941e-145 0 0)
(1.92009e-149 0 0)
(5.9817e-154 0 0)
(1.84356e-158 0 0)
(5.62397e-163 0 0)
(1.69898e-167 0 0)
(5.08498e-172 0 0)
(1.50843e-176 0 0)
(4.43671e-181 0 0)
(1.29437e-185 0 0)
(3.74681e-190 0 0)
(1.07649e-194 0 0)
(3.0707e-199 0 0)
(8.69885e-204 0 0)
(2.44793e-208 0 0)
(6.84479e-213 0 0)
(1.90215e-217 0 0)
(5.25475e-222 0 0)
(1.44336e-226 0 0)
(3.94272e-231 0 0)
(1.07128e-235 0 0)
(2.8958e-240 0 0)
(7.78881e-245 0 0)
(2.08488e-249 0 0)
(5.55475e-254 0 0)
(1.47328e-258 0 0)
(3.89052e-263 0 0)
(1.02302e-267 0 0)
(2.67903e-272 0 0)
(6.9879e-277 0 0)
(3.3365e-100 0 0)
(1.24349e-104 0 0)
(3.84059e-109 0 0)
(1.36027e-113 0 0)
(4.73253e-118 0 0)
(1.61911e-122 0 0)
(5.45272e-127 0 0)
(1.80924e-131 0 0)
(5.91957e-136 0 0)
(1.91129e-140 0 0)
(6.0941e-145 0 0)
(1.92009e-149 0 0)
(5.9817e-154 0 0)
(1.84356e-158 0 0)
(5.62397e-163 0 0)
(1.69898e-167 0 0)
(5.08498e-172 0 0)
(1.50843e-176 0 0)
(4.43671e-181 0 0)
(1.29437e-185 0 0)
(3.74681e-190 0 0)
(1.07649e-194 0 0)
(3.0707e-199 0 0)
(8.69885e-204 0 0)
(2.44793e-208 0 0)
(6.84479e-213 0 0)
(1.90215e-217 0 0)
(5.25475e-222 0 0)
(1.44336e-226 0 0)
(3.94272e-231 0 0)
(1.07128e-235 0 0)
(2.8958e-240 0 0)
(7.78881e-245 0 0)
(2.08488e-249 0 0)
(5.55475e-254 0 0)
(1.47328e-258 0 0)
(3.89052e-263 0 0)
(1.02302e-267 0 0)
(2.67903e-272 0 0)
(6.9879e-277 0 0)
(3.3365e-100 0 0)
(1.24349e-104 0 0)
(3.84059e-109 0 0)
(1.36027e-113 0 0)
(4.73253e-118 0 0)
(1.61911e-122 0 0)
(5.45272e-127 0 0)
(1.80924e-131 0 0)
(5.91957e-136 0 0)
(1.91129e-140 0 0)
(6.0941e-145 0 0)
(1.92009e-149 0 0)
(5.9817e-154 0 0)
(1.84356e-158 0 0)
(5.62397e-163 0 0)
(1.69898e-167 0 0)
(5.08498e-172 0 0)
(1.50843e-176 0 0)
(4.43671e-181 0 0)
(1.29437e-185 0 0)
(3.74681e-190 0 0)
(1.07649e-194 0 0)
(3.0707e-199 0 0)
(8.69885e-204 0 0)
(2.44793e-208 0 0)
(6.84479e-213 0 0)
(1.90215e-217 0 0)
(5.25475e-222 0 0)
(1.44336e-226 0 0)
(3.94272e-231 0 0)
(1.07128e-235 0 0)
(2.8958e-240 0 0)
(7.78881e-245 0 0)
(2.08488e-249 0 0)
(5.55475e-254 0 0)
(1.47328e-258 0 0)
(3.89052e-263 0 0)
(1.02302e-267 0 0)
(2.67903e-272 0 0)
(6.9879e-277 0 0)
(3.3365e-100 0 0)
(1.24349e-104 0 0)
(3.84059e-109 0 0)
(1.36027e-113 0 0)
(4.73253e-118 0 0)
(1.61911e-122 0 0)
(5.45272e-127 0 0)
(1.80924e-131 0 0)
(5.91957e-136 0 0)
(1.91129e-140 0 0)
(6.0941e-145 0 0)
(1.92009e-149 0 0)
(5.9817e-154 0 0)
(1.84356e-158 0 0)
(5.62397e-163 0 0)
(1.69898e-167 0 0)
(5.08498e-172 0 0)
(1.50843e-176 0 0)
(4.43671e-181 0 0)
(1.29437e-185 0 0)
(3.74681e-190 0 0)
(1.07649e-194 0 0)
(3.0707e-199 0 0)
(8.69885e-204 0 0)
(2.44793e-208 0 0)
(6.84479e-213 0 0)
(1.90215e-217 0 0)
(5.25475e-222 0 0)
(1.44336e-226 0 0)
(3.94272e-231 0 0)
(1.07128e-235 0 0)
(2.8958e-240 0 0)
(7.78881e-245 0 0)
(2.08488e-249 0 0)
(5.55475e-254 0 0)
(1.47328e-258 0 0)
(3.89052e-263 0 0)
(1.02302e-267 0 0)
(2.67903e-272 0 0)
(6.9879e-277 0 0)
(3.3365e-100 0 0)
(1.24349e-104 0 0)
(3.84059e-109 0 0)
(1.36027e-113 0 0)
(4.73253e-118 0 0)
(1.61911e-122 0 0)
(5.45272e-127 0 0)
(1.80924e-131 0 0)
(5.91957e-136 0 0)
(1.91129e-140 0 0)
(6.0941e-145 0 0)
(1.92009e-149 0 0)
(5.9817e-154 0 0)
(1.84356e-158 0 0)
(5.62397e-163 0 0)
(1.69898e-167 0 0)
(5.08498e-172 0 0)
(1.50843e-176 0 0)
(4.43671e-181 0 0)
(1.29437e-185 0 0)
(3.74681e-190 0 0)
(1.07649e-194 0 0)
(3.0707e-199 0 0)
(8.69885e-204 0 0)
(2.44793e-208 0 0)
(6.84479e-213 0 0)
(1.90215e-217 0 0)
(5.25475e-222 0 0)
(1.44336e-226 0 0)
(3.94272e-231 0 0)
(1.07128e-235 0 0)
(2.8958e-240 0 0)
(7.78881e-245 0 0)
(2.08488e-249 0 0)
(5.55475e-254 0 0)
(1.47328e-258 0 0)
(3.89052e-263 0 0)
(1.02302e-267 0 0)
(2.67903e-272 0 0)
(6.9879e-277 0 0)
(3.3365e-100 0 0)
(1.24349e-104 0 0)
(3.84059e-109 0 0)
(1.36027e-113 0 0)
(4.73253e-118 0 0)
(1.61911e-122 0 0)
(5.45272e-127 0 0)
(1.80924e-131 0 0)
(5.91957e-136 0 0)
(1.91129e-140 0 0)
(6.0941e-145 0 0)
(1.92009e-149 0 0)
(5.9817e-154 0 0)
(1.84356e-158 0 0)
(5.62397e-163 0 0)
(1.69898e-167 0 0)
(5.08498e-172 0 0)
(1.50843e-176 0 0)
(4.43671e-181 0 0)
(1.29437e-185 0 0)
(3.74681e-190 0 0)
(1.07649e-194 0 0)
(3.0707e-199 0 0)
(8.69885e-204 0 0)
(2.44793e-208 0 0)
(6.84479e-213 0 0)
(1.90215e-217 0 0)
(5.25475e-222 0 0)
(1.44336e-226 0 0)
(3.94272e-231 0 0)
(1.07128e-235 0 0)
(2.8958e-240 0 0)
(7.78881e-245 0 0)
(2.08488e-249 0 0)
(5.55475e-254 0 0)
(1.47328e-258 0 0)
(3.89052e-263 0 0)
(1.02302e-267 0 0)
(2.67903e-272 0 0)
(6.9879e-277 0 0)
(3.3365e-100 0 0)
(1.24349e-104 0 0)
(3.84059e-109 0 0)
(1.36027e-113 0 0)
(4.73253e-118 0 0)
(1.61911e-122 0 0)
(5.45272e-127 0 0)
(1.80924e-131 0 0)
(5.91957e-136 0 0)
(1.91129e-140 0 0)
(6.0941e-145 0 0)
(1.92009e-149 0 0)
(5.9817e-154 0 0)
(1.84356e-158 0 0)
(5.62397e-163 0 0)
(1.69898e-167 0 0)
(5.08498e-172 0 0)
(1.50843e-176 0 0)
(4.43671e-181 0 0)
(1.29437e-185 0 0)
(3.74681e-190 0 0)
(1.07649e-194 0 0)
(3.0707e-199 0 0)
(8.69885e-204 0 0)
(2.44793e-208 0 0)
(6.84479e-213 0 0)
(1.90215e-217 0 0)
(5.25475e-222 0 0)
(1.44336e-226 0 0)
(3.94272e-231 0 0)
(1.07128e-235 0 0)
(2.8958e-240 0 0)
(7.78881e-245 0 0)
(2.08488e-249 0 0)
(5.55475e-254 0 0)
(1.47328e-258 0 0)
(3.89052e-263 0 0)
(1.02302e-267 0 0)
(2.67903e-272 0 0)
(6.9879e-277 0 0)
(3.3365e-100 0 0)
(1.24349e-104 0 0)
(3.84059e-109 0 0)
(1.36027e-113 0 0)
(4.73253e-118 0 0)
(1.61911e-122 0 0)
(5.45272e-127 0 0)
(1.80924e-131 0 0)
(5.91957e-136 0 0)
(1.91129e-140 0 0)
(6.0941e-145 0 0)
(1.92009e-149 0 0)
(5.9817e-154 0 0)
(1.84356e-158 0 0)
(5.62397e-163 0 0)
(1.69898e-167 0 0)
(5.08498e-172 0 0)
(1.50843e-176 0 0)
(4.43671e-181 0 0)
(1.29437e-185 0 0)
(3.74681e-190 0 0)
(1.07649e-194 0 0)
(3.0707e-199 0 0)
(8.69885e-204 0 0)
(2.44793e-208 0 0)
(6.84479e-213 0 0)
(1.90215e-217 0 0)
(5.25475e-222 0 0)
(1.44336e-226 0 0)
(3.94272e-231 0 0)
(1.07128e-235 0 0)
(2.8958e-240 0 0)
(7.78881e-245 0 0)
(2.08488e-249 0 0)
(5.55475e-254 0 0)
(1.47328e-258 0 0)
(3.89052e-263 0 0)
(1.02302e-267 0 0)
(2.67903e-272 0 0)
(6.9879e-277 0 0)
(3.3365e-100 0 0)
(1.24349e-104 0 0)
(3.84059e-109 0 0)
(1.36027e-113 0 0)
(4.73253e-118 0 0)
(1.61911e-122 0 0)
(5.45272e-127 0 0)
(1.80924e-131 0 0)
(5.91957e-136 0 0)
(1.91129e-140 0 0)
(6.0941e-145 0 0)
(1.92009e-149 0 0)
(5.9817e-154 0 0)
(1.84356e-158 0 0)
(5.62397e-163 0 0)
(1.69898e-167 0 0)
(5.08498e-172 0 0)
(1.50843e-176 0 0)
(4.43671e-181 0 0)
(1.29437e-185 0 0)
(3.74681e-190 0 0)
(1.07649e-194 0 0)
(3.0707e-199 0 0)
(8.69885e-204 0 0)
(2.44793e-208 0 0)
(6.84479e-213 0 0)
(1.90215e-217 0 0)
(5.25475e-222 0 0)
(1.44336e-226 0 0)
(3.94272e-231 0 0)
(1.07128e-235 0 0)
(2.8958e-240 0 0)
(7.78881e-245 0 0)
(2.08488e-249 0 0)
(5.55475e-254 0 0)
(1.47328e-258 0 0)
(3.89052e-263 0 0)
(1.02302e-267 0 0)
(2.67903e-272 0 0)
(6.9879e-277 0 0)
(3.3365e-100 0 0)
(1.24349e-104 0 0)
(3.84059e-109 0 0)
(1.36027e-113 0 0)
(4.73253e-118 0 0)
(1.61911e-122 0 0)
(5.45272e-127 0 0)
(1.80924e-131 0 0)
(5.91957e-136 0 0)
(1.91129e-140 0 0)
(6.0941e-145 0 0)
(1.92009e-149 0 0)
(5.9817e-154 0 0)
(1.84356e-158 0 0)
(5.62397e-163 0 0)
(1.69898e-167 0 0)
(5.08498e-172 0 0)
(1.50843e-176 0 0)
(4.43671e-181 0 0)
(1.29437e-185 0 0)
(3.74681e-190 0 0)
(1.07649e-194 0 0)
(3.0707e-199 0 0)
(8.69885e-204 0 0)
(2.44793e-208 0 0)
(6.84479e-213 0 0)
(1.90215e-217 0 0)
(5.25475e-222 0 0)
(1.44336e-226 0 0)
(3.94272e-231 0 0)
(1.07128e-235 0 0)
(2.8958e-240 0 0)
(7.78881e-245 0 0)
(2.08488e-249 0 0)
(5.55475e-254 0 0)
(1.47328e-258 0 0)
(3.89052e-263 0 0)
(1.02302e-267 0 0)
(2.67903e-272 0 0)
(6.9879e-277 0 0)
(3.3365e-100 0 0)
(1.24349e-104 0 0)
(3.84059e-109 0 0)
(1.36027e-113 0 0)
(4.73253e-118 0 0)
(1.61911e-122 0 0)
(5.45272e-127 0 0)
(1.80924e-131 0 0)
(5.91957e-136 0 0)
(1.91129e-140 0 0)
(6.0941e-145 0 0)
(1.92009e-149 0 0)
(5.9817e-154 0 0)
(1.84356e-158 0 0)
(5.62397e-163 0 0)
(1.69898e-167 0 0)
(5.08498e-172 0 0)
(1.50843e-176 0 0)
(4.43671e-181 0 0)
(1.29437e-185 0 0)
(3.74681e-190 0 0)
(1.07649e-194 0 0)
(3.0707e-199 0 0)
(8.69885e-204 0 0)
(2.44793e-208 0 0)
(6.84479e-213 0 0)
(1.90215e-217 0 0)
(5.25475e-222 0 0)
(1.44336e-226 0 0)
(3.94272e-231 0 0)
(1.07128e-235 0 0)
(2.8958e-240 0 0)
(7.78881e-245 0 0)
(2.08488e-249 0 0)
(5.55475e-254 0 0)
(1.47328e-258 0 0)
(3.89052e-263 0 0)
(1.02302e-267 0 0)
(2.67903e-272 0 0)
(6.9879e-277 0 0)
(3.3365e-100 0 0)
(1.24349e-104 0 0)
(3.84059e-109 0 0)
(1.36027e-113 0 0)
(4.73253e-118 0 0)
(1.61911e-122 0 0)
(5.45272e-127 0 0)
(1.80924e-131 0 0)
(5.91957e-136 0 0)
(1.91129e-140 0 0)
(6.0941e-145 0 0)
(1.92009e-149 0 0)
(5.9817e-154 0 0)
(1.84356e-158 0 0)
(5.62397e-163 0 0)
(1.69898e-167 0 0)
(5.08498e-172 0 0)
(1.50843e-176 0 0)
(4.43671e-181 0 0)
(1.29437e-185 0 0)
(3.74681e-190 0 0)
(1.07649e-194 0 0)
(3.0707e-199 0 0)
(8.69885e-204 0 0)
(2.44793e-208 0 0)
(6.84479e-213 0 0)
(1.90215e-217 0 0)
(5.25475e-222 0 0)
(1.44336e-226 0 0)
(3.94272e-231 0 0)
(1.07128e-235 0 0)
(2.8958e-240 0 0)
(7.78881e-245 0 0)
(2.08488e-249 0 0)
(5.55475e-254 0 0)
(1.47328e-258 0 0)
(3.89052e-263 0 0)
(1.02302e-267 0 0)
(2.67903e-272 0 0)
(6.9879e-277 0 0)
(3.3365e-100 0 0)
(1.24349e-104 0 0)
(3.84059e-109 0 0)
(1.36027e-113 0 0)
(4.73253e-118 0 0)
(1.61911e-122 0 0)
(5.45272e-127 0 0)
(1.80924e-131 0 0)
(5.91957e-136 0 0)
(1.91129e-140 0 0)
(6.0941e-145 0 0)
(1.92009e-149 0 0)
(5.9817e-154 0 0)
(1.84356e-158 0 0)
(5.62397e-163 0 0)
(1.69898e-167 0 0)
(5.08498e-172 0 0)
(1.50843e-176 0 0)
(4.43671e-181 0 0)
(1.29437e-185 0 0)
(3.74681e-190 0 0)
(1.07649e-194 0 0)
(3.0707e-199 0 0)
(8.69885e-204 0 0)
(2.44793e-208 0 0)
(6.84479e-213 0 0)
(1.90215e-217 0 0)
(5.25475e-222 0 0)
(1.44336e-226 0 0)
(3.94272e-231 0 0)
(1.07128e-235 0 0)
(2.8958e-240 0 0)
(7.78881e-245 0 0)
(2.08488e-249 0 0)
(5.55475e-254 0 0)
(1.47328e-258 0 0)
(3.89052e-263 0 0)
(1.02302e-267 0 0)
(2.67903e-272 0 0)
(6.9879e-277 0 0)
(3.3365e-100 0 0)
(1.24349e-104 0 0)
(3.84059e-109 0 0)
(1.36027e-113 0 0)
(4.73253e-118 0 0)
(1.61911e-122 0 0)
(5.45272e-127 0 0)
(1.80924e-131 0 0)
(5.91957e-136 0 0)
(1.91129e-140 0 0)
(6.0941e-145 0 0)
(1.92009e-149 0 0)
(5.9817e-154 0 0)
(1.84356e-158 0 0)
(5.62397e-163 0 0)
(1.69898e-167 0 0)
(5.08498e-172 0 0)
(1.50843e-176 0 0)
(4.43671e-181 0 0)
(1.29437e-185 0 0)
(3.74681e-190 0 0)
(1.07649e-194 0 0)
(3.0707e-199 0 0)
(8.69885e-204 0 0)
(2.44793e-208 0 0)
(6.84479e-213 0 0)
(1.90215e-217 0 0)
(5.25475e-222 0 0)
(1.44336e-226 0 0)
(3.94272e-231 0 0)
(1.07128e-235 0 0)
(2.8958e-240 0 0)
(7.78881e-245 0 0)
(2.08488e-249 0 0)
(5.55475e-254 0 0)
(1.47328e-258 0 0)
(3.89052e-263 0 0)
(1.02302e-267 0 0)
(2.67903e-272 0 0)
(6.9879e-277 0 0)
(3.3365e-100 0 0)
(1.24349e-104 0 0)
(3.84059e-109 0 0)
(1.36027e-113 0 0)
(4.73253e-118 0 0)
(1.61911e-122 0 0)
(5.45272e-127 0 0)
(1.80924e-131 0 0)
(5.91957e-136 0 0)
(1.91129e-140 0 0)
(6.0941e-145 0 0)
(1.92009e-149 0 0)
(5.9817e-154 0 0)
(1.84356e-158 0 0)
(5.62397e-163 0 0)
(1.69898e-167 0 0)
(5.08498e-172 0 0)
(1.50843e-176 0 0)
(4.43671e-181 0 0)
(1.29437e-185 0 0)
(3.74681e-190 0 0)
(1.07649e-194 0 0)
(3.0707e-199 0 0)
(8.69885e-204 0 0)
(2.44793e-208 0 0)
(6.84479e-213 0 0)
(1.90215e-217 0 0)
(5.25475e-222 0 0)
(1.44336e-226 0 0)
(3.94272e-231 0 0)
(1.07128e-235 0 0)
(2.8958e-240 0 0)
(7.78881e-245 0 0)
(2.08488e-249 0 0)
(5.55475e-254 0 0)
(1.47328e-258 0 0)
(3.89052e-263 0 0)
(1.02302e-267 0 0)
(2.67903e-272 0 0)
(6.9879e-277 0 0)
(3.3365e-100 0 0)
(1.24349e-104 0 0)
(3.84059e-109 0 0)
(1.36027e-113 0 0)
(4.73253e-118 0 0)
(1.61911e-122 0 0)
(5.45272e-127 0 0)
(1.80924e-131 0 0)
(5.91957e-136 0 0)
(1.91129e-140 0 0)
(6.0941e-145 0 0)
(1.92009e-149 0 0)
(5.9817e-154 0 0)
(1.84356e-158 0 0)
(5.62397e-163 0 0)
(1.69898e-167 0 0)
(5.08498e-172 0 0)
(1.50843e-176 0 0)
(4.43671e-181 0 0)
(1.29437e-185 0 0)
(3.74681e-190 0 0)
(1.07649e-194 0 0)
(3.0707e-199 0 0)
(8.69885e-204 0 0)
(2.44793e-208 0 0)
(6.84479e-213 0 0)
(1.90215e-217 0 0)
(5.25475e-222 0 0)
(1.44336e-226 0 0)
(3.94272e-231 0 0)
(1.07128e-235 0 0)
(2.8958e-240 0 0)
(7.78881e-245 0 0)
(2.08488e-249 0 0)
(5.55475e-254 0 0)
(1.47328e-258 0 0)
(3.89052e-263 0 0)
(1.02302e-267 0 0)
(2.67903e-272 0 0)
(6.9879e-277 0 0)
(3.3365e-100 0 0)
(1.24349e-104 0 0)
(3.84059e-109 0 0)
(1.36027e-113 0 0)
(4.73253e-118 0 0)
(1.61911e-122 0 0)
(5.45272e-127 0 0)
(1.80924e-131 0 0)
(5.91957e-136 0 0)
(1.91129e-140 0 0)
(6.0941e-145 0 0)
(1.92009e-149 0 0)
(5.9817e-154 0 0)
(1.84356e-158 0 0)
(5.62397e-163 0 0)
(1.69898e-167 0 0)
(5.08498e-172 0 0)
(1.50843e-176 0 0)
(4.43671e-181 0 0)
(1.29437e-185 0 0)
(3.74681e-190 0 0)
(1.07649e-194 0 0)
(3.0707e-199 0 0)
(8.69885e-204 0 0)
(2.44793e-208 0 0)
(6.84479e-213 0 0)
(1.90215e-217 0 0)
(5.25475e-222 0 0)
(1.44336e-226 0 0)
(3.94272e-231 0 0)
(1.07128e-235 0 0)
(2.8958e-240 0 0)
(7.78881e-245 0 0)
(2.08488e-249 0 0)
(5.55475e-254 0 0)
(1.47328e-258 0 0)
(3.89052e-263 0 0)
(1.02302e-267 0 0)
(2.67903e-272 0 0)
(6.9879e-277 0 0)
(3.3365e-100 0 0)
(1.24349e-104 0 0)
(3.84059e-109 0 0)
(1.36027e-113 0 0)
(4.73253e-118 0 0)
(1.61911e-122 0 0)
(5.45272e-127 0 0)
(1.80924e-131 0 0)
(5.91957e-136 0 0)
(1.91129e-140 0 0)
(6.0941e-145 0 0)
(1.92009e-149 0 0)
(5.9817e-154 0 0)
(1.84356e-158 0 0)
(5.62397e-163 0 0)
(1.69898e-167 0 0)
(5.08498e-172 0 0)
(1.50843e-176 0 0)
(4.43671e-181 0 0)
(1.29437e-185 0 0)
(3.74681e-190 0 0)
(1.07649e-194 0 0)
(3.0707e-199 0 0)
(8.69885e-204 0 0)
(2.44793e-208 0 0)
(6.84479e-213 0 0)
(1.90215e-217 0 0)
(5.25475e-222 0 0)
(1.44336e-226 0 0)
(3.94272e-231 0 0)
(1.07128e-235 0 0)
(2.8958e-240 0 0)
(7.78881e-245 0 0)
(2.08488e-249 0 0)
(5.55475e-254 0 0)
(1.47328e-258 0 0)
(3.89052e-263 0 0)
(1.02302e-267 0 0)
(2.67903e-272 0 0)
(6.9879e-277 0 0)
(3.3365e-100 0 0)
(1.24349e-104 0 0)
(3.84059e-109 0 0)
(1.36027e-113 0 0)
(4.73253e-118 0 0)
(1.61911e-122 0 0)
(5.45272e-127 0 0)
(1.80924e-131 0 0)
(5.91957e-136 0 0)
(1.91129e-140 0 0)
(6.0941e-145 0 0)
(1.92009e-149 0 0)
(5.9817e-154 0 0)
(1.84356e-158 0 0)
(5.62397e-163 0 0)
(1.69898e-167 0 0)
(5.08498e-172 0 0)
(1.50843e-176 0 0)
(4.43671e-181 0 0)
(1.29437e-185 0 0)
(3.74681e-190 0 0)
(1.07649e-194 0 0)
(3.0707e-199 0 0)
(8.69885e-204 0 0)
(2.44793e-208 0 0)
(6.84479e-213 0 0)
(1.90215e-217 0 0)
(5.25475e-222 0 0)
(1.44336e-226 0 0)
(3.94272e-231 0 0)
(1.07128e-235 0 0)
(2.8958e-240 0 0)
(7.78881e-245 0 0)
(2.08488e-249 0 0)
(5.55475e-254 0 0)
(1.47328e-258 0 0)
(3.89052e-263 0 0)
(1.02302e-267 0 0)
(2.67903e-272 0 0)
(6.9879e-277 0 0)
(3.3365e-100 0 0)
(1.24349e-104 0 0)
(3.84059e-109 0 0)
(1.36027e-113 0 0)
(4.73253e-118 0 0)
(1.61911e-122 0 0)
(5.45272e-127 0 0)
(1.80924e-131 0 0)
(5.91957e-136 0 0)
(1.91129e-140 0 0)
(6.0941e-145 0 0)
(1.92009e-149 0 0)
(5.9817e-154 0 0)
(1.84356e-158 0 0)
(5.62397e-163 0 0)
(1.69898e-167 0 0)
(5.08498e-172 0 0)
(1.50843e-176 0 0)
(4.43671e-181 0 0)
(1.29437e-185 0 0)
(3.74681e-190 0 0)
(1.07649e-194 0 0)
(3.0707e-199 0 0)
(8.69885e-204 0 0)
(2.44793e-208 0 0)
(6.84479e-213 0 0)
(1.90215e-217 0 0)
(5.25475e-222 0 0)
(1.44336e-226 0 0)
(3.94272e-231 0 0)
(1.07127e-235 0 0)
(2.8958e-240 0 0)
(7.78881e-245 0 0)
(2.08488e-249 0 0)
(5.55475e-254 0 0)
(1.47328e-258 0 0)
(3.89052e-263 0 0)
(1.02302e-267 0 0)
(2.67903e-272 0 0)
(6.9879e-277 0 0)
(3.3353e-100 0 0)
(1.24305e-104 0 0)
(3.83929e-109 0 0)
(1.35982e-113 0 0)
(4.73099e-118 0 0)
(1.6186e-122 0 0)
(5.45101e-127 0 0)
(1.80868e-131 0 0)
(5.91778e-136 0 0)
(1.91072e-140 0 0)
(6.09231e-145 0 0)
(1.91954e-149 0 0)
(5.98e-154 0 0)
(1.84304e-158 0 0)
(5.62241e-163 0 0)
(1.69852e-167 0 0)
(5.08361e-172 0 0)
(1.50802e-176 0 0)
(4.43554e-181 0 0)
(1.29403e-185 0 0)
(3.74585e-190 0 0)
(1.07622e-194 0 0)
(3.06993e-199 0 0)
(8.69668e-204 0 0)
(2.44733e-208 0 0)
(6.84311e-213 0 0)
(1.90169e-217 0 0)
(5.25349e-222 0 0)
(1.44301e-226 0 0)
(3.94178e-231 0 0)
(1.07102e-235 0 0)
(2.89512e-240 0 0)
(7.78701e-245 0 0)
(2.0844e-249 0 0)
(5.55349e-254 0 0)
(1.47295e-258 0 0)
(3.88965e-263 0 0)
(1.0228e-267 0 0)
(2.67844e-272 0 0)
(6.98636e-277 0 0)
(3.33505e-100 0 0)
(1.24288e-104 0 0)
(3.83845e-109 0 0)
(1.35944e-113 0 0)
(4.72936e-118 0 0)
(1.61795e-122 0 0)
(5.44851e-127 0 0)
(1.80776e-131 0 0)
(5.91443e-136 0 0)
(1.90954e-140 0 0)
(6.08826e-145 0 0)
(1.91817e-149 0 0)
(5.97545e-154 0 0)
(1.84155e-158 0 0)
(5.61762e-163 0 0)
(1.697e-167 0 0)
(5.07884e-172 0 0)
(1.50654e-176 0 0)
(4.431e-181 0 0)
(1.29265e-185 0 0)
(3.74171e-190 0 0)
(1.07499e-194 0 0)
(3.0663e-199 0 0)
(8.68608e-204 0 0)
(2.44425e-208 0 0)
(6.83426e-213 0 0)
(1.89916e-217 0 0)
(5.24632e-222 0 0)
(1.44099e-226 0 0)
(3.93612e-231 0 0)
(1.06945e-235 0 0)
(2.89077e-240 0 0)
(7.77504e-245 0 0)
(2.08113e-249 0 0)
(5.54458e-254 0 0)
(1.47054e-258 0 0)
(3.88316e-263 0 0)
(1.02106e-267 0 0)
(2.6738e-272 0 0)
(6.97404e-277 0 0)
(0.000199937 0 0)
(1.04958e-08 0 0)
(3.84823e-13 0 0)
(1.10632e-17 0 0)
(2.65506e-22 0 0)
(5.53119e-27 0 0)
(1.02719e-31 0 0)
(1.73333e-36 0 0)
(2.69621e-41 0 0)
(3.90939e-46 0 0)
(5.33083e-51 0 0)
(6.88546e-56 0 0)
(8.47418e-61 0 0)
(9.98715e-66 0 0)
(1.13185e-70 0 0)
(1.23792e-75 0 0)
(1.31071e-80 0 0)
(1.34708e-85 0 0)
(1.34704e-90 0 0)
(1.31332e-95 0 0)
(0.000199958 0 0)
(1.04973e-08 0 0)
(3.84889e-13 0 0)
(1.10653e-17 0 0)
(2.65561e-22 0 0)
(5.53242e-27 0 0)
(1.02743e-31 0 0)
(1.73376e-36 0 0)
(2.69691e-41 0 0)
(3.91045e-46 0 0)
(5.33235e-51 0 0)
(6.8875e-56 0 0)
(8.47678e-61 0 0)
(9.99032e-66 0 0)
(1.13222e-70 0 0)
(1.23834e-75 0 0)
(1.31116e-80 0 0)
(1.34756e-85 0 0)
(1.34754e-90 0 0)
(1.31383e-95 0 0)
(0.000199958 0 0)
(1.04973e-08 0 0)
(3.84889e-13 0 0)
(1.10653e-17 0 0)
(2.65561e-22 0 0)
(5.53242e-27 0 0)
(1.02743e-31 0 0)
(1.73376e-36 0 0)
(2.69691e-41 0 0)
(3.91045e-46 0 0)
(5.33235e-51 0 0)
(6.8875e-56 0 0)
(8.47678e-61 0 0)
(9.99032e-66 0 0)
(1.13222e-70 0 0)
(1.23834e-75 0 0)
(1.31116e-80 0 0)
(1.34756e-85 0 0)
(1.34754e-90 0 0)
(1.31383e-95 0 0)
(0.000199958 0 0)
(1.04973e-08 0 0)
(3.84889e-13 0 0)
(1.10653e-17 0 0)
(2.65561e-22 0 0)
(5.53242e-27 0 0)
(1.02743e-31 0 0)
(1.73376e-36 0 0)
(2.69691e-41 0 0)
(3.91045e-46 0 0)
(5.33235e-51 0 0)
(6.8875e-56 0 0)
(8.47678e-61 0 0)
(9.99032e-66 0 0)
(1.13222e-70 0 0)
(1.23834e-75 0 0)
(1.31116e-80 0 0)
(1.34756e-85 0 0)
(1.34754e-90 0 0)
(1.31383e-95 0 0)
(0.000199958 0 0)
(1.04973e-08 0 0)
(3.84889e-13 0 0)
(1.10653e-17 0 0)
(2.65561e-22 0 0)
(5.53242e-27 0 0)
(1.02743e-31 0 0)
(1.73376e-36 0 0)
(2.69691e-41 0 0)
(3.91045e-46 0 0)
(5.33235e-51 0 0)
(6.8875e-56 0 0)
(8.47678e-61 0 0)
(9.99032e-66 0 0)
(1.13222e-70 0 0)
(1.23834e-75 0 0)
(1.31116e-80 0 0)
(1.34756e-85 0 0)
(1.34754e-90 0 0)
(1.31383e-95 0 0)
(0.000199958 0 0)
(1.04973e-08 0 0)
(3.84889e-13 0 0)
(1.10653e-17 0 0)
(2.65561e-22 0 0)
(5.53242e-27 0 0)
(1.02743e-31 0 0)
(1.73376e-36 0 0)
(2.69691e-41 0 0)
(3.91045e-46 0 0)
(5.33235e-51 0 0)
(6.8875e-56 0 0)
(8.47678e-61 0 0)
(9.99032e-66 0 0)
(1.13222e-70 0 0)
(1.23834e-75 0 0)
(1.31116e-80 0 0)
(1.34756e-85 0 0)
(1.34754e-90 0 0)
(1.31383e-95 0 0)
(0.000199958 0 0)
(1.04973e-08 0 0)
(3.84889e-13 0 0)
(1.10653e-17 0 0)
(2.65561e-22 0 0)
(5.53242e-27 0 0)
(1.02743e-31 0 0)
(1.73376e-36 0 0)
(2.69691e-41 0 0)
(3.91045e-46 0 0)
(5.33235e-51 0 0)
(6.8875e-56 0 0)
(8.47678e-61 0 0)
(9.99032e-66 0 0)
(1.13222e-70 0 0)
(1.23834e-75 0 0)
(1.31116e-80 0 0)
(1.34756e-85 0 0)
(1.34754e-90 0 0)
(1.31383e-95 0 0)
(0.000199958 0 0)
(1.04973e-08 0 0)
(3.84889e-13 0 0)
(1.10653e-17 0 0)
(2.65561e-22 0 0)
(5.53242e-27 0 0)
(1.02743e-31 0 0)
(1.73376e-36 0 0)
(2.69691e-41 0 0)
(3.91045e-46 0 0)
(5.33235e-51 0 0)
(6.8875e-56 0 0)
(8.47678e-61 0 0)
(9.99032e-66 0 0)
(1.13222e-70 0 0)
(1.23834e-75 0 0)
(1.31116e-80 0 0)
(1.34756e-85 0 0)
(1.34754e-90 0 0)
(1.31383e-95 0 0)
(0.000199958 0 0)
(1.04973e-08 0 0)
(3.84889e-13 0 0)
(1.10653e-17 0 0)
(2.65561e-22 0 0)
(5.53242e-27 0 0)
(1.02743e-31 0 0)
(1.73376e-36 0 0)
(2.69691e-41 0 0)
(3.91045e-46 0 0)
(5.33235e-51 0 0)
(6.8875e-56 0 0)
(8.47678e-61 0 0)
(9.99032e-66 0 0)
(1.13222e-70 0 0)
(1.23834e-75 0 0)
(1.31116e-80 0 0)
(1.34756e-85 0 0)
(1.34754e-90 0 0)
(1.31383e-95 0 0)
(0.000199958 0 0)
(1.04973e-08 0 0)
(3.84889e-13 0 0)
(1.10653e-17 0 0)
(2.65561e-22 0 0)
(5.53242e-27 0 0)
(1.02743e-31 0 0)
(1.73376e-36 0 0)
(2.69691e-41 0 0)
(3.91045e-46 0 0)
(5.33235e-51 0 0)
(6.8875e-56 0 0)
(8.47678e-61 0 0)
(9.99032e-66 0 0)
(1.13222e-70 0 0)
(1.23834e-75 0 0)
(1.31116e-80 0 0)
(1.34756e-85 0 0)
(1.34754e-90 0 0)
(1.31383e-95 0 0)
(0.000199958 0 0)
(1.04973e-08 0 0)
(3.84889e-13 0 0)
(1.10653e-17 0 0)
(2.65561e-22 0 0)
(5.53242e-27 0 0)
(1.02743e-31 0 0)
(1.73376e-36 0 0)
(2.69691e-41 0 0)
(3.91045e-46 0 0)
(5.33235e-51 0 0)
(6.8875e-56 0 0)
(8.47678e-61 0 0)
(9.99032e-66 0 0)
(1.13222e-70 0 0)
(1.23834e-75 0 0)
(1.31116e-80 0 0)
(1.34756e-85 0 0)
(1.34754e-90 0 0)
(1.31383e-95 0 0)
(0.000199958 0 0)
(1.04973e-08 0 0)
(3.84889e-13 0 0)
(1.10653e-17 0 0)
(2.65561e-22 0 0)
(5.53242e-27 0 0)
(1.02743e-31 0 0)
(1.73376e-36 0 0)
(2.69691e-41 0 0)
(3.91045e-46 0 0)
(5.33235e-51 0 0)
(6.8875e-56 0 0)
(8.47678e-61 0 0)
(9.99032e-66 0 0)
(1.13222e-70 0 0)
(1.23834e-75 0 0)
(1.31116e-80 0 0)
(1.34756e-85 0 0)
(1.34754e-90 0 0)
(1.31383e-95 0 0)
(0.000199958 0 0)
(1.04973e-08 0 0)
(3.84889e-13 0 0)
(1.10653e-17 0 0)
(2.65561e-22 0 0)
(5.53242e-27 0 0)
(1.02743e-31 0 0)
(1.73376e-36 0 0)
(2.69691e-41 0 0)
(3.91045e-46 0 0)
(5.33235e-51 0 0)
(6.8875e-56 0 0)
(8.47678e-61 0 0)
(9.99032e-66 0 0)
(1.13222e-70 0 0)
(1.23834e-75 0 0)
(1.31116e-80 0 0)
(1.34756e-85 0 0)
(1.34754e-90 0 0)
(1.31383e-95 0 0)
(0.000199958 0 0)
(1.04973e-08 0 0)
(3.84889e-13 0 0)
(1.10653e-17 0 0)
(2.65561e-22 0 0)
(5.53242e-27 0 0)
(1.02743e-31 0 0)
(1.73376e-36 0 0)
(2.69691e-41 0 0)
(3.91045e-46 0 0)
(5.33235e-51 0 0)
(6.8875e-56 0 0)
(8.47678e-61 0 0)
(9.99032e-66 0 0)
(1.13222e-70 0 0)
(1.23834e-75 0 0)
(1.31116e-80 0 0)
(1.34756e-85 0 0)
(1.34754e-90 0 0)
(1.31383e-95 0 0)
(0.000199958 0 0)
(1.04973e-08 0 0)
(3.84889e-13 0 0)
(1.10653e-17 0 0)
(2.65561e-22 0 0)
(5.53242e-27 0 0)
(1.02743e-31 0 0)
(1.73376e-36 0 0)
(2.69691e-41 0 0)
(3.91045e-46 0 0)
(5.33235e-51 0 0)
(6.8875e-56 0 0)
(8.47678e-61 0 0)
(9.99032e-66 0 0)
(1.13222e-70 0 0)
(1.23834e-75 0 0)
(1.31116e-80 0 0)
(1.34756e-85 0 0)
(1.34754e-90 0 0)
(1.31383e-95 0 0)
(0.000199958 0 0)
(1.04973e-08 0 0)
(3.84889e-13 0 0)
(1.10653e-17 0 0)
(2.65561e-22 0 0)
(5.53242e-27 0 0)
(1.02743e-31 0 0)
(1.73376e-36 0 0)
(2.69691e-41 0 0)
(3.91045e-46 0 0)
(5.33235e-51 0 0)
(6.8875e-56 0 0)
(8.47678e-61 0 0)
(9.99032e-66 0 0)
(1.13222e-70 0 0)
(1.23834e-75 0 0)
(1.31116e-80 0 0)
(1.34756e-85 0 0)
(1.34754e-90 0 0)
(1.31383e-95 0 0)
(0.000199958 0 0)
(1.04973e-08 0 0)
(3.84889e-13 0 0)
(1.10653e-17 0 0)
(2.65561e-22 0 0)
(5.53242e-27 0 0)
(1.02743e-31 0 0)
(1.73376e-36 0 0)
(2.69691e-41 0 0)
(3.91045e-46 0 0)
(5.33235e-51 0 0)
(6.8875e-56 0 0)
(8.47678e-61 0 0)
(9.99032e-66 0 0)
(1.13222e-70 0 0)
(1.23834e-75 0 0)
(1.31116e-80 0 0)
(1.34756e-85 0 0)
(1.34754e-90 0 0)
(1.31383e-95 0 0)
(0.000199958 0 0)
(1.04973e-08 0 0)
(3.84889e-13 0 0)
(1.10653e-17 0 0)
(2.65561e-22 0 0)
(5.53242e-27 0 0)
(1.02743e-31 0 0)
(1.73376e-36 0 0)
(2.69691e-41 0 0)
(3.91045e-46 0 0)
(5.33235e-51 0 0)
(6.8875e-56 0 0)
(8.47678e-61 0 0)
(9.99032e-66 0 0)
(1.13222e-70 0 0)
(1.23834e-75 0 0)
(1.31116e-80 0 0)
(1.34756e-85 0 0)
(1.34754e-90 0 0)
(1.31383e-95 0 0)
(0.000199958 0 0)
(1.04973e-08 0 0)
(3.84889e-13 0 0)
(1.10653e-17 0 0)
(2.65561e-22 0 0)
(5.53242e-27 0 0)
(1.02743e-31 0 0)
(1.73376e-36 0 0)
(2.69691e-41 0 0)
(3.91045e-46 0 0)
(5.33235e-51 0 0)
(6.8875e-56 0 0)
(8.47678e-61 0 0)
(9.99032e-66 0 0)
(1.13222e-70 0 0)
(1.23834e-75 0 0)
(1.31116e-80 0 0)
(1.34756e-85 0 0)
(1.34754e-90 0 0)
(1.31383e-95 0 0)
(0.000199937 0 0)
(1.04958e-08 0 0)
(3.84823e-13 0 0)
(1.10632e-17 0 0)
(2.65506e-22 0 0)
(5.53119e-27 0 0)
(1.02719e-31 0 0)
(1.73333e-36 0 0)
(2.69621e-41 0 0)
(3.90939e-46 0 0)
(5.33084e-51 0 0)
(6.88548e-56 0 0)
(8.47421e-61 0 0)
(9.98719e-66 0 0)
(1.13185e-70 0 0)
(1.23793e-75 0 0)
(1.31071e-80 0 0)
(1.34709e-85 0 0)
(1.34705e-90 0 0)
(1.31334e-95 0 0)
)
;

boundaryField
{
    leftRightWallsright
    {
        type            cyclicAMI;
        value           nonuniform List<vector> 
40
(
(4.37797e-96 0 0)
(4.37797e-96 0 0)
(4.37964e-96 0 0)
(4.37964e-96 0 0)
(4.37964e-96 0 0)
(4.37964e-96 0 0)
(4.37964e-96 0 0)
(4.37964e-96 0 0)
(4.37964e-96 0 0)
(4.37964e-96 0 0)
(4.37964e-96 0 0)
(4.37964e-96 0 0)
(4.37964e-96 0 0)
(4.37964e-96 0 0)
(4.37964e-96 0 0)
(4.37964e-96 0 0)
(4.37964e-96 0 0)
(4.37964e-96 0 0)
(4.37964e-96 0 0)
(4.37964e-96 0 0)
(4.37964e-96 0 0)
(4.37964e-96 0 0)
(4.37964e-96 0 0)
(4.37964e-96 0 0)
(4.37964e-96 0 0)
(4.37964e-96 0 0)
(4.37964e-96 0 0)
(4.37964e-96 0 0)
(4.37964e-96 0 0)
(4.37964e-96 0 0)
(4.37964e-96 0 0)
(4.37964e-96 0 0)
(4.37964e-96 0 0)
(4.37964e-96 0 0)
(4.37964e-96 0 0)
(4.37964e-96 0 0)
(4.37964e-96 0 0)
(4.37964e-96 0 0)
(4.37802e-96 0 0)
(4.37802e-96 0 0)
)
;
    }
    outlet
    {
        type            zeroGradient;
    }
    channelWallsright
    {
        type            noSlip;
    }
    destinationFaceright
    {
        type            noSlip;
    }
    sourceFaceright
    {
        type            noSlip;
    }
    sourceFaceleft
    {
        type            noSlip;
    }
    destinationFaceleft
    {
        type            noSlip;
    }
    channelWallsleft
    {
        type            noSlip;
    }
    leftRightWallleft
    {
        type            cyclicAMI;
        value           nonuniform List<vector> 
20
(
(4.37797e-96 0 0)
(4.37964e-96 0 0)
(4.37964e-96 0 0)
(4.37964e-96 0 0)
(4.37964e-96 0 0)
(4.37964e-96 0 0)
(4.37964e-96 0 0)
(4.37964e-96 0 0)
(4.37964e-96 0 0)
(4.37964e-96 0 0)
(4.37964e-96 0 0)
(4.37964e-96 0 0)
(4.37964e-96 0 0)
(4.37964e-96 0 0)
(4.37964e-96 0 0)
(4.37964e-96 0 0)
(4.37964e-96 0 0)
(4.37964e-96 0 0)
(4.37964e-96 0 0)
(4.37802e-96 0 0)
)
;
    }
    inlet
    {
        type            fixedValue;
        value           uniform (1 0 0);
    }
}


// ************************************************************************* //
