/*--------------------------------*- C++ -*----------------------------------*\
| =========                 |                                                 |
| \\      /  F ield         | OpenFOAM: The Open Source CFD Toolbox           |
|  \\    /   O peration     | Version:  4.1                                   |
|   \\  /    A nd           | Web:      www.OpenFOAM.org                      |
|    \\/     M anipulation  |                                                 |
\*---------------------------------------------------------------------------*/
FoamFile
{
    version     2.0;
    format      ascii;
    class       volVectorField;
    location    "4";
    object      U;
}
// * * * * * * * * * * * * * * * * * * * * * * * * * * * * * * * * * * * * * //

dimensions      [0 1 -1 0 0 0 0];

internalField   nonuniform List<vector> 
1705
(
(-9.30277e-62 -3.45584e-28 -2.88748e-30)
(-1.46795e-60 -8.73778e-29 8.93127e-30)
(1.04077e-62 -3.50879e-28 1.47252e-29)
(1.48142e-58 -5.93009e-28 3.76172e-30)
(8.57635e-56 -3.33092e-28 -8.79601e-30)
(3.30481e-53 -9.80862e-29 3.5594e-29)
(1.56185e-51 -3.88514e-28 9.51776e-30)
(6.61325e-49 -6.05208e-28 -9.03441e-30)
(1.4531e-46 -3.24244e-28 -1.46228e-29)
(6.34647e-44 -1.17712e-28 6.44069e-29)
(1.44279e-46 -4.3422e-28 3.1189e-30)
(5.15388e-49 -3.47844e-28 -4.65044e-30)
(1.06059e-50 -1.49429e-28 9.16103e-29)
(7.5764e-53 -4.76759e-28 2.01682e-29)
(2.54754e-50 -6.60052e-28 -1.4815e-30)
(9.19285e-48 -3.67526e-28 -1.24882e-29)
(7.28787e-47 -1.98729e-28 1.31877e-28)
(1.08342e-43 -5.58488e-28 1.37632e-29)
(6.93641e-46 -4.22535e-28 -1.42839e-30)
(8.81417e-48 -2.61865e-28 1.80939e-28)
(1.16741e-48 -6.41138e-28 3.83383e-29)
(5.57007e-46 -7.82757e-28 8.15841e-30)
(1.31527e-43 -4.80924e-28 -1.23288e-29)
(5.80047e-47 -3.47433e-28 2.47456e-28)
(4.42715e-48 -7.72153e-28 3.15274e-29)
(-1.90232e-45 -8.8004e-28 -9.56678e-30)
(-3.14825e-43 -5.59306e-28 -2.70035e-29)
(1.26462e-44 -4.5304e-28 3.32119e-28)
(-1.67211e-43 -9.32863e-28 1.99487e-29)
(-1.02515e-45 -6.88517e-28 -1.18427e-29)
(-1.54703e-46 -5.82588e-28 4.52668e-28)
(-3.09469e-43 -1.11568e-27 6.22036e-29)
(-2.76594e-45 -1.19042e-27 2.101e-30)
(-3.07276e-43 -8.36461e-28 -3.30646e-29)
(-1.13864e-46 -7.54853e-28 6.03334e-28)
(1.57613e-45 -1.38571e-27 4.92491e-29)
(2.34871e-42 -1.0552e-27 -7.70407e-30)
(1.938e-39 -9.68992e-28 8.26104e-28)
(1.06566e-37 -1.70802e-27 1.19055e-28)
(1.17456e-34 -1.79378e-27 4.55663e-29)
(1.13148e-33 -1.97034e-27 4.22647e-27)
(1.04224e-33 -2.43854e-27 4.20442e-27)
(3.33349e-34 -2.20064e-27 4.17653e-27)
(-1.13841e-31 2.09183e-26 6.4011e-27)
(2.21032e-32 -5.64403e-28 3.88312e-27)
(-1.13543e-31 -2.29214e-26 6.02431e-27)
(1.92996e-34 -4.48637e-28 4.27784e-27)
(5.51375e-34 -2.09071e-28 4.25508e-27)
(-5.67521e-33 -6.61555e-28 4.63489e-27)
(-5.43293e-33 -8.79823e-28 4.6298e-27)
(-5.52209e-33 -1.35433e-27 4.58257e-27)
(-7.65149e-33 -1.13979e-27 4.58202e-27)
(-3.24277e-31 2.19504e-26 6.71328e-27)
(6.04302e-32 2.44787e-28 4.08424e-27)
(-3.22935e-31 -2.20782e-26 6.47748e-27)
(8.50251e-34 4.67567e-28 4.65894e-27)
(1.24362e-32 6.74189e-28 4.88664e-27)
(4.53832e-33 1.90349e-28 4.92513e-27)
(4.49074e-33 -4.57093e-29 4.92687e-27)
(4.54168e-33 -5.37204e-28 4.90496e-27)
(1.22406e-32 -3.37866e-28 4.92589e-27)
(1.18377e-30 2.26058e-26 6.94569e-27)
(-2.25618e-31 7.73143e-28 4.12269e-27)
(1.16932e-30 -2.13833e-26 6.88065e-27)
(-2.88568e-33 1.15166e-27 4.88628e-27)
(3.34771e-33 1.30502e-27 4.90038e-27)
(3.48495e-33 7.83499e-28 4.94424e-27)
(3.5774e-33 5.14026e-28 4.96344e-27)
(3.65297e-33 -1.11189e-29 4.95899e-27)
(1.11811e-33 1.51818e-28 4.99183e-27)
(-3.81383e-31 2.24992e-26 6.85107e-27)
(6.95359e-32 3.25716e-27 3.77524e-27)
(-3.39328e-31 -1.83472e-26 6.01629e-27)
(-5.58661e-33 1.12958e-27 4.28231e-27)
(-3.49627e-33 1.12301e-27 4.29318e-27)
(-3.5274e-33 4.78217e-28 4.33566e-27)
(-3.57127e-33 7.38973e-29 4.3464e-27)
(-3.62223e-33 -4.56694e-28 4.33229e-27)
(-4.87417e-33 -6.56384e-28 4.31997e-27)
(-1.95692e-31 9.87038e-27 5.08469e-27)
(1.24755e-32 8.19923e-27 5.28077e-28)
(4.605e-37 -2.65959e-28 -1.09361e-28)
(2.3653e-38 -2.36748e-28 5.03428e-30)
(3.15798e-42 -1.58925e-28 -9.76462e-29)
(5.29825e-44 -1.7775e-28 -3.85719e-30)
(1.81049e-47 -1.62866e-28 -8.95213e-29)
(6.19247e-48 -1.49047e-28 -6.78379e-29)
(1.12955e-46 -1.1154e-28 -4.709e-31)
(2.71555e-43 -1.27654e-28 -6.39515e-29)
(-2.55968e-43 -1.04795e-28 -4.95178e-29)
(-1.54517e-46 -9.03042e-29 4.00968e-31)
(-3.97861e-48 -6.48944e-29 -4.87803e-29)
(2.76484e-47 -8.16428e-29 -3.74808e-30)
(1.28774e-43 -1.04468e-28 -4.77245e-29)
(-2.43678e-43 -6.20995e-29 -3.77797e-29)
(-1.5457e-46 -6.86836e-29 -2.80028e-30)
(-1.58583e-47 -5.23807e-29 -3.71791e-29)
(-7.84174e-44 -6.77157e-29 -5.89622e-30)
(2.24812e-43 -8.77401e-29 -3.70314e-29)
(-2.41159e-43 -3.44755e-29 -2.95417e-29)
(-1.45347e-46 -5.79078e-29 -4.39511e-30)
(-5.65425e-48 -8.02388e-29 -2.87869e-29)
(-5.55098e-48 -2.70582e-29 -2.37627e-29)
(-1.39699e-46 -4.98916e-29 -2.32093e-30)
(-2.24161e-43 -4.08988e-29 -2.30171e-29)
(-1.39812e-46 -5.17284e-29 -4.31889e-30)
(-5.58324e-48 -6.07553e-29 -2.21174e-29)
(-5.58299e-48 -1.60082e-29 -1.80646e-29)
(-1.42679e-46 -3.45379e-29 -2.20814e-30)
(-2.29797e-43 -2.97334e-29 -1.77099e-29)
(-2.8059e-46 -3.53366e-29 -3.33768e-30)
(-2.16037e-43 -3.79123e-29 -1.71382e-29)
(-4.89653e-47 -9.55178e-30 -1.42209e-29)
(-1.47152e-46 -2.07535e-29 -1.47862e-30)
(-2.23733e-43 -2.42241e-29 -1.39299e-29)
(-4.56777e-47 -8.41512e-30 -1.22994e-29)
(-2.5953e-48 -1.99859e-30 1.14771e-31)
(-5.33153e-48 -5.53324e-30 -1.26667e-29)
(-1.34312e-46 -6.96828e-31 7.6721e-31)
(-2.04618e-43 4.65324e-30 -1.27764e-29)
(-1.45546e-287 1.98707e-33 -9.93535e-33)
(-5.50085e-281 2.06446e-33 -3.0255e-32)
(-2.04378e-274 2.22346e-33 -5.18227e-32)
(-7.46013e-268 2.46797e-33 -7.54287e-32)
(-2.67353e-261 2.80539e-33 -1.01981e-31)
(-9.40052e-255 3.24715e-33 -1.32463e-31)
(-3.24064e-248 3.80907e-33 -1.67977e-31)
(-1.09442e-241 4.51224e-33 -2.0978e-31)
(-3.61782e-235 5.38418e-33 -2.59356e-31)
(-1.16961e-228 6.46027e-33 -3.18482e-31)
(-3.69448e-222 7.78537e-33 -3.89333e-31)
(-1.13905e-215 9.41572e-33 -4.74604e-31)
(-3.42397e-209 1.14209e-32 -5.77658e-31)
(-1.00233e-202 1.3886e-32 -7.02702e-31)
(-2.85383e-196 1.69131e-32 -8.54977e-31)
(-7.89203e-190 2.0624e-32 -1.04097e-30)
(-2.11661e-183 2.51611e-32 -1.26862e-30)
(-5.49643e-177 3.0691e-32 -1.54752e-30)
(-1.37954e-170 3.74079e-32 -1.88915e-30)
(-3.34006e-164 4.55396e-32 -2.30705e-30)
(-7.7841e-158 5.53571e-32 -2.81708e-30)
(-1.74207e-151 6.7187e-32 -3.43773e-30)
(-3.73403e-145 8.14269e-32 -4.1906e-30)
(-7.64301e-139 9.85649e-32 -5.10107e-30)
(-1.48896e-132 1.19193e-31 -6.19923e-30)
(-2.75047e-126 1.44006e-31 -7.52103e-30)
(-4.79703e-120 1.73762e-31 -9.1095e-30)
(-7.86036e-114 2.09164e-31 -1.10153e-29)
(-1.20318e-107 2.50609e-31 -1.32954e-29)
(-1.70892e-101 2.97789e-31 -1.60087e-29)
(-2.23429e-95 3.4913e-31 -1.92054e-29)
(-2.66305e-89 4.00884e-31 -2.29082e-29)
(-2.8593e-83 4.44885e-31 -2.70776e-29)
(-2.72424e-77 4.64254e-31 -3.15466e-29)
(-2.25858e-71 4.27326e-31 -3.59075e-29)
(-1.58694e-65 2.81507e-31 -3.93395e-29)
(-9.10085e-60 -4.67744e-32 -4.0407e-29)
(-4.02113e-54 -5.91036e-31 -3.71592e-29)
(-1.2398e-48 -1.34518e-30 -2.86226e-29)
(-3.43543e-291 5.94493e-33 -9.92264e-33)
(-1.28815e-284 6.17469e-33 -3.02166e-32)
(-4.74757e-278 6.64784e-33 -5.17578e-32)
(-1.71881e-271 7.37836e-33 -7.53348e-32)
(-6.10874e-265 8.391e-33 -1.01854e-31)
(-2.12983e-258 9.72238e-33 -1.323e-31)
(-7.27924e-252 1.14219e-32 -1.6777e-31)
(-2.43689e-245 1.35537e-32 -2.09522e-31)
(-7.98422e-239 1.61999e-32 -2.59037e-31)
(-2.55793e-232 1.94639e-32 -3.18089e-31)
(-8.00549e-226 2.3475e-32 -3.88848e-31)
(-2.44505e-219 2.83934e-32 -4.74007e-31)
(-7.27962e-213 3.4417e-32 -5.76922e-31)
(-2.11026e-206 4.17878e-32 -7.01796e-31)
(-5.94859e-200 5.08001e-32 -8.53863e-31)
(-1.62831e-193 6.18091e-32 -1.0396e-30)
(-4.3217e-187 7.52412e-32 -1.26695e-30)
(-1.11032e-180 9.1606e-32 -1.54549e-30)
(-2.7564e-174 1.11512e-31 -1.88669e-30)
(-6.59894e-168 1.35686e-31 -2.30407e-30)
(-1.52021e-161 1.64999e-31 -2.81349e-30)
(-3.36187e-155 2.00495e-31 -3.43342e-30)
(-7.11777e-149 2.43432e-31 -4.18543e-30)
(-1.43843e-142 2.95313e-31 -5.09486e-30)
(-2.76533e-136 3.57907e-31 -6.19177e-30)
(-5.03793e-130 4.33238e-31 -7.5121e-30)
(-8.65968e-124 5.23464e-31 -9.09887e-30)
(-1.39732e-117 6.30574e-31 -1.10028e-29)
(-2.10412e-111 7.55757e-31 -1.32812e-29)
(-2.93626e-105 8.98302e-31 -1.59932e-29)
(-3.76562e-99 1.05386e-30 -1.91898e-29)
(-4.39296e-93 1.21136e-30 -2.28951e-29)
(-4.60274e-87 1.34599e-30 -2.70721e-29)
(-4.26082e-81 1.40621e-30 -3.15584e-29)
(-3.40947e-75 1.29526e-30 -3.59535e-29)
(-2.28681e-69 8.53617e-31 -3.94447e-29)
(-1.22681e-63 -1.35883e-31 -4.05921e-29)
(-4.85329e-58 -1.78641e-30 -3.74286e-29)
(-1.17892e-52 -3.8731e-30 -2.8568e-29)
(9.51098e-289 9.88082e-33 -9.89216e-33)
(3.57012e-282 1.02613e-32 -3.01233e-32)
(1.31705e-275 1.10449e-32 -5.15977e-32)
(4.77213e-269 1.22581e-32 -7.51025e-32)
(1.6972e-262 1.39454e-32 -1.01541e-31)
(5.9205e-256 1.61708e-32 -1.31894e-31)
(2.02429e-249 1.90188e-32 -1.67256e-31)
(6.77852e-243 2.25976e-32 -2.08882e-31)
(2.22117e-236 2.70431e-32 -2.58245e-31)
(7.11582e-230 3.2524e-32 -3.17114e-31)
(2.22665e-223 3.92488e-32 -3.87654e-31)
(6.79856e-217 4.7474e-32 -4.72545e-31)
(2.02322e-210 5.7515e-32 -5.75137e-31)
(5.86163e-204 6.97593e-32 -6.99617e-31)
(1.65115e-197 8.46815e-32 -8.51206e-31)
(4.51593e-191 1.02862e-31 -1.03636e-30)
(1.19743e-184 1.25011e-31 -1.263e-30)
(3.07316e-178 1.51989e-31 -1.54069e-30)
(7.62042e-172 1.84842e-31 -1.88084e-30)
(1.82214e-165 2.24837e-31 -2.29697e-30)
(4.19233e-159 2.73495e-31 -2.80486e-30)
(9.25914e-153 3.32642e-31 -3.42295e-30)
(1.95784e-146 4.04446e-31 -4.17274e-30)
(3.95178e-140 4.91458e-31 -5.07952e-30)
(7.58888e-134 5.9662e-31 -6.17328e-30)
(1.38134e-127 7.23223e-31 -7.4899e-30)
(2.37306e-121 8.74722e-31 -9.07244e-30)
(3.82884e-115 1.0543e-30 -1.09717e-29)
(5.76901e-109 1.26396e-30 -1.32454e-29)
(8.0632e-103 1.50286e-30 -1.59533e-29)
(1.03713e-96 1.76435e-30 -1.91479e-29)
(1.21593e-90 2.03036e-30 -2.28558e-29)
(1.2841e-84 2.25952e-30 -2.70458e-29)
(1.20351e-78 2.36522e-30 -3.15651e-29)
(9.81898e-73 2.18439e-30 -3.60275e-29)
(6.79443e-67 1.44844e-30 -3.96361e-29)
(3.84293e-61 -2.03238e-31 -4.09456e-29)
(1.67917e-55 -2.98676e-30 -3.79164e-29)
(5.15108e-50 -6.39643e-30 -2.84998e-29)
(-1.4062e-287 1.38025e-32 -9.84656e-33)
(-5.31679e-281 1.43343e-32 -2.99839e-32)
(-1.97619e-274 1.5428e-32 -5.13584e-32)
(-7.21641e-268 1.71226e-32 -7.47547e-32)
(-2.58729e-261 1.94823e-32 -1.01072e-31)
(-9.10124e-255 2.25978e-32 -1.31285e-31)
(-3.13887e-248 2.65884e-32 -1.66484e-31)
(-1.06053e-241 3.16057e-32 -2.07918e-31)
(-3.50745e-235 3.78391e-32 -2.57052e-31)
(-1.13447e-228 4.55226e-32 -3.15648e-31)
(-3.58525e-222 5.4944e-32 -3.85859e-31)
(-1.10592e-215 6.64568e-32 -4.70354e-31)
(-3.32612e-209 8.04955e-32 -5.72465e-31)
(-9.74196e-203 9.7594e-32 -6.96362e-31)
(-2.77524e-196 1.18409e-31 -8.47242e-31)
(-7.67894e-190 1.43748e-31 -1.03154e-30)
(-2.06064e-183 1.74602e-31 -1.25712e-30)
(-5.35421e-177 2.12185e-31 -1.53352e-30)
(-1.34466e-170 2.57977e-31 -1.87212e-30)
(-3.25764e-164 3.13773e-31 -2.28634e-30)
(-7.59696e-158 3.81739e-31 -2.79193e-30)
(-1.70134e-151 4.64466e-31 -3.40723e-30)
(-3.64932e-145 5.65023e-31 -4.15367e-30)
(-7.47525e-139 6.86995e-31 -5.05643e-30)
(-1.45745e-132 8.34496e-31 -6.14542e-30)
(-2.69458e-126 1.01209e-30 -7.45648e-30)
(-4.70401e-120 1.22456e-30 -9.03266e-30)
(-7.71602e-114 1.47633e-30 -1.0925e-29)
(-1.18249e-107 1.77029e-30 -1.31915e-29)
(-1.68183e-101 2.1056e-30 -1.58932e-29)
(-2.20239e-95 2.47352e-30 -1.90843e-29)
(-2.63009e-89 2.8495e-30 -2.27961e-29)
(-2.83061e-83 3.17644e-30 -2.70051e-29)
(-2.70493e-77 3.33398e-30 -3.15735e-29)
(-2.25117e-71 3.09394e-30 -3.61369e-29)
(-1.58968e-65 2.07768e-30 -3.99222e-29)
(-9.1784e-60 -2.26929e-31 -4.14792e-29)
(-4.0942e-54 -4.16457e-30 -3.86672e-29)
(-1.28101e-48 -9.27427e-30 -2.93269e-29)
(3.93647e-289 1.77037e-32 -9.78582e-33)
(1.47706e-282 1.83868e-32 -2.97983e-32)
(5.44683e-276 1.97894e-32 -5.10401e-32)
(1.97276e-269 2.19632e-32 -7.42917e-32)
(7.01307e-263 2.49918e-32 -1.00446e-31)
(2.44535e-256 2.89924e-32 -1.30473e-31)
(8.35707e-250 3.41183e-32 -1.65455e-31)
(2.79709e-243 4.05643e-32 -2.06632e-31)
(9.16082e-237 4.85729e-32 -2.55461e-31)
(2.93326e-230 5.84431e-32 -3.13693e-31)
(9.1736e-224 7.05421e-32 -3.83467e-31)
(2.79936e-217 8.53206e-32 -4.67435e-31)
(8.32582e-211 1.03332e-31 -5.6891e-31)
(2.41064e-204 1.25258e-31 -6.92035e-31)
(6.78607e-198 1.51938e-31 -8.41976e-31)
(1.85475e-191 1.84406e-31 -1.02513e-30)
(4.91449e-185 2.23935e-31 -1.24931e-30)
(1.26035e-178 2.72088e-31 -1.52401e-30)
(3.12279e-172 3.30775e-31 -1.86052e-30)
(7.46083e-166 4.02317e-31 -2.27221e-30)
(1.71508e-159 4.89513e-31 -2.77472e-30)
(3.78446e-153 5.95711e-31 -3.38629e-30)
(7.99449e-147 7.24867e-31 -4.12824e-30)
(1.61199e-140 8.81598e-31 -5.02563e-30)
(3.09226e-134 1.07118e-30 -6.10826e-30)
(5.62211e-128 1.29947e-30 -7.41189e-30)
(9.64656e-122 1.5726e-30 -8.97959e-30)
(1.55438e-115 1.8963e-30 -1.08626e-29)
(2.33871e-109 2.27445e-30 -1.31195e-29)
(3.26374e-103 2.70636e-30 -1.58127e-29)
(4.19099e-97 3.18158e-30 -1.89991e-29)
(4.90455e-91 3.6697e-30 -2.27152e-29)
(5.16916e-85 4.09911e-30 -2.69489e-29)
(4.83398e-79 4.3174e-30 -3.15816e-29)
(3.93431e-73 4.03292e-30 -3.62787e-29)
(2.71543e-67 2.75585e-30 -4.03003e-29)
(1.53211e-61 -1.88171e-31 -4.21941e-29)
(6.68478e-56 -5.30029e-30 -3.97258e-29)
(2.05457e-50 -1.21114e-29 -3.08073e-29)
(-5.87342e-288 2.15782e-32 -9.70996e-33)
(-2.29381e-281 2.2412e-32 -2.95667e-32)
(-8.79996e-275 2.41216e-32 -5.06431e-32)
(-3.31441e-268 2.67716e-32 -7.37142e-32)
(-1.22479e-261 3.04646e-32 -9.96661e-32)
(-4.43766e-255 3.53437e-32 -1.2946e-31)
(-1.57535e-248 4.15964e-32 -1.6417e-31)
(-5.47519e-242 4.946e-32 -2.05027e-31)
(-1.86151e-235 5.92294e-32 -2.53476e-31)
(-6.18587e-229 7.12686e-32 -3.11254e-31)
(-2.00723e-222 8.60236e-32 -3.80483e-31)
(-6.35355e-216 1.04042e-31 -4.63795e-31)
(-1.95971e-209 1.25997e-31 -5.64478e-31)
(-5.88323e-203 1.52717e-31 -6.86641e-31)
(-1.71689e-196 1.85223e-31 -8.35413e-31)
(-4.8638e-190 2.24776e-31 -1.01714e-30)
(-1.33559e-183 2.7293e-31 -1.23959e-30)
(-3.54921e-177 3.31594e-31 -1.51216e-30)
(-9.11136e-171 4.03105e-31 -1.84607e-30)
(-2.25519e-164 4.90302e-31 -2.2546e-30)
(-5.37038e-158 5.96613e-31 -2.75325e-30)
(-1.22749e-151 7.26132e-31 -3.36016e-30)
(-2.68586e-145 8.83697e-31 -4.09649e-30)
(-5.60947e-139 1.07495e-30 -4.98716e-30)
(-1.11455e-132 1.30633e-30 -6.06184e-30)
(-2.09888e-126 1.58499e-30 -7.3562e-30)
(-3.73025e-120 1.91845e-30 -8.91329e-30)
(-6.22616e-114 2.31381e-30 -1.07846e-29)
(-9.70421e-108 2.77606e-30 -1.30295e-29)
(-1.40299e-101 3.3049e-30 -1.57117e-29)
(-1.86657e-95 3.88859e-30 -1.88917e-29)
(-2.26336e-89 4.49171e-30 -2.26126e-29)
(-2.47195e-83 5.0296e-30 -2.68756e-29)
(-2.39563e-77 5.32005e-30 -3.15867e-29)
(-2.02064e-71 5.01008e-30 -3.64492e-29)
(-1.4452e-65 3.4976e-30 -4.07664e-29)
(-8.44723e-60 -6.67044e-32 -4.30904e-29)
(-3.8146e-54 -6.37494e-30 -4.10519e-29)
(-1.2097e-48 -1.52024e-29 -3.1959e-29)
(-6.41574e-288 2.54199e-32 -9.6191e-33)
(-2.50028e-281 2.64032e-32 -2.92896e-32)
(-9.57283e-275 2.84174e-32 -5.01682e-32)
(-3.59869e-268 3.15396e-32 -7.30231e-32)
(-1.32747e-261 3.58913e-32 -9.8732e-32)
(-4.80164e-255 4.16415e-32 -1.28247e-31)
(-1.70187e-248 4.9011e-32 -1.62631e-31)
(-5.90611e-242 5.82791e-32 -2.03105e-31)
(-2.00521e-235 6.97932e-32 -2.511e-31)
(-6.65462e-229 8.39812e-32 -3.08334e-31)
(-2.15666e-222 1.01368e-31 -3.76912e-31)
(-6.81865e-216 1.22597e-31 -4.5944e-31)
(-2.10089e-209 1.48461e-31 -5.59175e-31)
(-6.30065e-203 1.79933e-31 -6.8019e-31)
(-1.83696e-196 2.18217e-31 -8.27564e-31)
(-5.19936e-190 2.64798e-31 -1.00758e-30)
(-1.42656e-183 3.21509e-31 -1.22795e-30)
(-3.78807e-177 3.90603e-31 -1.49798e-30)
(-9.7177e-171 4.74839e-31 -1.82878e-30)
(-2.40371e-164 5.77572e-31 -2.23351e-30)
(-5.72061e-158 7.02847e-31 -2.72755e-30)
(-1.30682e-151 8.55501e-31 -3.32887e-30)
(-2.858e-145 1.04125e-30 -4.05847e-30)
(-5.96623e-139 1.26674e-30 -4.9411e-30)
(-1.18493e-132 1.53959e-30 -6.00625e-30)
(-2.23055e-126 1.86827e-30 -7.28947e-30)
(-3.96285e-120 2.2617e-30 -8.83383e-30)
(-6.61217e-114 2.72842e-30 -1.06911e-29)
(-1.03026e-107 3.2747e-30 -1.29213e-29)
(-1.48904e-101 3.90089e-30 -1.55902e-29)
(-1.98045e-95 4.59446e-30 -1.87617e-29)
(-2.4007e-89 5.31601e-30 -2.2487e-29)
(-2.62108e-83 5.96965e-30 -2.67832e-29)
(-2.53921e-77 6.34606e-30 -3.15855e-29)
(-2.14081e-71 6.0338e-30 -3.66432e-29)
(-1.53034e-65 4.31776e-30 -4.13156e-29)
(-8.93929e-60 1.59392e-31 -4.41686e-29)
(-4.03535e-54 -7.35772e-30 -4.27529e-29)
(-1.28244e-48 -1.82527e-29 -3.46035e-29)
(-1.57382e-291 2.92228e-32 -9.51335e-33)
(-6.08718e-285 3.03541e-32 -2.89673e-32)
(-2.31268e-278 3.26699e-32 -4.96159e-32)
(-8.62565e-272 3.62595e-32 -7.22194e-32)
(-3.15625e-265 4.12634e-32 -9.76457e-32)
(-1.1323e-258 4.78757e-32 -1.26836e-31)
(-3.97966e-252 5.63502e-32 -1.60842e-31)
(-1.36928e-245 6.70082e-32 -2.0087e-31)
(-4.60835e-239 8.02486e-32 -2.48336e-31)
(-1.51572e-232 9.65627e-32 -3.04939e-31)
(-4.86753e-226 1.16553e-31 -3.7276e-31)
(-1.52465e-219 1.4096e-31 -4.54377e-31)
(-4.65298e-213 1.70691e-31 -5.5301e-31)
(-1.38191e-206 2.06867e-31 -6.7269e-31)
(-3.98902e-200 2.50871e-31 -8.1844e-31)
(-1.11761e-193 3.04411e-31 -9.9648e-31)
(-3.0346e-187 3.69596e-31 -1.21443e-30)
(-7.9724e-181 4.4902e-31 -1.48149e-30)
(-2.02291e-174 5.45859e-31 -1.80868e-30)
(-4.94783e-168 6.63978e-31 -2.20899e-30)
(-1.16402e-161 8.08036e-31 -2.69767e-30)
(-2.62768e-155 9.83603e-31 -3.29248e-30)
(-5.67668e-149 1.19726e-30 -4.01424e-30)
(-1.17011e-142 1.45667e-30 -4.8875e-30)
(-2.29358e-136 1.77063e-30 -5.94154e-30)
(-4.25886e-130 2.14891e-30 -7.21178e-30)
(-7.45893e-124 2.60191e-30 -8.74126e-30)
(-1.22597e-117 3.13967e-30 -1.0582e-29)
(-1.87999e-111 3.76989e-30 -1.2795e-29)
(-2.67117e-105 4.49388e-30 -1.54478e-29)
(-3.48755e-99 5.29896e-30 -1.86087e-29)
(-4.14217e-93 6.14288e-30 -2.23375e-29)
(-4.41941e-87 6.92061e-30 -2.66696e-29)
(-4.16806e-81 7.39906e-30 -3.15739e-29)
(-3.40133e-75 7.112e-30 -3.68548e-29)
(-2.33098e-69 5.23129e-30 -4.19413e-29)
(-1.28264e-63 5.13612e-31 -4.54255e-29)
(-5.25148e-58 -8.21611e-30 -4.47343e-29)
(-1.35911e-52 -2.08674e-29 -3.70699e-29)
(2.52538e-291 3.29809e-32 -9.3929e-33)
(8.90119e-285 3.42583e-32 -2.86002e-32)
(3.06971e-278 3.68721e-32 -4.89871e-32)
(1.03447e-271 4.09239e-32 -7.13044e-32)
(3.40154e-265 4.65721e-32 -9.64088e-32)
(1.08948e-258 5.40363e-32 -1.25229e-31)
(3.39194e-252 6.36028e-32 -1.58805e-31)
(1.02393e-245 7.5634e-32 -1.98325e-31)
(2.98742e-239 9.05798e-32 -2.45189e-31)
(8.38879e-233 1.08994e-31 -3.01073e-31)
(2.25405e-226 1.31557e-31 -3.68033e-31)
(5.74635e-220 1.59103e-31 -4.48613e-31)
(1.37107e-213 1.92656e-31 -5.45993e-31)
(2.98725e-207 2.3348e-31 -6.64153e-31)
(5.63254e-201 2.83137e-31 -8.08055e-31)
(7.77584e-195 3.43555e-31 -9.8384e-31)
(3.38185e-190 4.17116e-31 -1.19903e-30)
(-5.13006e-182 5.06751e-31 -1.46272e-30)
(-2.56842e-175 6.1605e-31 -1.78579e-30)
(-9.24678e-169 7.4938e-31 -2.18108e-30)
(-2.84304e-162 9.12008e-31 -2.66363e-30)
(-7.86116e-156 1.11023e-30 -3.25103e-30)
(-1.99694e-149 1.35149e-30 -3.96386e-30)
(-4.70612e-143 1.64446e-30 -4.82643e-30)
(-1.0333e-136 1.9991e-30 -5.8678e-30)
(-2.11608e-130 2.42653e-30 -7.12321e-30)
(-4.03773e-124 2.93863e-30 -8.63568e-30)
(-7.15972e-118 3.54705e-30 -1.04575e-29)
(-1.17498e-111 4.26108e-30 -1.26505e-29)
(-1.77469e-105 5.08337e-30 -1.52844e-29)
(-2.44925e-99 6.00172e-30 -1.84319e-29)
(-3.06016e-93 6.97235e-30 -2.21627e-29)
(-3.42057e-87 7.8835e-30 -2.6532e-29)
(-3.36789e-81 8.48215e-30 -3.15472e-29)
(-2.86064e-75 8.25207e-30 -3.70768e-29)
(-2.03545e-69 6.25326e-30 -4.26353e-29)
(-1.16058e-63 1.02101e-30 -4.68581e-29)
(-4.91728e-58 -8.93003e-30 -4.70292e-29)
(-1.31661e-52 -2.36681e-29 -3.94028e-29)
(9.35938e-288 3.66882e-32 -9.25792e-33)
(3.31618e-281 3.81098e-32 -2.81891e-32)
(1.14909e-274 4.10176e-32 -4.82827e-32)
(3.88854e-268 4.55252e-32 -7.02794e-32)
(1.28297e-261 5.18092e-32 -9.50232e-32)
(4.11897e-255 6.01138e-32 -1.2343e-31)
(1.28368e-248 7.07575e-32 -1.56523e-31)
(3.87164e-242 8.41432e-32 -1.95475e-31)
(1.12558e-235 1.00771e-31 -2.41664e-31)
(3.13703e-229 1.21258e-31 -2.96743e-31)
(8.31481e-223 1.46358e-31 -3.62738e-31)
(2.06955e-216 1.76999e-31 -4.42157e-31)
(4.72952e-210 2.14322e-31 -5.38135e-31)
(9.46204e-204 2.59732e-31 -6.54594e-31)
(1.44206e-197 3.14965e-31 -7.96425e-31)
(5.16662e-192 3.82169e-31 -9.69684e-31)
(-7.94246e-185 4.63994e-31 -1.18179e-30)
(-4.4881e-178 5.63705e-31 -1.4417e-30)
(-1.7357e-171 6.853e-31 -1.76015e-30)
(-5.67758e-165 8.33641e-31 -2.1498e-30)
(-1.6668e-158 1.0146e-30 -2.6255e-30)
(-4.49846e-152 1.23519e-30 -3.20458e-30)
(-1.1286e-145 1.5037e-30 -3.9074e-30)
(-2.64579e-139 1.82981e-30 -4.75797e-30)
(-5.80661e-133 2.22466e-30 -5.78513e-30)
(-1.19272e-126 2.70071e-30 -7.02387e-30)
(-2.28895e-120 3.27139e-30 -8.51716e-30)
(-4.09142e-114 3.95003e-30 -1.03175e-29)
(-6.78243e-108 4.74771e-30 -1.24877e-29)
(-1.03689e-101 5.66876e-30 -1.50997e-29)
(-1.45156e-95 6.70223e-30 -1.82309e-29)
(-1.84422e-89 7.80421e-30 -2.19612e-29)
(-2.10271e-83 8.85889e-30 -2.63676e-29)
(-2.12063e-77 9.59783e-30 -3.15002e-29)
(-1.85632e-71 9.46075e-30 -3.73006e-29)
(-1.37464e-65 7.39877e-30 -4.33875e-29)
(-8.30211e-60 1.7088e-30 -4.84621e-29)
(-3.86636e-54 -9.46641e-30 -4.96721e-29)
(-1.26008e-48 -2.62957e-29 -4.33578e-29)
(2.51657e-291 4.0339e-32 -9.10865e-33)
(8.87874e-285 4.19025e-32 -2.77344e-32)
(3.06494e-278 4.50999e-32 -4.7504e-32)
(1.03388e-271 5.00565e-32 -6.91461e-32)
(3.40299e-265 5.69666e-32 -9.34911e-32)
(1.09106e-258 6.60987e-32 -1.2144e-31)
(3.40054e-252 7.78032e-32 -1.53999e-31)
(1.02771e-245 9.25228e-32 -1.92323e-31)
(3.00223e-239 1.10807e-31 -2.37766e-31)
(8.44251e-233 1.33334e-31 -2.91956e-31)
(2.27237e-226 1.60933e-31 -3.56884e-31)
(5.80559e-220 1.94623e-31 -4.3502e-31)
(1.38933e-213 2.35658e-31 -5.29447e-31)
(3.04099e-207 2.85583e-31 -6.44025e-31)
(5.78381e-201 3.46308e-31 -7.83567e-31)
(8.18284e-195 4.20195e-31 -9.54034e-31)
(1.38395e-189 5.10159e-31 -1.16272e-30)
(-4.87397e-182 6.19795e-31 -1.41846e-30)
(-2.50882e-175 7.535e-31 -1.7318e-30)
(-9.11553e-169 9.1663e-31 -2.11522e-30)
(-2.81585e-162 1.11565e-30 -2.58332e-30)
(-7.80866e-156 1.35827e-30 -3.15321e-30)
(-1.98762e-149 1.65365e-30 -3.84493e-30)
(-4.69132e-143 2.01245e-30 -4.68223e-30)
(-1.03131e-136 2.44698e-30 -5.69362e-30)
(-2.11416e-130 2.97107e-30 -6.91387e-30)
(-4.03771e-124 3.59972e-30 -8.38581e-30)
(-7.16561e-118 4.34807e-30 -1.01622e-29)
(-1.17688e-111 5.22915e-30 -1.23067e-29)
(-1.77899e-105 6.24941e-30 -1.48935e-29)
(-2.45726e-99 7.39987e-30 -1.80048e-29)
(-3.07305e-93 8.63804e-30 -2.17314e-29)
(-3.43873e-87 9.84695e-30 -2.61733e-29)
(-3.39033e-81 1.07479e-29 -3.14268e-29)
(-2.88478e-75 1.0744e-29 -3.75166e-29)
(-2.05773e-69 8.68282e-30 -4.41857e-29)
(-1.17783e-63 2.60667e-30 -5.02311e-29)
(-5.02544e-58 -9.79179e-30 -5.26301e-29)
(-1.36859e-52 -2.92278e-29 -4.70849e-29)
(-5.67919e-291 4.39277e-32 -8.9453e-33)
(-2.10818e-284 4.56306e-32 -2.7237e-32)
(-7.69104e-278 4.91127e-32 -4.66519e-32)
(-2.75582e-271 5.45106e-32 -6.79061e-32)
(-9.6922e-265 6.20362e-32 -9.18147e-32)
(-3.34349e-258 7.19818e-32 -1.19262e-31)
(-1.13048e-251 8.4729e-32 -1.51238e-31)
(-3.74349e-245 1.0076e-31 -1.88874e-31)
(-1.21304e-238 1.20673e-31 -2.33501e-31)
(-3.84302e-232 1.45204e-31 -2.86718e-31)
(-1.18921e-225 1.75259e-31 -3.5048e-31)
(-3.59075e-219 2.11946e-31 -4.27212e-31)
(-1.05677e-212 2.5663e-31 -5.19943e-31)
(-3.0278e-206 3.10993e-31 -6.32463e-31)
(-8.43478e-200 3.77117e-31 -7.69503e-31)
(-2.28149e-193 4.57573e-31 -9.36914e-31)
(-5.98286e-187 5.5554e-31 -1.14187e-30)
(-1.51857e-180 6.74932e-31 -1.39304e-30)
(-3.72408e-174 8.20545e-31 -1.70079e-30)
(-8.80659e-168 9.98217e-31 -2.07737e-30)
(-2.00384e-161 1.21499e-30 -2.53717e-30)
(-4.37664e-155 1.4793e-30 -3.09698e-30)
(-9.15139e-149 1.80111e-30 -3.77656e-30)
(-1.82643e-142 2.19209e-30 -4.59931e-30)
(-3.46762e-136 2.66572e-30 -5.5934e-30)
(-6.23905e-130 3.23721e-30 -6.79332e-30)
(-1.05919e-123 3.92316e-30 -8.24176e-30)
(-1.68816e-117 4.74061e-30 -9.99162e-30)
(-2.5113e-111 5.70477e-30 -1.21075e-29)
(-3.4628e-105 6.82458e-30 -1.46655e-29)
(-4.38942e-99 8.09387e-30 -1.77531e-29)
(-5.06353e-93 9.47313e-30 -2.14718e-29)
(-5.24933e-87 1.08474e-29 -2.59456e-29)
(-4.81233e-81 1.19334e-29 -3.13207e-29)
(-3.81854e-75 1.21068e-29 -3.77136e-29)
(-2.54509e-69 1.01202e-29 -4.5015e-29)
(-1.36183e-63 3.74718e-30 -5.21571e-29)
(-5.41463e-58 -9.85179e-30 -5.6039e-29)
(-1.35024e-52 -3.19422e-29 -5.12538e-29)
(-2.20567e-287 4.74487e-32 -8.76815e-33)
(-8.26236e-281 4.92883e-32 -2.66975e-32)
(-3.04206e-274 5.30497e-32 -4.5728e-32)
(-1.10019e-267 5.88806e-32 -6.65614e-32)
(-3.90589e-261 6.70101e-32 -8.99968e-32)
(-1.36029e-254 7.7754e-32 -1.16901e-31)
(-4.64387e-248 9.15242e-32 -1.48244e-31)
(-1.55286e-241 1.08841e-31 -1.85134e-31)
(-5.08193e-235 1.30352e-31 -2.28877e-31)
(-1.62624e-228 1.56851e-31 -2.81039e-31)
(-5.08381e-222 1.89315e-31 -3.43536e-31)
(-1.55097e-215 2.28942e-31 -4.18746e-31)
(-4.61269e-209 2.77206e-31 -5.09637e-31)
(-1.33577e-202 3.35925e-31 -6.19927e-31)
(-3.76174e-196 4.07345e-31 -7.54252e-31)
(-1.02879e-189 4.94246e-31 -9.18349e-31)
(-2.72837e-183 6.00065e-31 -1.11925e-30)
(-7.00505e-177 7.29031e-31 -1.36546e-30)
(-1.73814e-170 8.86332e-31 -1.66715e-30)
(-4.15987e-164 1.07828e-30 -2.03633e-30)
(-9.58226e-158 1.31249e-30 -2.4871e-30)
(-2.11945e-151 1.59808e-30 -3.03599e-30)
(-4.48959e-145 1.94585e-30 -3.70237e-30)
(-9.08117e-139 2.36847e-30 -4.50931e-30)
(-1.74823e-132 2.88055e-30 -5.4846e-30)
(-3.19121e-126 3.49871e-30 -6.66238e-30)
(-5.50008e-120 4.24122e-30 -8.08513e-30)
(-8.90665e-114 5.12708e-30 -9.80587e-30)
(-1.3475e-107 6.17389e-30 -1.18899e-29)
(-1.892e-101 7.3935e-30 -1.44156e-29)
(-2.44596e-95 8.78334e-30 -1.74751e-29)
(-2.88377e-89 1.03085e-29 -2.11807e-29)
(-3.06438e-83 1.18593e-29 -2.56812e-29)
(-2.89176e-77 1.31545e-29 -3.11749e-29)
(-2.37739e-71 1.35529e-29 -3.78792e-29)
(-1.65963e-65 1.17249e-29 -4.58576e-29)
(-9.48997e-60 5.16567e-30 -5.42255e-29)
(-4.2123e-54 -9.58897e-30 -5.97679e-29)
(-1.3292e-48 -3.45472e-29 -5.57171e-29)
(-4.00056e-287 5.08965e-32 -8.57746e-33)
(-1.46082e-280 5.287e-32 -2.61169e-32)
(-5.23547e-274 5.69048e-32 -4.47335e-32)
(-1.84029e-267 6.31598e-32 -6.5114e-32)
(-6.33945e-261 7.18807e-32 -8.80401e-32)
(-2.1384e-254 8.34062e-32 -1.1436e-31)
(-7.05683e-248 9.81784e-32 -1.4502e-31)
(-2.27613e-241 1.16755e-31 -1.81108e-31)
(-7.16797e-235 1.3983e-31 -2.23899e-31)
(-2.2015e-228 1.68256e-31 -2.74926e-31)
(-6.58611e-222 2.0308e-31 -3.36062e-31)
(-1.91664e-215 2.45586e-31 -4.09634e-31)
(-5.41762e-209 2.97356e-31 -4.98546e-31)
(-1.48497e-202 3.60338e-31 -6.06436e-31)
(-3.93976e-196 4.36945e-31 -7.37838e-31)
(-1.00964e-189 5.30159e-31 -8.9837e-31)
(-2.49335e-183 6.43667e-31 -1.09491e-30)
(-5.91753e-177 7.8201e-31 -1.33578e-30)
(-1.3454e-170 9.50757e-31 -1.63094e-30)
(-2.9192e-164 1.15668e-30 -1.99214e-30)
(-6.01643e-158 1.40797e-30 -2.43321e-30)
(-1.17081e-151 1.71443e-30 -2.97031e-30)
(-2.1343e-145 2.08766e-30 -3.62248e-30)
(-3.60364e-139 2.5413e-30 -4.41236e-30)
(-5.5375e-133 3.09114e-30 -5.36735e-30)
(-7.50572e-127 3.7552e-30 -6.52119e-30)
(-8.37237e-121 4.55342e-30 -7.91609e-30)
(-6.04579e-115 5.50689e-30 -9.60508e-30)
(2.39275e-109 6.63582e-30 -1.16542e-29)
(1.97896e-102 7.95533e-30 -1.41436e-29)
(4.70918e-96 9.46728e-30 -1.71701e-29)
(8.11553e-90 1.1143e-29 -2.08566e-29)
(1.13722e-83 1.28816e-29 -2.53764e-29)
(1.33422e-77 1.44104e-29 -3.0982e-29)
(1.31229e-71 1.50847e-29 -3.79995e-29)
(1.06631e-65 1.35101e-29 -4.66924e-29)
(6.94794e-60 6.90027e-30 -5.64198e-29)
(3.4498e-54 -8.93507e-30 -6.39816e-29)
(1.19292e-48 -3.6301e-29 -6.11885e-29)
(-1.29649e-290 5.42657e-32 -8.37354e-33)
(-4.67212e-284 5.637e-32 -2.54959e-32)
(-1.65139e-277 6.06722e-32 -4.367e-32)
(-5.7204e-271 6.73416e-32 -6.35662e-32)
(-1.94026e-264 7.66404e-32 -8.59475e-32)
(-6.43777e-258 8.89299e-32 -1.11642e-31)
(-2.08736e-251 1.04681e-31 -1.41574e-31)
(-6.60608e-245 1.24489e-31 -1.76804e-31)
(-2.03807e-238 1.49093e-31 -2.18577e-31)
(-6.12073e-232 1.79402e-31 -2.68389e-31)
(-1.78644e-225 2.16532e-31 -3.2807e-31)
(-5.05791e-219 2.61851e-31 -3.99891e-31)
(-1.38614e-212 3.17047e-31 -4.86687e-31)
(-3.6676e-206 3.84197e-31 -5.9201e-31)
(-9.33974e-200 4.65872e-31 -7.20288e-31)
(-2.2801e-193 5.65255e-31 -8.77005e-31)
(-5.30887e-187 6.86277e-31 -1.06888e-30)
(-1.17055e-180 8.33786e-31 -1.30404e-30)
(-2.41854e-174 1.01372e-30 -1.59221e-30)
(-4.603e-168 1.23332e-30 -1.94488e-30)
(-7.81388e-162 1.50131e-30 -2.37556e-30)
(-1.09625e-155 1.82817e-30 -2.90005e-30)
(-9.45306e-150 2.22631e-30 -3.537e-30)
(9.64988e-144 2.71032e-30 -4.30861e-30)
(7.61225e-137 3.29717e-30 -5.24182e-30)
(2.48859e-130 4.00626e-30 -6.36992e-30)
(6.28815e-124 4.85927e-30 -7.73479e-30)
(1.36354e-117 5.87947e-30 -9.38939e-30)
(2.62725e-111 7.08982e-30 -1.14002e-29)
(4.55856e-105 8.50915e-30 -1.38493e-29)
(7.15149e-99 1.01445e-29 -1.68376e-29)
(1.01318e-92 1.19751e-29 -2.04978e-29)
(1.28995e-86 1.39121e-29 -2.50277e-29)
(1.46381e-80 1.56993e-29 -3.07343e-29)
(1.46302e-74 1.67028e-29 -3.80593e-29)
(1.2662e-68 1.54875e-29 -4.74945e-29)
(9.25458e-63 8.99165e-30 -5.87145e-29)
(5.49085e-57 -7.83688e-30 -6.84081e-29)
(2.47447e-51 -3.73578e-29 -6.67131e-29)
(-2.15851e-287 5.75513e-32 -8.15669e-33)
(-8.08508e-281 5.97831e-32 -2.48357e-32)
(-2.97657e-274 6.43459e-32 -4.25392e-32)
(-1.07643e-267 7.14195e-32 -6.19204e-32)
(-3.8213e-261 8.1282e-32 -8.37224e-32)
(-1.33075e-254 9.43165e-32 -1.08751e-31)
(-4.54277e-248 1.11023e-31 -1.37909e-31)
(-1.51898e-241 1.32032e-31 -1.72226e-31)
(-4.97082e-235 1.58126e-31 -2.12917e-31)
(-1.59062e-228 1.90271e-31 -2.61438e-31)
(-4.97232e-222 2.2965e-31 -3.19572e-31)
(-1.51692e-215 2.77713e-31 -3.89531e-31)
(-4.51138e-209 3.36249e-31 -4.74077e-31)
(-1.30643e-202 4.07463e-31 -5.76671e-31)
(-3.67915e-196 4.94081e-31 -7.01627e-31)
(-1.00623e-189 5.9948e-31 -8.54288e-31)
(-2.66864e-183 7.27832e-31 -1.0412e-30)
(-6.85212e-177 8.8428e-31 -1.27029e-30)
(-1.70033e-170 1.07513e-30 -1.55103e-30)
(-4.06983e-164 1.30806e-30 -1.89462e-30)
(-9.37618e-158 1.59235e-30 -2.31424e-30)
(-2.07424e-151 1.93912e-30 -2.82531e-30)
(-4.39481e-145 2.36158e-30 -3.44605e-30)
(-8.89197e-139 2.87528e-30 -4.19819e-30)
(-1.71241e-132 3.49831e-30 -5.10816e-30)
(-3.12722e-126 4.2515e-30 -6.20877e-30)
(-5.39278e-120 5.1583e-30 -7.54145e-30)
(-8.73903e-114 6.2442e-30 -9.15897e-30)
(-1.32332e-107 7.53514e-30 -1.11282e-29)
(-1.86019e-101 9.05401e-30 -1.35327e-29)
(-2.40844e-95 1.08138e-29 -1.64769e-29)
(-2.84515e-89 1.28031e-29 -2.0103e-29)
(-3.03133e-83 1.49486e-29 -2.46316e-29)
(-2.87086e-77 1.70182e-29 -3.04239e-29)
(-2.37189e-71 1.84057e-29 -3.80419e-29)
(-1.66715e-65 1.76662e-29 -4.82347e-29)
(-9.62216e-60 1.14838e-29 -6.10847e-29)
(-4.32094e-54 -6.24729e-30 -7.32515e-29)
(-1.3756e-48 -4.10015e-29 -7.24578e-29)
(-1.27653e-286 6.07481e-32 -7.92727e-33)
(-4.70366e-280 6.3104e-32 -2.41371e-32)
(-1.70219e-273 6.79204e-32 -4.13427e-32)
(-6.04594e-267 7.53873e-32 -6.0179e-32)
(-2.10619e-260 8.57982e-32 -8.13681e-32)
(-7.19102e-254 9.95577e-32 -1.05694e-31)
(-2.40435e-247 1.17193e-31 -1.34031e-31)
(-7.866e-241 1.3937e-31 -1.67383e-31)
(-2.51576e-234 1.66916e-31 -2.06929e-31)
(-7.85824e-228 2.00848e-31 -2.54084e-31)
(-2.39483e-221 2.42414e-31 -3.10582e-31)
(-7.11268e-215 2.93147e-31 -3.78571e-31)
(-2.05629e-208 3.54934e-31 -4.60737e-31)
(-5.77917e-202 4.30102e-31 -5.60443e-31)
(-1.57677e-195 5.2153e-31 -6.81884e-31)
(-4.16997e-189 6.32782e-31 -8.30255e-31)
(-1.06718e-182 7.68266e-31 -1.01192e-30)
(-2.63813e-176 9.33413e-31 -1.23458e-30)
(-6.28696e-170 1.13488e-30 -1.50746e-30)
(-1.44117e-163 1.3808e-30 -1.84144e-30)
(-3.17003e-157 1.68095e-30 -2.24934e-30)
(-6.67269e-151 2.04712e-30 -2.7462e-30)
(-1.34e-144 2.49328e-30 -3.34977e-30)
(-2.55848e-138 3.03591e-30 -4.08127e-30)
(-4.62625e-132 3.69425e-30 -4.96657e-30)
(-7.88672e-126 4.49055e-30 -6.03793e-30)
(-1.26102e-119 5.45002e-30 -7.33625e-30)
(-1.87951e-113 6.6005e-30 -8.91403e-30)
(-2.5924e-107 7.97102e-30 -1.08383e-29)
(-3.27986e-101 9.5889e-30 -1.31936e-29)
(-3.76477e-95 1.14737e-29 -1.60878e-29)
(-3.86597e-89 1.3625e-29 -1.96709e-29)
(-3.48577e-83 1.5988e-29 -2.41847e-29)
(-2.68783e-77 1.83628e-29 -3.00429e-29)
(-1.70152e-71 2.01894e-29 -3.79297e-29)
(-8.21254e-66 2.00526e-29 -4.88789e-29)
(-2.50918e-60 1.44252e-29 -6.34972e-29)
(-8.29564e-56 -3.99196e-30 -7.89052e-29)
(3.30598e-49 -4.30616e-29 -8.16524e-29)
(-3.87945e-290 6.38512e-32 -7.68562e-33)
(-1.42169e-283 6.63275e-32 -2.34013e-32)
(-5.11717e-277 7.13901e-32 -4.00825e-32)
(-1.80785e-270 7.92388e-32 -5.83448e-32)
(-6.26477e-264 9.01821e-32 -7.88883e-32)
(-2.12786e-257 1.04645e-31 -1.02473e-31)
(-7.07847e-251 1.23183e-31 -1.29946e-31)
(-2.30429e-244 1.46494e-31 -1.62281e-31)
(-7.33423e-238 1.75448e-31 -2.00621e-31)
(-2.28025e-231 2.11115e-31 -2.46338e-31)
(-6.9181e-225 2.54805e-31 -3.01112e-31)
(-2.04596e-218 3.0813e-31 -3.67027e-31)
(-5.89125e-212 3.73072e-31 -4.46687e-31)
(-1.64959e-205 4.52078e-31 -5.43352e-31)
(-4.48556e-199 5.48174e-31 -6.61091e-31)
(-1.18274e-192 6.65109e-31 -8.04941e-31)
(-3.01928e-186 8.07516e-31 -9.81077e-31)
(-7.44905e-180 9.81109e-31 -1.19697e-30)
(-1.77278e-173 1.19289e-30 -1.46155e-30)
(-4.06124e-167 1.45141e-30 -1.78541e-30)
(-8.93522e-161 1.76698e-30 -2.18097e-30)
(-1.88314e-154 2.15199e-30 -2.66285e-30)
(-3.79098e-148 2.62119e-30 -3.24829e-30)
(-7.26641e-142 3.19196e-30 -3.958e-30)
(-1.32135e-135 3.88469e-30 -4.81724e-30)
(-2.2702e-129 4.72301e-30 -5.85762e-30)
(-3.66785e-123 5.73396e-30 -7.11946e-30)
(-5.5424e-117 6.94773e-30 -8.65478e-30)
(-7.78319e-111 8.39667e-30 -1.05305e-29)
(-1.00812e-104 1.01128e-29 -1.28321e-29)
(-1.19352e-98 1.21229e-29 -1.56697e-29)
(-1.27725e-92 1.44384e-29 -1.92002e-29)
(-1.21844e-86 1.70268e-29 -2.3684e-29)
(-1.01769e-80 1.97275e-29 -2.95836e-29)
(-7.26541e-75 2.20474e-29 -3.7704e-29)
(-4.28527e-69 2.26482e-29 -4.93875e-29)
(-1.98245e-63 1.78656e-29 -6.58936e-29)
(-6.56824e-58 -9.24198e-31 -8.47489e-29)
(-1.26223e-52 -4.37921e-29 -8.90795e-29)
(-2.3003e-287 6.68557e-32 -7.43211e-33)
(-8.61834e-281 6.94487e-32 -2.26294e-32)
(-3.17368e-274 7.47497e-32 -3.87605e-32)
(-1.148e-267 8.29681e-32 -5.64206e-32)
(-4.07637e-261 9.44269e-32 -7.62868e-32)
(-1.41992e-254 1.09572e-31 -9.90934e-32)
(-4.84837e-248 1.28983e-31 -1.25661e-31)
(-1.62155e-241 1.53392e-31 -1.5693e-31)
(-5.30778e-235 1.8371e-31 -1.94005e-31)
(-1.69885e-228 2.21056e-31 -2.38213e-31)
(-5.31187e-222 2.66803e-31 -2.91179e-31)
(-1.62088e-215 3.22637e-31 -3.54917e-31)
(-4.82162e-209 3.90634e-31 -4.31948e-31)
(-1.39657e-202 4.73357e-31 -5.25423e-31)
(-3.9338e-196 5.73974e-31 -6.39278e-31)
(-1.07608e-189 6.96411e-31 -7.78386e-31)
(-2.85439e-183 8.45523e-31 -9.4872e-31)
(-7.33018e-177 1.0273e-30 -1.15751e-30)
(-1.81919e-170 1.24907e-30 -1.4134e-30)
(-4.35475e-164 1.5198e-30 -1.72662e-30)
(-1.00331e-157 1.8503e-30 -2.10923e-30)
(-2.21959e-151 2.25358e-30 -2.57536e-30)
(-4.70248e-145 2.7451e-30 -3.14178e-30)
(-9.51314e-139 3.34318e-30 -3.82857e-30)
(-1.83159e-132 4.0693e-30 -4.66036e-30)
(-3.34362e-126 4.9485e-30 -5.66807e-30)
(-5.76288e-120 6.00963e-30 -6.89131e-30)
(-9.33186e-114 7.28531e-30 -8.38148e-30)
(-1.41168e-107 8.81128e-30 -1.02053e-29)
(-1.98175e-101 1.06245e-29 -1.24484e-29)
(-2.56136e-95 1.27596e-29 -1.52226e-29)
(-3.01895e-89 1.52411e-29 -1.86901e-29)
(-3.20721e-83 1.80609e-29 -2.31269e-29)
(-3.0264e-77 2.11055e-29 -2.90388e-29)
(-2.48932e-71 2.39695e-29 -3.73455e-29)
(-1.74076e-65 2.54488e-29 -4.97152e-29)
(-9.99562e-60 2.18542e-29 -6.82117e-29)
(-4.47508e-54 3.09517e-30 -9.12367e-29)
(-1.43194e-48 -4.92448e-29 -9.76794e-29)
(-2.21415e-286 6.97572e-32 -7.16714e-33)
(-8.14409e-280 7.24627e-32 -2.18226e-32)
(-2.94175e-273 7.7994e-32 -3.73786e-32)
(-1.04281e-266 8.65694e-32 -5.44094e-32)
(-3.62526e-260 9.85261e-32 -7.35676e-32)
(-1.23503e-253 1.14329e-31 -9.55614e-32)
(-4.11975e-247 1.34583e-31 -1.21182e-31)
(-1.34447e-240 1.60054e-31 -1.51336e-31)
(-4.28867e-234 1.91689e-31 -1.87089e-31)
(-1.33585e-227 2.30657e-31 -2.2972e-31)
(-4.05883e-221 2.7839e-31 -2.80796e-31)
(-1.2016e-214 3.36648e-31 -3.42261e-31)
(-3.46184e-208 4.07595e-31 -4.16543e-31)
(-9.69316e-202 4.93907e-31 -5.06684e-31)
(-2.63399e-195 5.9889e-31 -6.1648e-31)
(-6.93543e-189 7.26641e-31 -7.50631e-31)
(-1.76646e-182 8.82228e-31 -9.149e-31)
(-4.34401e-176 1.0719e-30 -1.11626e-30)
(-1.0293e-169 1.30332e-30 -1.36305e-30)
(-2.34455e-163 1.58585e-30 -1.66516e-30)
(-5.12086e-157 1.93078e-30 -2.03422e-30)
(-1.06944e-150 2.35171e-30 -2.48389e-30)
(-2.12866e-144 2.86484e-30 -3.03037e-30)
(-4.02355e-138 3.48934e-30 -3.69316e-30)
(-7.19194e-132 4.2478e-30 -4.49617e-30)
(-1.20979e-125 5.16665e-30 -5.46955e-30)
(-1.90428e-119 6.27656e-30 -6.65209e-30)
(-2.78583e-113 7.61262e-30 -8.09444e-30)
(-3.75652e-107 9.21404e-30 -9.86271e-30)
(-4.62101e-101 1.1123e-29 -1.20425e-29)
(-5.11689e-95 1.33822e-29 -1.47464e-29)
(-5.00862e-89 1.60302e-29 -1.81399e-29)
(-4.22075e-83 1.90856e-29 -2.25111e-29)
(-2.93228e-77 2.24887e-29 -2.84019e-29)
(-1.53895e-71 2.59424e-29 -3.68353e-29)
(-4.61314e-66 2.84423e-29 -4.98106e-29)
(8.82861e-61 2.64378e-29 -7.03643e-29)
(1.95065e-54 8.44874e-30 -9.89687e-29)
(1.09394e-48 -5.25207e-29 -1.12083e-28)
(-5.72632e-290 7.2551e-32 -6.89112e-33)
(-2.09013e-283 7.5365e-32 -2.09822e-32)
(-7.49128e-277 8.1118e-32 -3.59391e-32)
(-2.63474e-270 9.00371e-32 -5.23142e-32)
(-9.08679e-264 1.02473e-31 -7.07349e-32)
(-3.07077e-257 1.1891e-31 -9.18819e-32)
(-1.01602e-250 1.39977e-31 -1.16516e-31)
(-3.28855e-244 1.66469e-31 -1.45509e-31)
(-1.04029e-237 1.99372e-31 -1.79884e-31)
(-3.21316e-231 2.39902e-31 -2.20873e-31)
(-9.68012e-225 2.89548e-31 -2.6998e-31)
(-2.84124e-218 3.50139e-31 -3.29076e-31)
(-8.11499e-212 4.23928e-31 -4.00496e-31)
(-2.25241e-205 5.13695e-31 -4.87164e-31)
(-6.06687e-199 6.22882e-31 -5.92731e-31)
(-1.58331e-192 7.5575e-31 -7.21719e-31)
(-3.99684e-186 9.17573e-31 -8.79668e-31)
(-9.74105e-180 1.11485e-30 -1.07329e-30)
(-2.28742e-173 1.35557e-30 -1.31061e-30)
(-5.1636e-167 1.64946e-30 -1.60113e-30)
(-1.11772e-160 2.0083e-30 -1.95605e-30)
(-2.3135e-154 2.44625e-30 -2.38855e-30)
(-4.56439e-148 2.9802e-30 -2.91425e-30)
(-8.55301e-142 3.6302e-30 -3.55197e-30)
(-1.516e-135 4.4199e-30 -4.3249e-30)
(-2.52969e-129 5.37711e-30 -5.26232e-30)
(-3.95211e-123 6.53429e-30 -6.40212e-30)
(-5.74309e-117 7.92904e-30 -7.79399e-30)
(-7.70203e-111 9.60414e-30 -9.50319e-30)
(-9.44093e-105 1.16071e-29 -1.16147e-29)
(-1.04492e-98 1.3989e-29 -1.42412e-29)
(-1.02779e-92 1.68031e-29 -1.75494e-29)
(-8.78983e-87 2.00961e-29 -2.18352e-29)
(-6.32869e-81 2.38676e-29 -2.76674e-29)
(-3.63634e-75 2.79488e-29 -3.61548e-29)
(-1.4935e-69 3.16062e-29 -4.96162e-29)
(-2.99268e-64 3.16501e-29 -7.22104e-29)
(7.98324e-59 1.55153e-29 -1.07028e-28)
(6.93509e-53 -5.38681e-29 -1.23772e-28)
(-1.23878e-289 7.52329e-32 -6.60447e-33)
(-4.52291e-283 7.8151e-32 -2.01094e-32)
(-1.62169e-276 8.41168e-32 -3.44442e-32)
(-5.70638e-270 9.3366e-32 -5.01383e-32)
(-1.9692e-263 1.06263e-31 -6.7793e-32)
(-6.65942e-257 1.23308e-31 -8.80607e-32)
(-2.20524e-250 1.45155e-31 -1.1167e-31)
(-7.14474e-244 1.72627e-31 -1.39457e-31)
(-2.26276e-237 2.06749e-31 -1.72402e-31)
(-6.99843e-231 2.48778e-31 -2.11685e-31)
(-2.11169e-224 3.0026e-31 -2.58749e-31)
(-6.20951e-218 3.63091e-31 -3.15385e-31)
(-1.77737e-211 4.39607e-31 -3.83831e-31)
(-4.94596e-205 5.32692e-31 -4.66893e-31)
(-1.3363e-198 6.45915e-31 -5.68069e-31)
(-3.50044e-192 7.83695e-31 -6.91693e-31)
(-8.87684e-186 9.51504e-31 -8.43079e-31)
(-2.17584e-179 1.15609e-30 -1.02866e-30)
(-5.14652e-173 1.40573e-30 -1.25613e-30)
(-1.17271e-166 1.71054e-30 -1.53462e-30)
(-2.57004e-160 2.08273e-30 -1.87486e-30)
(-5.40865e-154 2.53703e-30 -2.28951e-30)
(-1.09164e-147 3.091e-30 -2.79358e-30)
(-2.11146e-141 3.76553e-30 -3.40522e-30)
(-3.9141e-135 4.58531e-30 -4.14679e-30)
(-6.96381e-129 5.5795e-30 -5.04667e-30)
(-1.19303e-122 6.78236e-30 -6.14171e-30)
(-1.97879e-116 8.23399e-30 -7.48047e-30)
(-3.20013e-110 9.98076e-30 -9.1271e-30)
(-5.08082e-104 1.20756e-29 -1.11655e-29)
(-7.94473e-98 1.45783e-29 -1.37072e-29)
(-1.21843e-91 1.75568e-29 -1.69185e-29)
(-1.80867e-85 2.1087e-29 -2.10982e-29)
(-2.54393e-79 2.52317e-29 -2.68314e-29)
(-3.29736e-73 2.99675e-29 -3.52876e-29)
(-3.80238e-67 3.49056e-29 -4.90703e-29)
(-3.71013e-61 3.74999e-29 -7.35825e-29)
(-2.79771e-55 2.47087e-29 -1.16072e-28)
(-1.27787e-49 -5.24258e-29 -1.43601e-28)
(-4.71446e-286 7.77988e-32 -6.30764e-33)
(-1.7355e-279 8.08165e-32 -1.92055e-32)
(-6.27438e-273 8.69859e-32 -3.28961e-32)
(-2.2263e-266 9.6551e-32 -4.7885e-32)
(-7.74752e-260 1.09888e-31 -6.47465e-32)
(-2.64234e-253 1.27515e-31 -8.41035e-32)
(-8.82521e-247 1.50109e-31 -1.06652e-31)
(-2.88411e-240 1.78519e-31 -1.3319e-31)
(-9.21443e-234 2.13806e-31 -1.64654e-31)
(-2.87537e-227 2.5727e-31 -2.0217e-31)
(-8.7551e-221 3.10509e-31 -2.47118e-31)
(-2.59849e-214 3.75483e-31 -3.01207e-31)
(-7.50932e-208 4.54609e-31 -3.66575e-31)
(-2.1106e-201 5.50868e-31 -4.45902e-31)
(-5.76274e-195 6.67952e-31 -5.42531e-31)
(-1.52669e-188 8.10432e-31 -6.60601e-31)
(-3.91972e-182 9.8397e-31 -8.05189e-31)
(-9.74228e-176 1.19555e-30 -9.82442e-31)
(-2.34177e-169 1.45373e-30 -1.19972e-30)
(-5.44007e-163 1.76898e-30 -1.46573e-30)
(-1.22106e-156 2.15397e-30 -1.79075e-30)
(-2.64946e-150 2.62392e-30 -2.1869e-30)
(-5.56589e-144 3.19708e-30 -2.66855e-30)
(-1.13543e-137 3.89511e-30 -3.25311e-30)
(-2.25968e-131 4.74376e-30 -3.9621e-30)
(-4.41407e-125 5.77348e-30 -4.82291e-30)
(-8.51884e-119 7.02032e-30 -5.87122e-30)
(-1.63251e-112 8.52686e-30 -7.15431e-30)
(-3.10971e-106 1.03431e-29 -8.73487e-30)
(-5.86135e-100 1.25274e-29 -1.06952e-29)
(-1.08228e-93 1.51482e-29 -1.31449e-29)
(-1.93093e-87 1.82883e-29 -1.62476e-29)
(-3.27719e-81 2.20529e-29 -2.03002e-29)
(-5.20426e-75 2.65696e-29 -2.58913e-29)
(-7.59403e-69 3.19738e-29 -3.422e-29)
(-9.95692e-63 3.82904e-29 -4.81097e-29)
(-1.13458e-56 4.39568e-29 -7.42498e-29)
(-1.05371e-50 3.64755e-29 -1.25014e-28)
(-6.60775e-45 -4.73922e-29 -1.63531e-28)
(7.64193e-285 8.02447e-32 -6.00108e-33)
(2.99938e-278 8.33573e-32 -1.82721e-32)
(1.1529e-271 8.97208e-32 -3.12973e-32)
(4.33243e-265 9.9587e-32 -4.55579e-32)
(1.58818e-258 1.13344e-31 -6.16001e-32)
(5.66352e-252 1.31526e-31 -8.00166e-32)
(1.95732e-245 1.54831e-31 -1.01469e-31)
(6.52146e-239 1.84137e-31 -1.26717e-31)
(2.07843e-232 2.20534e-31 -1.56652e-31)
(6.25655e-226 2.65366e-31 -1.92344e-31)
(1.73843e-219 3.20279e-31 -2.35106e-31)
(4.24183e-213 3.87297e-31 -2.86564e-31)
(7.81622e-207 4.6891e-31 -3.48754e-31)
(2.1498e-201 5.68195e-31 -4.24224e-31)
(-7.73894e-194 6.88959e-31 -5.16156e-31)
(-5.38001e-187 8.3592e-31 -6.2849e-31)
(-2.6567e-180 1.01492e-30 -7.66057e-31)
(-1.12972e-173 1.23316e-30 -9.34707e-31)
(-4.37821e-167 1.49949e-30 -1.14145e-30)
(-1.58401e-160 1.8247e-30 -1.39457e-30)
(-5.41465e-154 2.22188e-30 -1.70387e-30)
(-1.76017e-147 2.70678e-30 -2.08088e-30)
(-5.46071e-141 3.29825e-30 -2.53935e-30)
(-1.61971e-134 4.01874e-30 -3.09588e-30)
(-4.59624e-128 4.89498e-30 -3.77112e-30)
(-1.24759e-121 5.95872e-30 -4.59136e-30)
(-3.23672e-115 7.24774e-30 -5.59103e-30)
(-8.01525e-109 8.80707e-30 -6.81592e-30)
(-1.89112e-102 1.06903e-29 -8.32699e-30)
(-4.24145e-96 1.29613e-29 -1.02045e-29)
(-9.01753e-90 1.5697e-29 -1.2555e-29)
(-1.8113e-83 1.89947e-29 -1.55376e-29)
(-3.42381e-77 2.29881e-29 -1.9442e-29)
(-6.06206e-71 2.78696e-29 -2.48472e-29)
(-9.99818e-65 3.39394e-29 -3.29434e-29)
(-1.52597e-58 4.16941e-29 -4.66737e-29)
(-2.13816e-52 5.09327e-29 -7.39455e-29)
(-2.72381e-46 5.13006e-29 -1.34342e-28)
(-3.11666e-40 -4.50873e-29 -1.90478e-28)
(-1.84806e-283 8.25668e-32 -5.68527e-33)
(-7.08121e-277 8.57695e-32 -1.73104e-32)
(-2.6541e-270 9.23174e-32 -2.96502e-32)
(-9.71119e-264 1.02469e-31 -4.31604e-32)
(-3.45992e-257 1.16625e-31 -5.83586e-32)
(-1.1963e-250 1.35335e-31 -7.58061e-32)
(-3.99556e-244 1.59315e-31 -9.61301e-32)
(-1.28043e-237 1.8947e-31 -1.20049e-31)
(-3.89569e-231 2.26922e-31 -1.48408e-31)
(-1.10487e-224 2.73052e-31 -1.82221e-31)
(-2.81519e-218 3.29556e-31 -2.22732e-31)
(-5.85288e-212 3.98514e-31 -2.7148e-31)
(-6.17617e-206 4.82489e-31 -3.30396e-31)
(2.6525e-199 5.84646e-31 -4.01893e-31)
(2.44367e-192 7.08904e-31 -4.88986e-31)
(1.29572e-185 8.60119e-31 -5.95409e-31)
(5.68414e-179 1.0443e-30 -7.25742e-31)
(2.2401e-172 1.26887e-30 -8.85528e-31)
(8.1869e-166 1.54293e-30 -1.08141e-30)
(2.81716e-159 1.87761e-30 -1.32125e-30)
(9.20109e-153 2.28638e-30 -1.61434e-30)
(2.86499e-146 2.78548e-30 -1.97163e-30)
(8.52476e-140 3.39435e-30 -2.40616e-30)
(2.42643e-133 4.13621e-30 -2.93376e-30)
(6.6075e-127 5.03872e-30 -3.57411e-30)
(1.72049e-120 6.13489e-30 -4.35236e-30)
(4.27891e-114 7.46419e-30 -5.30155e-30)
(1.01483e-107 9.07407e-30 -6.46579e-30)
(2.29054e-101 1.10217e-29 -7.90402e-30)
(4.9077e-95 1.33762e-29 -9.69392e-30)
(9.95192e-89 1.62229e-29 -1.19383e-29)
(1.90319e-82 1.96731e-29 -1.47894e-29)
(3.41814e-76 2.38872e-29 -1.85252e-29)
(5.73718e-70 2.91195e-29 -2.37011e-29)
(8.94731e-64 3.58336e-29 -3.14552e-29)
(1.28759e-57 4.50324e-29 -4.4711e-29)
(1.69576e-51 5.82579e-29 -7.23285e-29)
(2.02333e-45 7.00037e-29 -1.44217e-28)
(2.16005e-39 -4.63162e-29 -2.24037e-28)
(6.62271e-282 8.47616e-32 -5.36068e-33)
(2.79029e-275 8.80495e-32 -1.63221e-32)
(1.15902e-268 9.47716e-32 -2.79573e-32)
(4.74421e-262 1.05194e-31 -4.06963e-32)
(1.91279e-255 1.19726e-31 -5.5027e-32)
(7.59252e-249 1.38934e-31 -7.14786e-32)
(2.96545e-242 1.63553e-31 -9.06424e-32)
(1.13905e-235 1.94511e-31 -1.13196e-31)
(4.30022e-229 2.3296e-31 -1.39935e-31)
(1.59465e-222 2.80318e-31 -1.71817e-31)
(5.80473e-216 3.38325e-31 -2.10014e-31)
(2.07272e-209 4.09116e-31 -2.55978e-31)
(7.25476e-203 4.95323e-31 -3.11528e-31)
(2.48706e-196 6.00196e-31 -3.78941e-31)
(8.34389e-190 7.27756e-31 -4.61061e-31)
(2.73704e-183 8.82992e-31 -5.6141e-31)
(8.77024e-177 1.07208e-30 -6.84306e-31)
(2.74228e-170 1.30263e-30 -8.34981e-31)
(8.35808e-164 1.584e-30 -1.0197e-30)
(2.48016e-157 1.92763e-30 -1.24588e-30)
(7.15606e-151 2.34736e-30 -1.5223e-30)
(2.00488e-144 2.85989e-30 -1.85929e-30)
(5.4459e-138 3.48524e-30 -2.2692e-30)
(1.43187e-131 4.24733e-30 -2.76701e-30)
(3.63759e-125 5.17474e-30 -3.37138e-30)
(8.91136e-119 6.30167e-30 -4.10626e-30)
(2.10065e-112 7.66927e-30 -5.00319e-30)
(4.75336e-106 9.3273e-30 -6.10442e-30)
(1.02974e-99 1.13364e-29 -7.46656e-30)
(2.1293e-93 1.37709e-29 -9.16426e-30)
(4.18865e-87 1.67242e-29 -1.12957e-29)
(7.80884e-81 2.03206e-29 -1.40047e-29)
(1.3737e-74 2.47449e-29 -1.75527e-29)
(2.2689e-68 3.03076e-29 -2.24579e-29)
(3.49812e-62 3.7625e-29 -2.97608e-29)
(5.00005e-56 4.8205e-29 -4.21889e-29)
(6.57182e-50 6.56382e-29 -6.89512e-29)
(7.86423e-44 9.38407e-29 -1.55271e-28)
(8.46342e-38 4.47591e-29 -6.94734e-28)
(-1.65705e-281 8.68256e-32 -5.02783e-33)
(-7.00229e-275 9.01937e-32 -1.53086e-32)
(-2.91767e-268 9.70796e-32 -2.62213e-32)
(-1.1982e-261 1.07756e-31 -3.81695e-32)
(-4.84749e-255 1.22643e-31 -5.16105e-32)
(-1.931e-248 1.42319e-31 -6.70408e-32)
(-7.57013e-242 1.67539e-31 -8.50147e-32)
(-2.91903e-235 1.99252e-31 -1.06168e-31)
(-1.10646e-228 2.38639e-31 -1.31247e-31)
(-4.12033e-222 2.87152e-31 -1.61148e-31)
(-1.5064e-215 3.46572e-31 -1.96972e-31)
(-5.40337e-209 4.19088e-31 -2.40081e-31)
(-1.90014e-202 5.07394e-31 -2.9218e-31)
(-6.5458e-196 6.1482e-31 -3.55406e-31)
(-2.20717e-189 7.45487e-31 -4.32426e-31)
(-7.27814e-183 9.04503e-31 -5.26545e-31)
(-2.34477e-176 1.0982e-30 -6.41815e-31)
(-7.37284e-170 1.33437e-30 -7.83143e-31)
(-2.2602e-163 1.62263e-30 -9.56407e-31)
(-6.7472e-157 1.97467e-30 -1.16858e-30)
(-1.95889e-150 2.40472e-30 -1.42789e-30)
(-5.52344e-144 2.92989e-30 -1.74405e-30)
(-1.51031e-137 3.57076e-30 -2.12867e-30)
(-3.99829e-131 4.35191e-30 -2.59586e-30)
(-1.02295e-124 5.3028e-30 -3.16324e-30)
(-2.5244e-118 6.45878e-30 -3.85345e-30)
(-5.99577e-112 7.86258e-30 -4.69642e-30)
(-1.36734e-105 9.56623e-30 -5.73237e-30)
(-2.98606e-99 1.16337e-29 -7.01529e-30)
(-6.22614e-93 1.41445e-29 -8.61635e-30)
(-1.23533e-86 1.71994e-29 -1.06283e-29)
(-2.32352e-80 2.09346e-29 -1.31853e-29)
(-4.12503e-74 2.55563e-29 -1.65278e-29)
(-6.87793e-68 3.14232e-29 -2.11251e-29)
(-1.07083e-61 3.92829e-29 -2.78757e-29)
(-1.54611e-55 5.11002e-29 -3.91084e-29)
(-2.05342e-49 7.25849e-29 -6.32014e-29)
(-2.48385e-43 1.2078e-28 -1.48398e-28)
(-2.703e-37 2.23636e-28 -6.47874e-28)
(3.10356e-282 8.87558e-32 -4.68723e-33)
(1.31529e-275 9.21987e-32 -1.42714e-32)
(5.49821e-269 9.9238e-32 -2.44449e-32)
(2.26604e-262 1.10152e-31 -3.55837e-32)
(9.20362e-256 1.25371e-31 -4.81143e-32)
(3.68196e-249 1.45485e-31 -6.24995e-32)
(1.45012e-242 1.71267e-31 -7.92558e-32)
(5.61944e-236 2.03686e-31 -9.89758e-32)
(2.14139e-229 2.4395e-31 -1.22355e-31)
(8.01951e-223 2.93543e-31 -1.50231e-31)
(2.9496e-216 3.54285e-31 -1.83626e-31)
(1.06474e-209 4.28414e-31 -2.23813e-31)
(3.76938e-203 5.18683e-31 -2.72382e-31)
(1.30768e-196 6.28496e-31 -3.31323e-31)
(4.44199e-190 7.62067e-31 -4.03125e-31)
(1.47608e-183 9.2462e-31 -4.90868e-31)
(4.79388e-177 1.12262e-30 -5.98332e-31)
(1.52007e-170 1.36406e-30 -7.30094e-31)
(4.70067e-164 1.65875e-30 -8.91637e-31)
(1.416e-157 2.01867e-30 -1.08946e-30)
(4.14974e-151 2.45837e-30 -1.33125e-30)
(1.18148e-144 2.99538e-30 -1.62608e-30)
(3.26312e-138 3.65077e-30 -1.9848e-30)
(8.72819e-132 4.44978e-30 -2.4206e-30)
(2.25696e-125 5.42269e-30 -2.95001e-30)
(5.63092e-119 6.60593e-30 -3.59431e-30)
(1.35254e-112 8.04374e-30 -4.38171e-30)
(3.12028e-106 9.79035e-30 -5.3502e-30)
(6.89535e-100 1.19129e-29 -6.55092e-30)
(1.45527e-93 1.44958e-29 -8.05113e-30)
(2.92346e-87 1.76468e-29 -9.93764e-30)
(5.56893e-81 2.15126e-29 -1.23333e-29)
(1.00157e-74 2.63171e-29 -1.5455e-29)
(1.69224e-68 3.24567e-29 -1.97126e-29)
(2.67046e-62 4.078e-29 -2.58254e-29)
(3.90917e-56 5.36068e-29 -3.55285e-29)
(5.26511e-50 7.84613e-29 -5.50152e-29)
(6.46024e-44 1.45548e-28 -1.25061e-28)
(7.13296e-38 3.98514e-28 -6.29133e-28)
(-9.97025e-285 9.0549e-32 -4.3394e-33)
(1.50657e-277 9.40616e-32 -1.32123e-32)
(1.42931e-270 1.01243e-31 -2.26307e-32)
(9.15392e-264 1.12378e-31 -3.29429e-32)
(5.02871e-257 1.27905e-31 -4.45439e-32)
(2.52976e-250 1.48427e-31 -5.78616e-32)
(1.1976e-243 1.7473e-31 -7.33746e-32)
(5.40932e-237 2.07806e-31 -9.1631e-32)
(2.34946e-230 2.48885e-31 -1.13275e-31)
(9.85899e-224 2.99482e-31 -1.39081e-31)
(4.00884e-217 3.61452e-31 -1.69998e-31)
(1.58246e-210 4.37079e-31 -2.07201e-31)
(6.07104e-204 5.29172e-31 -2.52163e-31)
(2.26509e-197 6.41204e-31 -3.06729e-31)
(8.22075e-191 7.77473e-31 -3.73201e-31)
(2.9022e-184 9.4331e-31 -4.54434e-31)
(9.96372e-178 1.14532e-30 -5.53926e-31)
(3.32501e-171 1.39165e-30 -6.75917e-31)
(1.07788e-164 1.69231e-30 -8.25486e-31)
(3.39162e-158 2.05956e-30 -1.00866e-30)
(1.03488e-151 2.50822e-30 -1.23255e-30)
(3.05877e-145 3.05624e-30 -1.50557e-30)
(8.74627e-139 3.72515e-30 -1.83779e-30)
(2.41602e-132 4.54078e-30 -2.24148e-30)
(6.43699e-126 5.53418e-30 -2.73201e-30)
(1.65115e-119 6.74284e-30 -3.32924e-30)
(4.0694e-113 8.21241e-30 -4.05954e-30)
(9.61464e-107 9.99919e-30 -4.95853e-30)
(2.17212e-100 1.21734e-29 -6.07421e-30)
(4.67881e-94 1.48238e-29 -7.46959e-30)
(9.57789e-88 1.8065e-29 -9.22498e-30)
(1.85642e-81 2.20524e-29 -1.14512e-29)
(3.39235e-75 2.70236e-29 -1.4339e-29)
(5.81579e-69 3.34009e-29 -1.82325e-29)
(9.30041e-63 4.20951e-29 -2.36457e-29)
(1.37796e-56 5.56319e-29 -3.15721e-29)
(1.87621e-50 8.26474e-29 -4.4813e-29)
(2.32465e-44 1.62885e-28 -8.43882e-29)
(2.58907e-38 6.03587e-28 -6.9288e-28)
(-1.32699e-287 9.22027e-32 -3.98487e-33)
(-1.25499e-281 9.57795e-32 -1.21328e-32)
(1.24613e-274 1.03092e-31 -2.07816e-32)
(1.21953e-267 1.14431e-31 -3.02514e-32)
(7.71962e-261 1.30242e-31 -4.09046e-32)
(4.15322e-254 1.5114e-31 -5.31344e-32)
(2.03812e-247 1.77924e-31 -6.738e-32)
(9.3893e-241 2.11606e-31 -8.41448e-32)
(4.11953e-234 2.53437e-31 -1.0402e-31)
(1.73529e-227 3.04958e-31 -1.27717e-31)
(7.05177e-221 3.68062e-31 -1.56107e-31)
(2.77279e-214 4.45071e-31 -1.90269e-31)
(1.05687e-207 5.38846e-31 -2.31557e-31)
(3.90916e-201 6.52922e-31 -2.81663e-31)
(1.40391e-194 7.91679e-31 -3.42703e-31)
(4.89617e-188 9.60546e-31 -4.17299e-31)
(1.65795e-181 1.16625e-30 -5.08665e-31)
(5.44888e-175 1.41709e-30 -6.20695e-31)
(1.73697e-168 1.72327e-30 -7.58056e-31)
(5.36624e-162 2.09726e-30 -9.26283e-31)
(1.60508e-155 2.5542e-30 -1.13192e-30)
(4.6424e-149 3.11238e-30 -1.3827e-30)
(1.29657e-142 3.79376e-30 -1.68789e-30)
(3.49098e-136 4.62475e-30 -2.05879e-30)
(9.04446e-130 5.6371e-30 -2.5096e-30)
(2.24995e-123 6.86927e-30 -3.05866e-30)
(5.36101e-117 8.36826e-30 -3.73043e-30)
(1.22004e-110 1.01923e-29 -4.558e-30)
(2.64316e-104 1.24145e-29 -5.58599e-30)
(5.43012e-98 1.51278e-29 -6.87282e-30)
(1.05299e-91 1.84527e-29 -8.49192e-30)
(1.9166e-85 2.25522e-29 -1.05416e-29)
(3.25141e-79 2.76729e-29 -1.31853e-29)
(5.09442e-73 3.42505e-29 -1.66983e-29)
(7.28109e-67 4.32153e-29 -2.13792e-29)
(9.32002e-61 5.71189e-29 -2.7418e-29)
(1.03653e-54 8.47044e-29 -3.35646e-29)
(9.42391e-49 1.65805e-28 -2.08662e-29)
(5.86598e-43 5.94902e-28 6.0529e-28)
(-2.34399e-289 9.37141e-32 -3.6242e-33)
(-8.76274e-283 9.73496e-32 -1.10345e-32)
(-3.21646e-276 1.04783e-31 -1.89004e-32)
(-1.15827e-269 1.16307e-31 -2.75131e-32)
(-4.08821e-263 1.32378e-31 -3.72021e-32)
(-1.41286e-256 1.53619e-31 -4.83251e-32)
(-4.77522e-250 1.80844e-31 -6.12813e-32)
(-1.57627e-243 2.15079e-31 -7.65285e-32)
(-5.07365e-237 2.57598e-31 -9.46048e-32)
(-1.58942e-230 3.09965e-31 -1.16156e-31)
(-4.83474e-224 3.74104e-31 -1.41975e-31)
(-1.42381e-217 4.52376e-31 -1.73044e-31)
(-4.0439e-211 5.47688e-31 -2.10593e-31)
(-1.10186e-204 6.63634e-31 -2.56163e-31)
(-2.8581e-198 8.04665e-31 -3.11677e-31)
(-6.97222e-192 9.763e-31 -3.79521e-31)
(-1.56558e-185 1.18538e-30 -4.62618e-31)
(-3.09366e-179 1.44034e-30 -5.64513e-31)
(-4.73602e-173 1.75156e-30 -6.89451e-31)
(-2.26892e-167 2.13173e-30 -8.42469e-31)
(2.18836e-160 2.59624e-30 -1.02952e-30)
(1.26914e-153 3.16371e-30 -1.25766e-30)
(4.88674e-147 3.85651e-30 -1.53532e-30)
(1.58249e-140 4.70155e-30 -1.87281e-30)
(4.59229e-134 5.73126e-30 -2.28311e-30)
(1.22471e-127 6.98498e-30 -2.78301e-30)
(3.03622e-121 8.51096e-30 -3.39493e-30)
(7.0328e-115 1.03692e-29 -4.14928e-30)
(1.52421e-108 1.26356e-29 -5.08711e-30)
(3.08767e-102 1.54068e-29 -6.26195e-30)
(5.82836e-96 1.88087e-29 -7.74011e-30)
(1.01991e-89 2.30102e-29 -9.60716e-30)
(1.64211e-83 2.82629e-29 -1.19993e-29)
(2.40635e-77 3.50032e-29 -1.5124e-29)
(3.15911e-71 4.41376e-29 -1.9072e-29)
(3.62583e-65 5.80613e-29 -2.32743e-29)
(3.4903e-59 8.46222e-29 -2.30758e-29)
(2.59325e-53 1.54806e-28 1.76593e-29)
(1.18125e-47 3.84722e-28 4.88251e-28)
(-3.15659e-289 9.5081e-32 -3.25793e-33)
(-1.18518e-282 9.87697e-32 -9.91922e-33)
(-4.37356e-276 1.06311e-31 -1.699e-32)
(-1.58529e-269 1.18004e-31 -2.47323e-32)
(-5.64056e-263 1.3431e-31 -3.34422e-32)
(-1.9687e-256 1.55862e-31 -4.34411e-32)
(-6.73543e-250 1.83485e-31 -5.50879e-32)
(-2.25706e-243 2.18221e-31 -6.87941e-32)
(-7.40212e-237 2.61361e-31 -8.50431e-32)
(-2.37368e-230 3.14494e-31 -1.04416e-31)
(-7.43587e-224 3.7957e-31 -1.27625e-31)
(-2.27326e-217 4.58984e-31 -1.55553e-31)
(-6.77496e-211 5.55686e-31 -1.89305e-31)
(-1.96606e-204 6.73322e-31 -2.30268e-31)
(-5.54853e-198 8.16409e-31 -2.8017e-31)
(-1.52076e-191 9.90547e-31 -3.41157e-31)
(-4.04206e-185 1.20268e-30 -4.15857e-31)
(-1.0402e-178 1.46136e-30 -5.07458e-31)
(-2.58724e-172 1.77715e-30 -6.19777e-31)
(-6.20779e-166 2.1629e-30 -7.57346e-31)
(-1.43385e-159 2.63427e-30 -9.2552e-31)
(-3.18074e-153 3.21014e-30 -1.13064e-30)
(-6.75914e-147 3.91328e-30 -1.38032e-30)
(-1.37197e-140 4.77106e-30 -1.68384e-30)
(-2.65146e-134 5.8165e-30 -2.05291e-30)
(-4.86109e-128 7.08976e-30 -2.50272e-30)
(-8.41952e-122 8.64025e-30 -3.05358e-30)
(-1.37114e-115 1.05296e-29 -3.73307e-30)
(-2.08798e-109 1.28361e-29 -4.57847e-30)
(-2.95407e-103 1.56602e-29 -5.6382e-30)
(-3.85341e-97 1.91319e-29 -6.97126e-30)
(-4.59201e-91 2.34251e-29 -8.65073e-30)
(-4.9431e-85 2.87922e-29 -1.07867e-29)
(-4.73917e-79 3.56588e-29 -1.35233e-29)
(-3.97402e-73 4.48688e-29 -1.67676e-29)
(-2.8452e-67 5.85022e-29 -1.93211e-29)
(-1.68231e-61 8.27993e-29 -1.42156e-29)
(-7.8308e-56 1.37417e-28 3.91535e-29)
(-2.67117e-50 2.39408e-28 3.78113e-28)
(-5.94395e-289 9.63013e-32 -2.88663e-33)
(-2.23173e-282 1.00037e-31 -8.78863e-33)
(-8.23504e-276 1.07676e-31 -1.50534e-32)
(-2.98457e-269 1.19519e-31 -2.19134e-32)
(-1.0617e-262 1.36035e-31 -2.96306e-32)
(-3.70448e-256 1.57864e-31 -3.849e-32)
(-1.26687e-249 1.85843e-31 -4.88094e-32)
(-4.24306e-243 2.21027e-31 -6.09534e-32)
(-1.3906e-236 2.64722e-31 -7.53502e-32)
(-4.45561e-230 3.18538e-31 -9.25147e-32)
(-1.39438e-223 3.8445e-31 -1.13077e-31)
(-4.2577e-217 4.64884e-31 -1.37821e-31)
(-1.26709e-210 5.62827e-31 -1.67725e-31)
(-3.67078e-204 6.81972e-31 -2.04018e-31)
(-1.03387e-197 8.26894e-31 -2.48232e-31)
(-2.82701e-191 1.00327e-30 -3.02267e-31)
(-7.49333e-185 1.21812e-30 -3.68455e-31)
(-1.92217e-178 1.48013e-30 -4.49619e-31)
(-4.76308e-172 1.79999e-30 -5.49143e-31)
(-1.13788e-165 2.19073e-30 -6.71045e-31)
(-2.61496e-159 2.66822e-30 -8.20073e-31)
(-5.76675e-153 3.25161e-30 -1.00185e-30)
(-1.21707e-146 3.96399e-30 -1.22313e-30)
(-2.45076e-140 4.83315e-30 -1.49217e-30)
(-4.69238e-134 5.89266e-30 -1.81937e-30)
(-8.50954e-128 7.18341e-30 -2.21826e-30)
(-1.45513e-121 8.75585e-30 -2.70696e-30)
(-2.33424e-115 1.06731e-29 -3.3101e-30)
(-3.49156e-109 1.30157e-29 -4.061e-30)
(-4.83518e-103 1.58871e-29 -5.0028e-30)
(-6.1455e-97 1.94215e-29 -6.18712e-30)
(-7.09184e-91 2.37958e-29 -7.67509e-30)
(-7.32713e-85 2.92603e-29 -9.55259e-30)
(-6.64851e-79 3.62197e-29 -1.19087e-29)
(-5.14734e-73 4.54242e-29 -1.45033e-29)
(-3.23542e-67 5.85225e-29 -1.56882e-29)
(-1.48339e-61 7.97704e-29 -7.29277e-30)
(-3.38621e-56 1.18142e-28 4.8981e-29)
(9.99889e-51 1.4065e-28 3.03074e-28)
(4.12052e-291 9.73731e-32 -2.51087e-33)
(1.54682e-284 1.01151e-31 -7.64447e-33)
(5.70714e-278 1.08875e-31 -1.30936e-32)
(2.06835e-271 1.2085e-31 -1.90605e-32)
(7.35831e-265 1.3755e-31 -2.57733e-32)
(2.56793e-258 1.59623e-31 -3.34794e-32)
(8.78471e-252 1.87915e-31 -4.24554e-32)
(2.94358e-245 2.23491e-31 -5.30184e-32)
(9.6532e-239 2.67674e-31 -6.55408e-32)
(3.09554e-232 3.22091e-31 -8.04704e-32)
(9.69767e-226 3.88738e-31 -9.83556e-32)
(2.96503e-219 4.70068e-31 -1.19877e-31)
(8.83803e-213 5.69101e-31 -1.45888e-31)
(2.56536e-206 6.8957e-31 -1.77454e-31)
(7.24216e-200 8.36104e-31 -2.15911e-31)
(1.98578e-193 1.01444e-30 -2.62912e-31)
(5.28092e-187 1.23168e-30 -3.20484e-31)
(1.35992e-180 1.49662e-30 -3.91084e-31)
(3.38532e-174 1.82005e-30 -4.77658e-31)
(8.13104e-168 2.21518e-30 -5.837e-31)
(1.88042e-161 2.69804e-30 -7.13344e-31)
(4.17768e-155 3.28804e-30 -8.71489e-31)
(8.89378e-149 4.00855e-30 -1.06401e-30)
(1.80919e-142 4.88771e-30 -1.29811e-30)
(3.50554e-136 5.9596e-30 -1.58286e-30)
(6.4469e-130 7.26576e-30 -1.93009e-30)
(1.12076e-123 8.85753e-30 -2.35564e-30)
(1.83325e-117 1.07994e-29 -2.88111e-30)
(2.80639e-111 1.31738e-29 -3.53568e-30)
(3.99546e-105 1.60869e-29 -4.35704e-30)
(5.25115e-99 1.96766e-29 -5.3895e-30)
(6.31459e-93 2.41216e-29 -6.68297e-30)
(6.87273e-87 2.96672e-29 -8.3019e-30)
(6.67994e-81 3.66902e-29 -1.02906e-29)
(5.70049e-75 4.58259e-29 -1.2307e-29)
(4.1792e-69 5.82246e-29 -1.24518e-29)
(2.55864e-63 7.60668e-29 -2.2917e-30)
(1.26072e-57 9.95118e-29 5.13293e-29)
(4.76994e-52 7.43005e-29 2.31227e-28)
(-1.49663e-291 9.82948e-32 -2.13123e-33)
(-5.61265e-285 1.02109e-31 -6.48851e-33)
(-2.06857e-278 1.09905e-31 -1.11136e-32)
(-7.48782e-272 1.21995e-31 -1.61783e-32)
(-2.66035e-265 1.38853e-31 -2.1876e-32)
(-9.2708e-259 1.61136e-31 -2.8417e-32)
(-3.16645e-252 1.89697e-31 -3.60358e-32)
(-1.05916e-245 2.25611e-31 -4.50015e-32)
(-3.46676e-239 2.70214e-31 -5.56302e-32)
(-1.10935e-232 3.25148e-31 -6.83019e-32)
(-3.46725e-226 3.92426e-31 -8.34821e-32)
(-1.05736e-219 4.74526e-31 -1.01749e-31)
(-3.14276e-213 5.74496e-31 -1.23825e-31)
(-9.09344e-207 6.96105e-31 -1.50617e-31)
(-2.55813e-200 8.44023e-31 -1.83258e-31)
(-6.987e-194 1.02404e-30 -2.23152e-31)
(-1.85004e-187 1.24334e-30 -2.72018e-31)
(-4.74114e-181 1.5108e-30 -3.31945e-31)
(-1.17386e-174 1.8373e-30 -4.05432e-31)
(-2.80243e-168 2.2362e-30 -4.95447e-31)
(-6.43718e-162 2.72369e-30 -6.055e-31)
(-1.41926e-155 3.31938e-30 -7.39753e-31)
(-2.99558e-149 4.04688e-30 -9.03198e-31)
(-6.03479e-143 4.93467e-30 -1.10196e-30)
(-1.15653e-136 6.01722e-30 -1.34376e-30)
(-2.10052e-130 7.33665e-30 -1.63868e-30)
(-3.59996e-124 8.94508e-30 -2.00023e-30)
(-5.79322e-118 1.09082e-29 -2.44685e-30)
(-8.70348e-112 1.331e-29 -3.0035e-30)
(-1.21249e-105 1.62593e-29 -3.70224e-30)
(-1.55373e-99 1.98965e-29 -4.58019e-30)
(-1.81365e-93 2.44018e-29 -5.67698e-30)
(-1.90542e-87 3.00133e-29 -7.03887e-30)
(-1.77456e-81 3.70758e-29 -8.67696e-30)
(-1.43645e-75 4.60998e-29 -1.01964e-29)
(-9.84081e-70 5.77186e-29 -9.63999e-30)
(-5.49434e-64 7.21526e-29 9.64675e-31)
(-2.36066e-58 8.28422e-29 4.86275e-29)
(-7.08848e-53 2.74264e-29 1.72988e-28)
(-7.69719e-290 9.90648e-32 -1.74829e-33)
(-2.8924e-283 1.02909e-31 -5.32253e-33)
(-1.06833e-276 1.10767e-31 -9.11642e-33)
(-3.8762e-270 1.22951e-31 -1.3271e-32)
(-1.38066e-263 1.39942e-31 -1.7945e-32)
(-4.82447e-257 1.624e-31 -2.33106e-32)
(-1.65267e-250 1.91186e-31 -2.95604e-32)
(-5.54574e-244 2.27383e-31 -3.69149e-32)
(-1.82146e-237 2.72337e-31 -4.56336e-32)
(-5.85043e-231 3.27703e-31 -5.60279e-32)
(-1.83595e-224 3.9551e-31 -6.84798e-32)
(-5.6235e-218 4.78253e-31 -8.34633e-32)
(-1.67943e-211 5.79006e-31 -1.01572e-31)
(-4.8846e-205 7.01566e-31 -1.23549e-31)
(-1.38188e-198 8.50641e-31 -1.50324e-31)
(-3.79754e-192 1.03207e-30 -1.83048e-31)
(-1.01227e-185 1.25309e-30 -2.23133e-31)
(-2.61319e-179 1.52264e-30 -2.72293e-31)
(-6.52192e-173 1.85171e-30 -3.32577e-31)
(-1.5707e-166 2.25376e-30 -4.06423e-31)
(-3.64272e-160 2.74512e-30 -4.96709e-31)
(-8.11673e-154 3.34556e-30 -6.06852e-31)
(-1.73325e-147 4.07892e-30 -7.40952e-31)
(-3.53704e-141 4.97393e-30 -9.04037e-31)
(-6.8762e-135 6.06541e-30 -1.10246e-30)
(-1.26894e-128 7.39594e-30 -1.34451e-30)
(-2.21391e-122 9.01834e-30 -1.64133e-30)
(-3.63501e-116 1.09992e-29 -2.00812e-30)
(-5.58675e-110 1.3424e-29 -2.46546e-30)
(-7.98774e-104 1.64036e-29 -3.03974e-30)
(-1.05467e-97 2.00807e-29 -3.761e-30)
(-1.27474e-91 2.4636e-29 -4.65961e-30)
(-1.39536e-85 3.02996e-29 -5.7671e-30)
(-1.36488e-79 3.73829e-29 -7.07326e-30)
(-1.17262e-73 4.62735e-29 -8.17847e-30)
(-8.64621e-68 5.71118e-29 -7.24126e-30)
(-5.29593e-62 6.8405e-29 2.73302e-30)
(-2.56626e-56 6.88354e-29 4.23839e-29)
(-9.10104e-51 -3.05737e-30 1.34602e-28)
(2.24614e-290 9.96821e-32 -1.36264e-33)
(8.21032e-284 1.0355e-31 -4.14832e-33)
(2.94741e-277 1.11457e-31 -7.10516e-33)
(1.03847e-270 1.23718e-31 -1.03433e-32)
(3.58851e-264 1.40815e-31 -1.39861e-32)
(1.21531e-257 1.63414e-31 -1.81681e-32)
(4.0306e-251 1.92381e-31 -2.30392e-32)
(1.30798e-244 2.28805e-31 -2.87712e-32)
(4.14944e-238 2.74041e-31 -3.55664e-32)
(1.28565e-231 3.29752e-31 -4.36674e-32)
(3.88652e-225 3.97983e-31 -5.33719e-32)
(1.14504e-218 4.81243e-31 -6.50494e-32)
(3.28393e-212 5.82623e-31 -7.91623e-32)
(9.15635e-206 7.05945e-31 -9.62903e-32)
(2.47862e-199 8.55946e-31 -1.17158e-31)
(6.50434e-193 1.0385e-30 -1.42662e-31)
(1.65195e-186 1.2609e-30 -1.73905e-31)
(4.05337e-180 1.53213e-30 -2.1222e-31)
(9.5899e-174 1.86326e-30 -2.59207e-31)
(2.18302e-167 2.26784e-30 -3.16765e-31)
(4.76999e-161 2.76231e-30 -3.8714e-31)
(9.97811e-155 3.36656e-30 -4.72994e-31)
(1.99238e-148 4.10462e-30 -5.77526e-31)
(3.7849e-142 5.00542e-30 -7.0466e-31)
(6.81511e-136 6.10407e-30 -8.59356e-31)
(1.1582e-129 7.44353e-30 -1.04809e-30)
(1.84868e-123 9.07713e-30 -1.27957e-30)
(2.75584e-117 1.10723e-29 -1.56571e-30)
(3.81134e-111 1.35156e-29 -1.92261e-30)
(4.85191e-105 1.65196e-29 -2.3709e-30)
(5.63169e-99 2.02288e-29 -2.93372e-30)
(5.89108e-93 2.4824e-29 -3.63319e-30)
(5.47302e-87 3.05272e-29 -4.4895e-30)
(4.43129e-81 3.76179e-29 -5.4822e-30)
(3.04862e-75 4.63733e-29 -6.25063e-30)
(1.71956e-69 5.65005e-29 -5.21369e-30)
(7.52973e-64 6.51119e-29 3.30941e-30)
(2.32684e-58 5.77445e-29 3.43349e-29)
(4.04317e-53 -2.23263e-29 9.50131e-29)
(8.65009e-287 1.00146e-31 -9.7486e-34)
(3.18926e-280 1.04032e-31 -2.96768e-33)
(1.15491e-273 1.11976e-31 -5.08293e-33)
(4.10502e-267 1.24294e-31 -7.39948e-33)
(1.43115e-260 1.41471e-31 -1.00056e-32)
(4.89039e-254 1.64176e-31 -1.29975e-32)
(1.63662e-247 1.93278e-31 -1.64822e-32)
(5.35965e-241 2.29874e-31 -2.05829e-32)
(1.71603e-234 2.75321e-31 -2.54441e-32)
(5.36656e-228 3.31294e-31 -3.12394e-32)
(1.63761e-221 3.99843e-31 -3.81817e-32)
(4.8707e-215 4.8349e-31 -4.65354e-32)
(1.41035e-208 5.85341e-31 -5.66313e-32)
(3.97067e-202 7.09235e-31 -6.88841e-32)
(1.08544e-195 8.59931e-31 -8.38121e-32)
(2.87676e-189 1.04333e-30 -1.02058e-31)
(7.3799e-183 1.26676e-30 -1.24408e-31)
(1.82926e-176 1.53925e-30 -1.51819e-31)
(4.37258e-170 1.87193e-30 -1.85435e-31)
(1.00578e-163 2.27841e-30 -2.26614e-31)
(2.22101e-157 2.77521e-30 -2.76964e-31)
(4.69609e-151 3.38234e-30 -3.38389e-31)
(9.47962e-145 4.12393e-30 -4.1318e-31)
(1.82091e-138 5.0291e-30 -5.04146e-31)
(3.31603e-132 6.13315e-30 -6.14839e-31)
(5.70097e-126 7.47933e-30 -7.49902e-31)
(9.20832e-120 9.12136e-30 -9.15581e-31)
(1.38958e-113 1.11272e-29 -1.12042e-30)
(1.94636e-107 1.35845e-29 -1.376e-30)
(2.51098e-101 1.66069e-29 -1.6971e-30)
(2.9561e-95 2.03404e-29 -2.10012e-30)
(3.1402e-89 2.49656e-29 -2.59993e-30)
(2.96816e-83 3.0697e-29 -3.20833e-30)
(2.45254e-77 3.77866e-29 -3.90404e-30)
(1.73128e-71 4.64228e-29 -4.40194e-30)
(1.01259e-65 5.59656e-29 -3.49353e-30)
(4.70637e-60 6.24811e-29 2.98183e-30)
(1.6426e-54 4.95891e-29 2.48961e-29)
(4.03125e-49 -3.31681e-29 6.89205e-29)
(2.22564e-290 1.00456e-31 -5.85543e-34)
(8.14156e-284 1.04354e-31 -1.78244e-33)
(2.92485e-277 1.12323e-31 -3.05286e-33)
(1.03124e-270 1.24678e-31 -4.44425e-33)
(3.56593e-264 1.41909e-31 -6.00961e-33)
(1.20843e-257 1.64685e-31 -7.80662e-33)
(4.01025e-251 1.93879e-31 -9.89969e-33)
(1.30213e-244 2.30588e-31 -1.23627e-32)
(4.13317e-238 2.76178e-31 -1.52824e-32)
(1.28128e-231 3.32324e-31 -1.87631e-32)
(3.87523e-225 4.01086e-31 -2.29327e-32)
(1.14225e-218 4.84992e-31 -2.79499e-32)
(3.27737e-212 5.87156e-31 -3.40134e-32)
(9.14186e-206 7.11431e-31 -4.13723e-32)
(2.47566e-199 8.62589e-31 -5.03382e-32)
(6.49894e-193 1.04655e-30 -6.12966e-32)
(1.65114e-186 1.27067e-30 -7.47208e-32)
(4.05267e-180 1.544e-30 -9.11847e-32)
(9.59111e-174 1.87771e-30 -1.11376e-31)
(2.18391e-167 2.28545e-30 -1.3611e-31)
(4.77317e-161 2.78382e-30 -1.66353e-31)
(9.98721e-155 3.39287e-30 -2.03249e-31)
(1.99466e-148 4.13683e-30 -2.48175e-31)
(3.79009e-142 5.04492e-30 -3.02817e-31)
(6.82597e-136 6.15259e-30 -3.69311e-31)
(1.1603e-129 7.50325e-30 -4.50449e-31)
(1.85245e-123 9.15092e-30 -5.49989e-31)
(2.7621e-117 1.1164e-29 -6.73078e-31)
(3.82098e-111 1.36306e-29 -8.26688e-31)
(4.86558e-105 1.66652e-29 -1.01973e-30)
(5.64945e-99 2.04152e-29 -1.26196e-30)
(5.91203e-93 2.50608e-29 -1.56187e-30)
(5.49524e-87 3.08101e-29 -1.9253e-30)
(4.45215e-81 3.78941e-29 -2.33704e-30)
(3.06562e-75 4.6441e-29 -2.61482e-30)
(1.73124e-69 5.55693e-29 -2.00204e-30)
(7.59421e-64 6.06523e-29 2.03409e-30)
(2.35308e-58 4.42593e-29 1.52049e-29)
(4.10615e-53 -3.77447e-29 3.85315e-29)
(2.88528e-294 1.00608e-31 -1.95343e-34)
(1.0473e-287 1.04513e-31 -5.94625e-34)
(3.73294e-281 1.12494e-31 -1.01843e-33)
(1.3057e-274 1.24869e-31 -1.48261e-33)
(4.47866e-268 1.42127e-31 -2.00482e-33)
(1.50537e-261 1.64939e-31 -2.60431e-33)
(4.95433e-255 1.94179e-31 -3.30257e-33)
(1.59519e-248 2.30946e-31 -4.12423e-33)
(5.02039e-242 2.76608e-31 -5.09825e-33)
(1.54293e-235 3.32842e-31 -6.25941e-33)
(4.62582e-229 4.01712e-31 -7.65034e-33)
(1.35143e-222 4.85747e-31 -9.32401e-33)
(3.84275e-216 5.88069e-31 -1.13467e-32)
(1.06214e-209 7.12532e-31 -1.38015e-32)
(2.84979e-203 8.63919e-31 -1.67922e-32)
(7.41109e-197 1.04816e-30 -2.04477e-32)
(1.86501e-190 1.27261e-30 -2.49258e-32)
(4.53352e-184 1.54636e-30 -3.04181e-32)
(1.06242e-177 1.88058e-30 -3.71538e-32)
(2.39515e-171 2.28896e-30 -4.54053e-32)
(5.18211e-165 2.7881e-30 -5.54948e-32)
(1.07318e-158 3.39812e-30 -6.78042e-32)
(2.12107e-152 4.14328e-30 -8.2792e-32)
(3.98757e-146 5.05285e-30 -1.01022e-31)
(7.10409e-140 6.16234e-30 -1.23206e-31)
(1.19426e-133 7.51527e-30 -1.50275e-31)
(1.88518e-127 9.16576e-30 -1.83486e-31)
(2.77841e-121 1.11824e-29 -2.24557e-31)
(3.79771e-115 1.36536e-29 -2.75821e-31)
(4.77618e-109 1.66946e-29 -3.4026e-31)
(5.47388e-103 2.04532e-29 -4.21123e-31)
(5.64966e-97 2.51095e-29 -5.21101e-31)
(5.17329e-91 3.08673e-29 -6.41855e-31)
(4.12167e-85 3.79444e-29 -7.78086e-31)
(2.78278e-79 4.64418e-29 -8.67152e-31)
(1.53293e-73 5.5353e-29 -6.51519e-31)
(6.49274e-68 5.97083e-29 7.19855e-31)
(1.89881e-62 4.15832e-29 5.21767e-30)
(2.94236e-57 -4.2396e-29 1.01866e-29)
(2.5768e-05 7.56027e-22 2.3247e-22)
(8.00125e-06 1.11229e-21 5.30833e-22)
(7.99833e-06 7.09078e-22 3.41037e-22)
(7.99557e-06 3.22315e-22 1.62062e-22)
(-9.77662e-06 -3.05052e-23 -4.62208e-23)
(2.00382e-10 4.44238e-23 -1.90423e-22)
(-6.17945e-11 6.78929e-23 -7.89604e-23)
(1.61622e-11 3.34139e-23 -5.27225e-23)
(-6.18404e-11 1.29854e-23 -1.8727e-23)
(-1.19788e-11 3.04745e-24 -2.84668e-23)
(6.74261e-16 2.46573e-24 -1.07817e-23)
(-6.16783e-16 3.592e-24 -4.37524e-24)
(2.19325e-17 1.6121e-24 -2.47526e-24)
(-1.65856e-16 7.89411e-25 -1.66256e-24)
(1.96921e-16 3.03947e-25 -1.54853e-24)
(8.2269e-22 1.2882e-25 -5.81822e-25)
(-2.03596e-21 1.86277e-25 -2.28731e-25)
(9.87495e-22 8.6344e-26 -1.40058e-25)
(2.02252e-22 4.67429e-26 -9.96867e-26)
(1.38053e-22 1.78742e-26 -7.65776e-26)
(-1.3585e-27 3.93525e-27 -2.73244e-26)
(-1.43365e-27 4.17744e-27 -1.04621e-26)
(4.61217e-27 -9.37642e-28 -5.99205e-27)
(-1.26456e-27 -3.00146e-27 -3.4922e-27)
(-4.59021e-28 -1.82045e-27 -5.10538e-28)
)
;

boundaryField
{
    fixedWallsLeftTop
    {
        type            noSlip;
    }
    backFaceLeftTop
    {
        type            noSlip;
    }
    frontFaceLeftTop
    {
        type            noSlip;
    }
    symmetryWallLeftTop
    {
        type            zeroGradient;
    }
    topToBottom
    {
        type            noSlip;
    }
    plug
    {
        type            cyclicAMI;
        value           nonuniform List<vector> 
40
(
(-1.53006e-28 -1.92037e-27 2.64747e-27)
(-1.53006e-28 -2.23251e-27 2.63277e-27)
(-1.53007e-28 -2.07391e-27 2.61417e-27)
(-1.53083e-28 1.33387e-26 4.09722e-27)
(-2.23751e-28 -1.17669e-27 1.74132e-27)
(-1.53083e-28 -1.58878e-26 3.84603e-27)
(-1.53007e-28 -9.05907e-28 2.68171e-27)
(-1.53007e-28 -7.46196e-28 2.66654e-27)
(-4.21523e-28 -1.44152e-27 1.92586e-27)
(-4.21523e-28 -1.58703e-27 1.92247e-27)
(-4.21523e-28 -1.90337e-27 1.89098e-27)
(-4.21525e-28 -1.76035e-27 1.89061e-27)
(-4.21736e-28 1.36331e-26 3.31145e-27)
(-6.16411e-28 -1.33768e-27 3.90907e-28)
(-4.21735e-28 -1.57193e-26 3.15425e-27)
(-4.21519e-28 -6.88775e-28 1.94189e-27)
(1.5374e-27 1.36912e-28 1.26041e-27)
(1.53739e-27 -1.85648e-28 1.28607e-27)
(1.53739e-27 -3.4302e-28 1.28723e-27)
(1.53739e-27 -6.70683e-28 1.27262e-27)
(1.5374e-27 -5.37791e-28 1.28657e-27)
(1.53818e-27 1.4758e-26 2.63311e-27)
(2.2482e-27 -6.08235e-29 -8.08002e-28)
(1.53817e-27 -1.45681e-26 2.58975e-27)
(-4.77886e-28 2.16025e-27 -2.29855e-28)
(-4.77882e-28 2.26249e-27 -2.20453e-28)
(-4.77882e-28 1.91481e-27 -1.91217e-28)
(-4.77882e-28 1.73516e-27 -1.78418e-28)
(-4.77882e-28 1.38507e-27 -1.8138e-28)
(-4.77884e-28 1.49369e-27 -1.59489e-28)
(-4.78139e-28 1.6392e-26 1.08001e-27)
(-6.98836e-28 3.70577e-27 -3.16513e-27)
(-4.5306e-28 -1.09197e-26 -5.09727e-27)
(-4.52837e-28 2.0648e-27 -6.25326e-27)
(-4.52836e-28 2.06043e-27 -6.24601e-27)
(-4.52836e-28 1.63056e-27 -6.21769e-27)
(-4.52836e-28 1.36102e-27 -6.21053e-27)
(-4.52836e-28 1.00729e-27 -6.21994e-27)
(-4.52837e-28 8.74161e-28 -6.22815e-27)
(-4.52964e-28 7.892e-27 -5.71834e-27)
)
;
    }
    fixedWallsChannel
    {
        type            noSlip;
    }
    inlet
    {
        type            fixedValue;
        value           uniform (1 0 0);
    }
    outlet
    {
        type            cyclicAMI;
        value           nonuniform List<vector> 5((-1.64111e-28 -1.44066e-27 2.82516e-27) (-4.52114e-28 -1.35014e-27 1.99331e-27) (1.64897e-27 -1.79431e-28 1.27275e-27) (-5.12538e-28 3.8748e-27 -5.0572e-28) (-4.5288e-28 7.4632e-28 -6.0239e-27));
    }
    backFaceInletChannel
    {
        type            noSlip;
    }
    frontFaceInletChannel
    {
        type            noSlip;
    }
}


// ************************************************************************* //
