/*--------------------------------*- C++ -*----------------------------------*\
| =========                 |                                                 |
| \\      /  F ield         | OpenFOAM: The Open Source CFD Toolbox           |
|  \\    /   O peration     | Version:  4.1                                   |
|   \\  /    A nd           | Web:      www.OpenFOAM.org                      |
|    \\/     M anipulation  |                                                 |
\*---------------------------------------------------------------------------*/
FoamFile
{
    version     2.0;
    format      ascii;
    class       labelList;
    note        "nPoints:17598  nCells:8505  nFaces:34310  nInternalFaces:16640";
    location    "constant/polyMesh";
    object      neighbour;
}
// * * * * * * * * * * * * * * * * * * * * * * * * * * * * * * * * * * * * * //


16640
(
1
2
1679
3
4
5
6
1640
7
8
9
10
1601
11
12
13
1562
14
15
16
17
1523
18
19
20
1484
21
22
23
24
1445
25
26
27
28
1406
29
30
31
1367
32
33
34
35
1328
36
37
38
1289
39
40
41
42
43
44
45
1250
46
47
48
49
50
51
52
53
54
1211
55
56
57
58
59
60
61
62
63
1172
64
65
66
67
68
69
70
71
72
1133
73
74
75
76
77
78
79
80
81
1094
82
1055
83
84
1016
85
86
977
87
938
88
89
899
90
860
91
92
821
93
94
782
95
743
96
97
704
98
99
665
100
626
101
102
587
103
548
104
105
509
106
107
470
108
431
109
110
392
111
112
353
113
314
114
115
275
116
236
117
118
197
119
158
121
159
122
160
123
161
124
162
125
163
126
164
127
165
128
166
129
167
130
168
131
169
132
170
133
171
134
172
135
173
136
174
137
175
138
176
139
177
140
178
141
179
142
180
143
181
144
182
145
183
146
184
147
185
148
186
149
187
150
188
151
189
152
190
153
191
154
192
155
193
156
194
157
195
158
196
197
160
198
161
199
162
200
163
201
164
202
165
203
166
204
167
205
168
206
169
207
170
208
171
209
172
210
173
211
174
212
175
213
176
214
177
215
178
216
179
217
180
218
181
219
182
220
183
221
184
222
185
223
186
224
187
225
188
226
189
227
190
228
191
229
192
230
193
231
194
232
195
233
196
234
197
235
236
199
237
200
238
201
239
202
240
203
241
204
242
205
243
206
244
207
245
208
246
209
247
210
248
211
249
212
250
213
251
214
252
215
253
216
254
217
255
218
256
219
257
220
258
221
259
222
260
223
261
224
262
225
263
226
264
227
265
228
266
229
267
230
268
231
269
232
270
233
271
234
272
235
273
236
274
275
238
276
239
277
240
278
241
279
242
280
243
281
244
282
245
283
246
284
247
285
248
286
249
287
250
288
251
289
252
290
253
291
254
292
255
293
256
294
257
295
258
296
259
297
260
298
261
299
262
300
263
301
264
302
265
303
266
304
267
305
268
306
269
307
270
308
271
309
272
310
273
311
274
312
275
313
314
277
315
278
316
279
317
280
318
281
319
282
320
283
321
284
322
285
323
286
324
287
325
288
326
289
327
290
328
291
329
292
330
293
331
294
332
295
333
296
334
297
335
298
336
299
337
300
338
301
339
302
340
303
341
304
342
305
343
306
344
307
345
308
346
309
347
310
348
311
349
312
350
313
351
314
352
353
316
354
317
355
318
356
319
357
320
358
321
359
322
360
323
361
324
362
325
363
326
364
327
365
328
366
329
367
330
368
331
369
332
370
333
371
334
372
335
373
336
374
337
375
338
376
339
377
340
378
341
379
342
380
343
381
344
382
345
383
346
384
347
385
348
386
349
387
350
388
351
389
352
390
353
391
392
355
393
356
394
357
395
358
396
359
397
360
398
361
399
362
400
363
401
364
402
365
403
366
404
367
405
368
406
369
407
370
408
371
409
372
410
373
411
374
412
375
413
376
414
377
415
378
416
379
417
380
418
381
419
382
420
383
421
384
422
385
423
386
424
387
425
388
426
389
427
390
428
391
429
392
430
431
394
432
395
433
396
434
397
435
398
436
399
437
400
438
401
439
402
440
403
441
404
442
405
443
406
444
407
445
408
446
409
447
410
448
411
449
412
450
413
451
414
452
415
453
416
454
417
455
418
456
419
457
420
458
421
459
422
460
423
461
424
462
425
463
426
464
427
465
428
466
429
467
430
468
431
469
470
433
471
434
472
435
473
436
474
437
475
438
476
439
477
440
478
441
479
442
480
443
481
444
482
445
483
446
484
447
485
448
486
449
487
450
488
451
489
452
490
453
491
454
492
455
493
456
494
457
495
458
496
459
497
460
498
461
499
462
500
463
501
464
502
465
503
466
504
467
505
468
506
469
507
470
508
509
472
510
473
511
474
512
475
513
476
514
477
515
478
516
479
517
480
518
481
519
482
520
483
521
484
522
485
523
486
524
487
525
488
526
489
527
490
528
491
529
492
530
493
531
494
532
495
533
496
534
497
535
498
536
499
537
500
538
501
539
502
540
503
541
504
542
505
543
506
544
507
545
508
546
509
547
548
511
549
512
550
513
551
514
552
515
553
516
554
517
555
518
556
519
557
520
558
521
559
522
560
523
561
524
562
525
563
526
564
527
565
528
566
529
567
530
568
531
569
532
570
533
571
534
572
535
573
536
574
537
575
538
576
539
577
540
578
541
579
542
580
543
581
544
582
545
583
546
584
547
585
548
586
587
550
588
551
589
552
590
553
591
554
592
555
593
556
594
557
595
558
596
559
597
560
598
561
599
562
600
563
601
564
602
565
603
566
604
567
605
568
606
569
607
570
608
571
609
572
610
573
611
574
612
575
613
576
614
577
615
578
616
579
617
580
618
581
619
582
620
583
621
584
622
585
623
586
624
587
625
626
589
627
590
628
591
629
592
630
593
631
594
632
595
633
596
634
597
635
598
636
599
637
600
638
601
639
602
640
603
641
604
642
605
643
606
644
607
645
608
646
609
647
610
648
611
649
612
650
613
651
614
652
615
653
616
654
617
655
618
656
619
657
620
658
621
659
622
660
623
661
624
662
625
663
626
664
665
628
666
629
667
630
668
631
669
632
670
633
671
634
672
635
673
636
674
637
675
638
676
639
677
640
678
641
679
642
680
643
681
644
682
645
683
646
684
647
685
648
686
649
687
650
688
651
689
652
690
653
691
654
692
655
693
656
694
657
695
658
696
659
697
660
698
661
699
662
700
663
701
664
702
665
703
704
667
705
668
706
669
707
670
708
671
709
672
710
673
711
674
712
675
713
676
714
677
715
678
716
679
717
680
718
681
719
682
720
683
721
684
722
685
723
686
724
687
725
688
726
689
727
690
728
691
729
692
730
693
731
694
732
695
733
696
734
697
735
698
736
699
737
700
738
701
739
702
740
703
741
704
742
743
706
744
707
745
708
746
709
747
710
748
711
749
712
750
713
751
714
752
715
753
716
754
717
755
718
756
719
757
720
758
721
759
722
760
723
761
724
762
725
763
726
764
727
765
728
766
729
767
730
768
731
769
732
770
733
771
734
772
735
773
736
774
737
775
738
776
739
777
740
778
741
779
742
780
743
781
782
745
783
746
784
747
785
748
786
749
787
750
788
751
789
752
790
753
791
754
792
755
793
756
794
757
795
758
796
759
797
760
798
761
799
762
800
763
801
764
802
765
803
766
804
767
805
768
806
769
807
770
808
771
809
772
810
773
811
774
812
775
813
776
814
777
815
778
816
779
817
780
818
781
819
782
820
821
784
822
785
823
786
824
787
825
788
826
789
827
790
828
791
829
792
830
793
831
794
832
795
833
796
834
797
835
798
836
799
837
800
838
801
839
802
840
803
841
804
842
805
843
806
844
807
845
808
846
809
847
810
848
811
849
812
850
813
851
814
852
815
853
816
854
817
855
818
856
819
857
820
858
821
859
860
823
861
824
862
825
863
826
864
827
865
828
866
829
867
830
868
831
869
832
870
833
871
834
872
835
873
836
874
837
875
838
876
839
877
840
878
841
879
842
880
843
881
844
882
845
883
846
884
847
885
848
886
849
887
850
888
851
889
852
890
853
891
854
892
855
893
856
894
857
895
858
896
859
897
860
898
899
862
900
863
901
864
902
865
903
866
904
867
905
868
906
869
907
870
908
871
909
872
910
873
911
874
912
875
913
876
914
877
915
878
916
879
917
880
918
881
919
882
920
883
921
884
922
885
923
886
924
887
925
888
926
889
927
890
928
891
929
892
930
893
931
894
932
895
933
896
934
897
935
898
936
899
937
938
901
939
902
940
903
941
904
942
905
943
906
944
907
945
908
946
909
947
910
948
911
949
912
950
913
951
914
952
915
953
916
954
917
955
918
956
919
957
920
958
921
959
922
960
923
961
924
962
925
963
926
964
927
965
928
966
929
967
930
968
931
969
932
970
933
971
934
972
935
973
936
974
937
975
938
976
977
940
978
941
979
942
980
943
981
944
982
945
983
946
984
947
985
948
986
949
987
950
988
951
989
952
990
953
991
954
992
955
993
956
994
957
995
958
996
959
997
960
998
961
999
962
1000
963
1001
964
1002
965
1003
966
1004
967
1005
968
1006
969
1007
970
1008
971
1009
972
1010
973
1011
974
1012
975
1013
976
1014
977
1015
1016
979
1017
980
1018
981
1019
982
1020
983
1021
984
1022
985
1023
986
1024
987
1025
988
1026
989
1027
990
1028
991
1029
992
1030
993
1031
994
1032
995
1033
996
1034
997
1035
998
1036
999
1037
1000
1038
1001
1039
1002
1040
1003
1041
1004
1042
1005
1043
1006
1044
1007
1045
1008
1046
1009
1047
1010
1048
1011
1049
1012
1050
1013
1051
1014
1052
1015
1053
1016
1054
1055
1018
1056
1019
1057
1020
1058
1021
1059
1022
1060
1023
1061
1024
1062
1025
1063
1026
1064
1027
1065
1028
1066
1029
1067
1030
1068
1031
1069
1032
1070
1033
1071
1034
1072
1035
1073
1036
1074
1037
1075
1038
1076
1039
1077
1040
1078
1041
1079
1042
1080
1043
1081
1044
1082
1045
1083
1046
1084
1047
1085
1048
1086
1049
1087
1050
1088
1051
1089
1052
1090
1053
1091
1054
1092
1055
1093
1094
1057
1095
1058
1096
1059
1097
1060
1098
1061
1099
1062
1100
1063
1101
1064
1102
1065
1103
1066
1104
1067
1105
1068
1106
1069
1107
1070
1108
1071
1109
1072
1110
1073
1111
1074
1112
1075
1113
1076
1114
1077
1115
1078
1116
1079
1117
1080
1118
1081
1119
1082
1120
1083
1121
1084
1122
1085
1123
1086
1124
1087
1125
1088
1126
1089
1127
1090
1128
1091
1129
1092
1130
1093
1131
1094
1132
1133
1096
1134
1097
1135
1098
1136
1099
1137
1100
1138
1101
1139
1102
1140
1103
1141
1104
1142
1105
1143
1106
1144
1107
1145
1108
1146
1109
1147
1110
1148
1111
1149
1112
1150
1113
1151
1114
1152
1115
1153
1116
1154
1117
1155
1118
1156
1119
1157
1120
1158
1121
1159
1122
1160
1123
1161
1124
1162
1125
1163
1126
1164
1127
1165
1128
1166
1129
1167
1130
1168
1131
1169
1132
1170
1133
1171
1172
1135
1173
1136
1174
1137
1175
1138
1176
1139
1177
1140
1178
1141
1179
1142
1180
1143
1181
1144
1182
1145
1183
1146
1184
1147
1185
1148
1186
1149
1187
1150
1188
1151
1189
1152
1190
1153
1191
1154
1192
1155
1193
1156
1194
1157
1195
1158
1196
1159
1197
1160
1198
1161
1199
1162
1200
1163
1201
1164
1202
1165
1203
1166
1204
1167
1205
1168
1206
1169
1207
1170
1208
1171
1209
1172
1210
1211
1174
1212
1175
1213
1176
1214
1177
1215
1178
1216
1179
1217
1180
1218
1181
1219
1182
1220
1183
1221
1184
1222
1185
1223
1186
1224
1187
1225
1188
1226
1189
1227
1190
1228
1191
1229
1192
1230
1193
1231
1194
1232
1195
1233
1196
1234
1197
1235
1198
1236
1199
1237
1200
1238
1201
1239
1202
1240
1203
1241
1204
1242
1205
1243
1206
1244
1207
1245
1208
1246
1209
1247
1210
1248
1211
1249
1250
1213
1251
1214
1252
1215
1253
1216
1254
1217
1255
1218
1256
1219
1257
1220
1258
1221
1259
1222
1260
1223
1261
1224
1262
1225
1263
1226
1264
1227
1265
1228
1266
1229
1267
1230
1268
1231
1269
1232
1270
1233
1271
1234
1272
1235
1273
1236
1274
1237
1275
1238
1276
1239
1277
1240
1278
1241
1279
1242
1280
1243
1281
1244
1282
1245
1283
1246
1284
1247
1285
1248
1286
1249
1287
1250
1288
1289
1252
1290
1253
1291
1254
1292
1255
1293
1256
1294
1257
1295
1258
1296
1259
1297
1260
1298
1261
1299
1262
1300
1263
1301
1264
1302
1265
1303
1266
1304
1267
1305
1268
1306
1269
1307
1270
1308
1271
1309
1272
1310
1273
1311
1274
1312
1275
1313
1276
1314
1277
1315
1278
1316
1279
1317
1280
1318
1281
1319
1282
1320
1283
1321
1284
1322
1285
1323
1286
1324
1287
1325
1288
1326
1289
1327
1328
1291
1329
1292
1330
1293
1331
1294
1332
1295
1333
1296
1334
1297
1335
1298
1336
1299
1337
1300
1338
1301
1339
1302
1340
1303
1341
1304
1342
1305
1343
1306
1344
1307
1345
1308
1346
1309
1347
1310
1348
1311
1349
1312
1350
1313
1351
1314
1352
1315
1353
1316
1354
1317
1355
1318
1356
1319
1357
1320
1358
1321
1359
1322
1360
1323
1361
1324
1362
1325
1363
1326
1364
1327
1365
1328
1366
1367
1330
1368
1331
1369
1332
1370
1333
1371
1334
1372
1335
1373
1336
1374
1337
1375
1338
1376
1339
1377
1340
1378
1341
1379
1342
1380
1343
1381
1344
1382
1345
1383
1346
1384
1347
1385
1348
1386
1349
1387
1350
1388
1351
1389
1352
1390
1353
1391
1354
1392
1355
1393
1356
1394
1357
1395
1358
1396
1359
1397
1360
1398
1361
1399
1362
1400
1363
1401
1364
1402
1365
1403
1366
1404
1367
1405
1406
1369
1407
1370
1408
1371
1409
1372
1410
1373
1411
1374
1412
1375
1413
1376
1414
1377
1415
1378
1416
1379
1417
1380
1418
1381
1419
1382
1420
1383
1421
1384
1422
1385
1423
1386
1424
1387
1425
1388
1426
1389
1427
1390
1428
1391
1429
1392
1430
1393
1431
1394
1432
1395
1433
1396
1434
1397
1435
1398
1436
1399
1437
1400
1438
1401
1439
1402
1440
1403
1441
1404
1442
1405
1443
1406
1444
1445
1408
1446
1409
1447
1410
1448
1411
1449
1412
1450
1413
1451
1414
1452
1415
1453
1416
1454
1417
1455
1418
1456
1419
1457
1420
1458
1421
1459
1422
1460
1423
1461
1424
1462
1425
1463
1426
1464
1427
1465
1428
1466
1429
1467
1430
1468
1431
1469
1432
1470
1433
1471
1434
1472
1435
1473
1436
1474
1437
1475
1438
1476
1439
1477
1440
1478
1441
1479
1442
1480
1443
1481
1444
1482
1445
1483
1484
1447
1485
1448
1486
1449
1487
1450
1488
1451
1489
1452
1490
1453
1491
1454
1492
1455
1493
1456
1494
1457
1495
1458
1496
1459
1497
1460
1498
1461
1499
1462
1500
1463
1501
1464
1502
1465
1503
1466
1504
1467
1505
1468
1506
1469
1507
1470
1508
1471
1509
1472
1510
1473
1511
1474
1512
1475
1513
1476
1514
1477
1515
1478
1516
1479
1517
1480
1518
1481
1519
1482
1520
1483
1521
1484
1522
1523
1486
1524
1487
1525
1488
1526
1489
1527
1490
1528
1491
1529
1492
1530
1493
1531
1494
1532
1495
1533
1496
1534
1497
1535
1498
1536
1499
1537
1500
1538
1501
1539
1502
1540
1503
1541
1504
1542
1505
1543
1506
1544
1507
1545
1508
1546
1509
1547
1510
1548
1511
1549
1512
1550
1513
1551
1514
1552
1515
1553
1516
1554
1517
1555
1518
1556
1519
1557
1520
1558
1521
1559
1522
1560
1523
1561
1562
1525
1563
1526
1564
1527
1565
1528
1566
1529
1567
1530
1568
1531
1569
1532
1570
1533
1571
1534
1572
1535
1573
1536
1574
1537
1575
1538
1576
1539
1577
1540
1578
1541
1579
1542
1580
1543
1581
1544
1582
1545
1583
1546
1584
1547
1585
1548
1586
1549
1587
1550
1588
1551
1589
1552
1590
1553
1591
1554
1592
1555
1593
1556
1594
1557
1595
1558
1596
1559
1597
1560
1598
1561
1599
1562
1600
1601
1564
1602
1565
1603
1566
1604
1567
1605
1568
1606
1569
1607
1570
1608
1571
1609
1572
1610
1573
1611
1574
1612
1575
1613
1576
1614
1577
1615
1578
1616
1579
1617
1580
1618
1581
1619
1582
1620
1583
1621
1584
1622
1585
1623
1586
1624
1587
1625
1588
1626
1589
1627
1590
1628
1591
1629
1592
1630
1593
1631
1594
1632
1595
1633
1596
1634
1597
1635
1598
1636
1599
1637
1600
1638
1601
1639
1640
1603
1641
1604
1642
1605
1643
1606
1644
1607
1645
1608
1646
1609
1647
1610
1648
1611
1649
1612
1650
1613
1651
1614
1652
1615
1653
1616
1654
1617
1655
1618
1656
1619
1657
1620
1658
1621
1659
1622
1660
1623
1661
1624
1662
1625
1663
1626
1664
1627
1665
1628
1666
1629
1667
1630
1668
1631
1669
1632
1670
1633
1671
1634
1672
1635
1673
1636
1674
1637
1675
1638
1676
1639
1677
1640
1678
1679
1642
1643
1644
1645
1646
1647
1648
1649
1650
1651
1652
1653
1654
1655
1656
1657
1658
1659
1660
1661
1662
1663
1664
1665
1666
1667
1668
1669
1670
1671
1672
1673
1674
1675
1676
1677
1678
1679
1681
1700
1682
1701
1683
1702
1684
1703
1685
1704
1686
1705
1687
1706
1688
1707
1689
1708
1690
1709
1691
1710
1692
1711
1693
1712
1694
1713
1695
1714
1696
1715
1697
1716
1698
1717
1699
1718
1719
1701
1720
1702
1721
1703
1722
1704
1723
1705
1724
1706
1725
1707
1726
1708
1727
1709
1728
1710
1729
1711
1730
1712
1731
1713
1732
1714
1733
1715
1734
1716
1735
1717
1736
1718
1737
1719
1738
1739
1721
1740
1722
1741
1723
1742
1724
1743
1725
1744
1726
1745
1727
1746
1728
1747
1729
1748
1730
1749
1731
1750
1732
1751
1733
1752
1734
1753
1735
1754
1736
1755
1737
1756
1738
1757
1739
1758
1759
1741
1760
1742
1761
1743
1762
1744
1763
1745
1764
1746
1765
1747
1766
1748
1767
1749
1768
1750
1769
1751
1770
1752
1771
1753
1772
1754
1773
1755
1774
1756
1775
1757
1776
1758
1777
1759
1778
1779
1761
1780
1762
1781
1763
1782
1764
1783
1765
1784
1766
1785
1767
1786
1768
1787
1769
1788
1770
1789
1771
1790
1772
1791
1773
1792
1774
1793
1775
1794
1776
1795
1777
1796
1778
1797
1779
1798
1799
1781
1800
1782
1801
1783
1802
1784
1803
1785
1804
1786
1805
1787
1806
1788
1807
1789
1808
1790
1809
1791
1810
1792
1811
1793
1812
1794
1813
1795
1814
1796
1815
1797
1816
1798
1817
1799
1818
1819
1801
1820
1802
1821
1803
1822
1804
1823
1805
1824
1806
1825
1807
1826
1808
1827
1809
1828
1810
1829
1811
1830
1812
1831
1813
1832
1814
1833
1815
1834
1816
1835
1817
1836
1818
1837
1819
1838
1839
1821
1840
1822
1841
1823
1842
1824
1843
1825
1844
1826
1845
1827
1846
1828
1847
1829
1848
1830
1849
1831
1850
1832
1851
1833
1852
1834
1853
1835
1854
1836
1855
1837
1856
1838
1857
1839
1858
1859
1841
1860
1842
1861
1843
1862
1844
1863
1845
1864
1846
1865
1847
1866
1848
1867
1849
1868
1850
1869
1851
1870
1852
1871
1853
1872
1854
1873
1855
1874
1856
1875
1857
1876
1858
1877
1859
1878
1879
1861
1880
1862
1881
1863
1882
1864
1883
1865
1884
1866
1885
1867
1886
1868
1887
1869
1888
1870
1889
1871
1890
1872
1891
1873
1892
1874
1893
1875
1894
1876
1895
1877
1896
1878
1897
1879
1898
1899
1881
1900
1882
1901
1883
1902
1884
1903
1885
1904
1886
1905
1887
1906
1888
1907
1889
1908
1890
1909
1891
1910
1892
1911
1893
1912
1894
1913
1895
1914
1896
1915
1897
1916
1898
1917
1899
1918
1919
1901
1920
1902
1921
1903
1922
1904
1923
1905
1924
1906
1925
1907
1926
1908
1927
1909
1928
1910
1929
1911
1930
1912
1931
1913
1932
1914
1933
1915
1934
1916
1935
1917
1936
1918
1937
1919
1938
1939
1921
1940
1922
1941
1923
1942
1924
1943
1925
1944
1926
1945
1927
1946
1928
1947
1929
1948
1930
1949
1931
1950
1932
1951
1933
1952
1934
1953
1935
1954
1936
1955
1937
1956
1938
1957
1939
1958
1959
1941
1960
1942
1961
1943
1962
1944
1963
1945
1964
1946
1965
1947
1966
1948
1967
1949
1968
1950
1969
1951
1970
1952
1971
1953
1972
1954
1973
1955
1974
1956
1975
1957
1976
1958
1977
1959
1978
1979
1961
1980
1962
1981
1963
1982
1964
1983
1965
1984
1966
1985
1967
1986
1968
1987
1969
1988
1970
1989
1971
1990
1972
1991
1973
1992
1974
1993
1975
1994
1976
1995
1977
1996
1978
1997
1979
1998
1999
1981
2000
1982
2001
1983
2002
1984
2003
1985
2004
1986
2005
1987
2006
1988
2007
1989
2008
1990
2009
1991
2010
1992
2011
1993
2012
1994
2013
1995
2014
1996
2015
1997
2016
1998
2017
1999
2018
2019
2001
2020
2002
2021
2003
2022
2004
2023
2005
2024
2006
2025
2007
2026
2008
2027
2009
2028
2010
2029
2011
2030
2012
2031
2013
2032
2014
2033
2015
2034
2016
2035
2017
2036
2018
2037
2019
2038
2039
2021
2040
2022
2041
2023
2042
2024
2043
2025
2044
2026
2045
2027
2046
2028
2047
2029
2048
2030
2049
2031
2050
2032
2051
2033
2052
2034
2053
2035
2054
2036
2055
2037
2056
2038
2057
2039
2058
2059
2041
2060
2042
2061
2043
2062
2044
2063
2045
2064
2046
2065
2047
2066
2048
2067
2049
2068
2050
2069
2051
2070
2052
2071
2053
2072
2054
2073
2055
2074
2056
2075
2057
2076
2058
2077
2059
2078
2079
2061
2062
2063
2064
2065
2066
2067
2068
2069
2070
2071
2072
2073
2074
2075
2076
2077
2078
2079
2081
2085
2082
2086
2083
2087
2084
2088
2089
2086
2090
2087
2091
2088
2092
2089
2093
2094
2091
2095
2092
2096
2093
2097
2094
2098
2099
2096
2100
2097
2101
2098
2102
2099
2103
2104
2101
2102
2103
2104
2106
2185
2107
2186
2108
2187
2109
2188
2110
2189
2111
2190
2112
2191
2113
2192
2114
2193
2115
2194
2116
2195
2117
2196
2118
2197
2119
2198
2120
2199
2121
2200
2122
2201
2123
2202
2124
2203
2125
2204
2126
2205
2127
2206
2128
2207
2129
2208
2130
2209
2131
2210
2132
2211
2133
2212
2134
2213
2135
2214
2136
2215
2137
2216
2138
2217
2139
2218
2140
2219
2141
2220
2142
2221
2143
2222
2144
2223
2145
2224
2146
2225
2147
2226
2148
2227
2149
2228
2150
2229
2151
2230
2152
2231
2153
2232
2154
2233
2155
2234
2156
2235
2157
2236
2158
2237
2159
2238
2160
2239
2161
2240
2162
2241
2163
2242
2164
2243
2165
2244
2166
2245
2167
2246
2168
2247
2169
2248
2170
2249
2171
2250
2172
2251
2173
2252
2174
2253
2175
2254
2176
2255
2177
2256
2178
2257
2179
2258
2180
2259
2181
2260
2182
2261
2183
2262
2184
2263
2264
2186
2265
2187
2266
2188
2267
2189
2268
2190
2269
2191
2270
2192
2271
2193
2272
2194
2273
2195
2274
2196
2275
2197
2276
2198
2277
2199
2278
2200
2279
2201
2280
2202
2281
2203
2282
2204
2283
2205
2284
2206
2285
2207
2286
2208
2287
2209
2288
2210
2289
2211
2290
2212
2291
2213
2292
2214
2293
2215
2294
2216
2295
2217
2296
2218
2297
2219
2298
2220
2299
2221
2300
2222
2301
2223
2302
2224
2303
2225
2304
2226
2305
2227
2306
2228
2307
2229
2308
2230
2309
2231
2310
2232
2311
2233
2312
2234
2313
2235
2314
2236
2315
2237
2316
2238
2317
2239
2318
2240
2319
2241
2320
2242
2321
2243
2322
2244
2323
2245
2324
2246
2325
2247
2326
2248
2327
2249
2328
2250
2329
2251
2330
2252
2331
2253
2332
2254
2333
2255
2334
2256
2335
2257
2336
2258
2337
2259
2338
2260
2339
2261
2340
2262
2341
2263
2342
2264
2343
2344
2266
2345
2267
2346
2268
2347
2269
2348
2270
2349
2271
2350
2272
2351
2273
2352
2274
2353
2275
2354
2276
2355
2277
2356
2278
2357
2279
2358
2280
2359
2281
2360
2282
2361
2283
2362
2284
2363
2285
2364
2286
2365
2287
2366
2288
2367
2289
2368
2290
2369
2291
2370
2292
2371
2293
2372
2294
2373
2295
2374
2296
2375
2297
2376
2298
2377
2299
2378
2300
2379
2301
2380
2302
2381
2303
2382
2304
2383
2305
2384
2306
2385
2307
2386
2308
2387
2309
2388
2310
2389
2311
2390
2312
2391
2313
2392
2314
2393
2315
2394
2316
2395
2317
2396
2318
2397
2319
2398
2320
2399
2321
2400
2322
2401
2323
2402
2324
2403
2325
2404
2326
2405
2327
2406
2328
2407
2329
2408
2330
2409
2331
2410
2332
2411
2333
2412
2334
2413
2335
2414
2336
2415
2337
2416
2338
2417
2339
2418
2340
2419
2341
2420
2342
2421
2343
2422
2344
2423
2424
2346
2425
2347
2426
2348
2427
2349
2428
2350
2429
2351
2430
2352
2431
2353
2432
2354
2433
2355
2434
2356
2435
2357
2436
2358
2437
2359
2438
2360
2439
2361
2440
2362
2441
2363
2442
2364
2443
2365
2444
2366
2445
2367
2446
2368
2447
2369
2448
2370
2449
2371
2450
2372
2451
2373
2452
2374
2453
2375
2454
2376
2455
2377
2456
2378
2457
2379
2458
2380
2459
2381
2460
2382
2461
2383
2462
2384
2463
2385
2464
2386
2465
2387
2466
2388
2467
2389
2468
2390
2469
2391
2470
2392
2471
2393
2472
2394
2473
2395
2474
2396
2475
2397
2476
2398
2477
2399
2478
2400
2479
2401
2480
2402
2481
2403
2482
2404
2483
2405
2484
2406
2485
2407
2486
2408
2487
2409
2488
2410
2489
2411
2490
2412
2491
2413
2492
2414
2493
2415
2494
2416
2495
2417
2496
2418
2497
2419
2498
2420
2499
2421
2500
2422
2501
2423
2502
2424
2503
2504
2426
2505
2427
2506
2428
2507
2429
2508
2430
2509
2431
2510
2432
2511
2433
2512
2434
2513
2435
2514
2436
2515
2437
2516
2438
2517
2439
2518
2440
2519
2441
2520
2442
2521
2443
2522
2444
2523
2445
2524
2446
2525
2447
2526
2448
2527
2449
2528
2450
2529
2451
2530
2452
2531
2453
2532
2454
2533
2455
2534
2456
2535
2457
2536
2458
2537
2459
2538
2460
2539
2461
2540
2462
2541
2463
2542
2464
2543
2465
2544
2466
2545
2467
2546
2468
2547
2469
2548
2470
2549
2471
2550
2472
2551
2473
2552
2474
2553
2475
2554
2476
2555
2477
2556
2478
2557
2479
2558
2480
2559
2481
2560
2482
2561
2483
2562
2484
2563
2485
2564
2486
2565
2487
2566
2488
2567
2489
2568
2490
2569
2491
2570
2492
2571
2493
2572
2494
2573
2495
2574
2496
2575
2497
2576
2498
2577
2499
2578
2500
2579
2501
2580
2502
2581
2503
2582
2504
2583
2584
2506
2585
2507
2586
2508
2587
2509
2588
2510
2589
2511
2590
2512
2591
2513
2592
2514
2593
2515
2594
2516
2595
2517
2596
2518
2597
2519
2598
2520
2599
2521
2600
2522
2601
2523
2602
2524
2603
2525
2604
2526
2605
2527
2606
2528
2607
2529
2608
2530
2609
2531
2610
2532
2611
2533
2612
2534
2613
2535
2614
2536
2615
2537
2616
2538
2617
2539
2618
2540
2619
2541
2620
2542
2621
2543
2622
2544
2623
2545
2624
2546
2625
2547
2626
2548
2627
2549
2628
2550
2629
2551
2630
2552
2631
2553
2632
2554
2633
2555
2634
2556
2635
2557
2636
2558
2637
2559
2638
2560
2639
2561
2640
2562
2641
2563
2642
2564
2643
2565
2644
2566
2645
2567
2646
2568
2647
2569
2648
2570
2649
2571
2650
2572
2651
2573
2652
2574
2653
2575
2654
2576
2655
2577
2656
2578
2657
2579
2658
2580
2659
2581
2660
2582
2661
2583
2662
2584
2663
2664
2586
2665
2587
2666
2588
2667
2589
2668
2590
2669
2591
2670
2592
2671
2593
2672
2594
2673
2595
2674
2596
2675
2597
2676
2598
2677
2599
2678
2600
2679
2601
2680
2602
2681
2603
2682
2604
2683
2605
2684
2606
2685
2607
2686
2608
2687
2609
2688
2610
2689
2611
2690
2612
2691
2613
2692
2614
2693
2615
2694
2616
2695
2617
2696
2618
2697
2619
2698
2620
2699
2621
2700
2622
2701
2623
2702
2624
2703
2625
2704
2626
2705
2627
2706
2628
2707
2629
2708
2630
2709
2631
2710
2632
2711
2633
2712
2634
2713
2635
2714
2636
2715
2637
2716
2638
2717
2639
2718
2640
2719
2641
2720
2642
2721
2643
2722
2644
2723
2645
2724
2646
2725
2647
2726
2648
2727
2649
2728
2650
2729
2651
2730
2652
2731
2653
2732
2654
2733
2655
2734
2656
2735
2657
2736
2658
2737
2659
2738
2660
2739
2661
2740
2662
2741
2663
2742
2664
2743
2744
2666
2745
2667
2746
2668
2747
2669
2748
2670
2749
2671
2750
2672
2751
2673
2752
2674
2753
2675
2754
2676
2755
2677
2756
2678
2757
2679
2758
2680
2759
2681
2760
2682
2761
2683
2762
2684
2763
2685
2764
2686
2765
2687
2766
2688
2767
2689
2768
2690
2769
2691
2770
2692
2771
2693
2772
2694
2773
2695
2774
2696
2775
2697
2776
2698
2777
2699
2778
2700
2779
2701
2780
2702
2781
2703
2782
2704
2783
2705
2784
2706
2785
2707
2786
2708
2787
2709
2788
2710
2789
2711
2790
2712
2791
2713
2792
2714
2793
2715
2794
2716
2795
2717
2796
2718
2797
2719
2798
2720
2799
2721
2800
2722
2801
2723
2802
2724
2803
2725
2804
2726
2805
2727
2806
2728
2807
2729
2808
2730
2809
2731
2810
2732
2811
2733
2812
2734
2813
2735
2814
2736
2815
2737
2816
2738
2817
2739
2818
2740
2819
2741
2820
2742
2821
2743
2822
2744
2823
2824
2746
2825
2747
2826
2748
2827
2749
2828
2750
2829
2751
2830
2752
2831
2753
2832
2754
2833
2755
2834
2756
2835
2757
2836
2758
2837
2759
2838
2760
2839
2761
2840
2762
2841
2763
2842
2764
2843
2765
2844
2766
2845
2767
2846
2768
2847
2769
2848
2770
2849
2771
2850
2772
2851
2773
2852
2774
2853
2775
2854
2776
2855
2777
2856
2778
2857
2779
2858
2780
2859
2781
2860
2782
2861
2783
2862
2784
2863
2785
2864
2786
2865
2787
2866
2788
2867
2789
2868
2790
2869
2791
2870
2792
2871
2793
2872
2794
2873
2795
2874
2796
2875
2797
2876
2798
2877
2799
2878
2800
2879
2801
2880
2802
2881
2803
2882
2804
2883
2805
2884
2806
2885
2807
2886
2808
2887
2809
2888
2810
2889
2811
2890
2812
2891
2813
2892
2814
2893
2815
2894
2816
2895
2817
2896
2818
2897
2819
2898
2820
2899
2821
2900
2822
2901
2823
2902
2824
2903
2904
2826
2905
2827
2906
2828
2907
2829
2908
2830
2909
2831
2910
2832
2911
2833
2912
2834
2913
2835
2914
2836
2915
2837
2916
2838
2917
2839
2918
2840
2919
2841
2920
2842
2921
2843
2922
2844
2923
2845
2924
2846
2925
2847
2926
2848
2927
2849
2928
2850
2929
2851
2930
2852
2931
2853
2932
2854
2933
2855
2934
2856
2935
2857
2936
2858
2937
2859
2938
2860
2939
2861
2940
2862
2941
2863
2942
2864
2943
2865
2944
2866
2945
2867
2946
2868
2947
2869
2948
2870
2949
2871
2950
2872
2951
2873
2952
2874
2953
2875
2954
2876
2955
2877
2956
2878
2957
2879
2958
2880
2959
2881
2960
2882
2961
2883
2962
2884
2963
2885
2964
2886
2965
2887
2966
2888
2967
2889
2968
2890
2969
2891
2970
2892
2971
2893
2972
2894
2973
2895
2974
2896
2975
2897
2976
2898
2977
2899
2978
2900
2979
2901
2980
2902
2981
2903
2982
2904
2983
2984
2906
2985
2907
2986
2908
2987
2909
2988
2910
2989
2911
2990
2912
2991
2913
2992
2914
2993
2915
2994
2916
2995
2917
2996
2918
2997
2919
2998
2920
2999
2921
3000
2922
3001
2923
3002
2924
3003
2925
3004
2926
3005
2927
3006
2928
3007
2929
3008
2930
3009
2931
3010
2932
3011
2933
3012
2934
3013
2935
3014
2936
3015
2937
3016
2938
3017
2939
3018
2940
3019
2941
3020
2942
3021
2943
3022
2944
3023
2945
3024
2946
3025
2947
3026
2948
3027
2949
3028
2950
3029
2951
3030
2952
3031
2953
3032
2954
3033
2955
3034
2956
3035
2957
3036
2958
3037
2959
3038
2960
3039
2961
3040
2962
3041
2963
3042
2964
3043
2965
3044
2966
3045
2967
3046
2968
3047
2969
3048
2970
3049
2971
3050
2972
3051
2973
3052
2974
3053
2975
3054
2976
3055
2977
3056
2978
3057
2979
3058
2980
3059
2981
3060
2982
3061
2983
3062
2984
3063
3064
2986
3065
2987
3066
2988
3067
2989
3068
2990
3069
2991
3070
2992
3071
2993
3072
2994
3073
2995
3074
2996
3075
2997
3076
2998
3077
2999
3078
3000
3079
3001
3080
3002
3081
3003
3082
3004
3083
3005
3084
3006
3085
3007
3086
3008
3087
3009
3088
3010
3089
3011
3090
3012
3091
3013
3092
3014
3093
3015
3094
3016
3095
3017
3096
3018
3097
3019
3098
3020
3099
3021
3100
3022
3101
3023
3102
3024
3103
3025
3104
3026
3105
3027
3106
3028
3107
3029
3108
3030
3109
3031
3110
3032
3111
3033
3112
3034
3113
3035
3114
3036
3115
3037
3116
3038
3117
3039
3118
3040
3119
3041
3120
3042
3121
3043
3122
3044
3123
3045
3124
3046
3125
3047
3126
3048
3127
3049
3128
3050
3129
3051
3130
3052
3131
3053
3132
3054
3133
3055
3134
3056
3135
3057
3136
3058
3137
3059
3138
3060
3139
3061
3140
3062
3141
3063
3142
3064
3143
3144
3066
3145
3067
3146
3068
3147
3069
3148
3070
3149
3071
3150
3072
3151
3073
3152
3074
3153
3075
3154
3076
3155
3077
3156
3078
3157
3079
3158
3080
3159
3081
3160
3082
3161
3083
3162
3084
3163
3085
3164
3086
3165
3087
3166
3088
3167
3089
3168
3090
3169
3091
3170
3092
3171
3093
3172
3094
3173
3095
3174
3096
3175
3097
3176
3098
3177
3099
3178
3100
3179
3101
3180
3102
3181
3103
3182
3104
3183
3105
3184
3106
3185
3107
3186
3108
3187
3109
3188
3110
3189
3111
3190
3112
3191
3113
3192
3114
3193
3115
3194
3116
3195
3117
3196
3118
3197
3119
3198
3120
3199
3121
3200
3122
3201
3123
3202
3124
3203
3125
3204
3126
3205
3127
3206
3128
3207
3129
3208
3130
3209
3131
3210
3132
3211
3133
3212
3134
3213
3135
3214
3136
3215
3137
3216
3138
3217
3139
3218
3140
3219
3141
3220
3142
3221
3143
3222
3144
3223
3224
3146
3225
3147
3226
3148
3227
3149
3228
3150
3229
3151
3230
3152
3231
3153
3232
3154
3233
3155
3234
3156
3235
3157
3236
3158
3237
3159
3238
3160
3239
3161
3240
3162
3241
3163
3242
3164
3243
3165
3244
3166
3245
3167
3246
3168
3247
3169
3248
3170
3249
3171
3250
3172
3251
3173
3252
3174
3253
3175
3254
3176
3255
3177
3256
3178
3257
3179
3258
3180
3259
3181
3260
3182
3261
3183
3262
3184
3263
3185
3264
3186
3265
3187
3266
3188
3267
3189
3268
3190
3269
3191
3270
3192
3271
3193
3272
3194
3273
3195
3274
3196
3275
3197
3276
3198
3277
3199
3278
3200
3279
3201
3280
3202
3281
3203
3282
3204
3283
3205
3284
3206
3285
3207
3286
3208
3287
3209
3288
3210
3289
3211
3290
3212
3291
3213
3292
3214
3293
3215
3294
3216
3295
3217
3296
3218
3297
3219
3298
3220
3299
3221
3300
3222
3301
3223
3302
3224
3303
3304
3226
3305
3227
3306
3228
3307
3229
3308
3230
3309
3231
3310
3232
3311
3233
3312
3234
3313
3235
3314
3236
3315
3237
3316
3238
3317
3239
3318
3240
3319
3241
3320
3242
3321
3243
3322
3244
3323
3245
3324
3246
3325
3247
3326
3248
3327
3249
3328
3250
3329
3251
3330
3252
3331
3253
3332
3254
3333
3255
3334
3256
3335
3257
3336
3258
3337
3259
3338
3260
3339
3261
3340
3262
3341
3263
3342
3264
3343
3265
3344
3266
3345
3267
3346
3268
3347
3269
3348
3270
3349
3271
3350
3272
3351
3273
3352
3274
3353
3275
3354
3276
3355
3277
3356
3278
3357
3279
3358
3280
3359
3281
3360
3282
3361
3283
3362
3284
3363
3285
3364
3286
3365
3287
3366
3288
3367
3289
3368
3290
3369
3291
3370
3292
3371
3293
3372
3294
3373
3295
3374
3296
3375
3297
3376
3298
3377
3299
3378
3300
3379
3301
3380
3302
3381
3303
3382
3304
3383
3384
3306
3385
3307
3386
3308
3387
3309
3388
3310
3389
3311
3390
3312
3391
3313
3392
3314
3393
3315
3394
3316
3395
3317
3396
3318
3397
3319
3398
3320
3399
3321
3400
3322
3401
3323
3402
3324
3403
3325
3404
3326
3405
3327
3406
3328
3407
3329
3408
3330
3409
3331
3410
3332
3411
3333
3412
3334
3413
3335
3414
3336
3415
3337
3416
3338
3417
3339
3418
3340
3419
3341
3420
3342
3421
3343
3422
3344
3423
3345
3424
3346
3425
3347
3426
3348
3427
3349
3428
3350
3429
3351
3430
3352
3431
3353
3432
3354
3433
3355
3434
3356
3435
3357
3436
3358
3437
3359
3438
3360
3439
3361
3440
3362
3441
3363
3442
3364
3443
3365
3444
3366
3445
3367
3446
3368
3447
3369
3448
3370
3449
3371
3450
3372
3451
3373
3452
3374
3453
3375
3454
3376
3455
3377
3456
3378
3457
3379
3458
3380
3459
3381
3460
3382
3461
3383
3462
3384
3463
3464
3386
3465
3387
3466
3388
3467
3389
3468
3390
3469
3391
3470
3392
3471
3393
3472
3394
3473
3395
3474
3396
3475
3397
3476
3398
3477
3399
3478
3400
3479
3401
3480
3402
3481
3403
3482
3404
3483
3405
3484
3406
3485
3407
3486
3408
3487
3409
3488
3410
3489
3411
3490
3412
3491
3413
3492
3414
3493
3415
3494
3416
3495
3417
3496
3418
3497
3419
3498
3420
3499
3421
3500
3422
3501
3423
3502
3424
3503
3425
3504
3426
3505
3427
3506
3428
3507
3429
3508
3430
3509
3431
3510
3432
3511
3433
3512
3434
3513
3435
3514
3436
3515
3437
3516
3438
3517
3439
3518
3440
3519
3441
3520
3442
3521
3443
3522
3444
3523
3445
3524
3446
3525
3447
3526
3448
3527
3449
3528
3450
3529
3451
3530
3452
3531
3453
3532
3454
3533
3455
3534
3456
3535
3457
3536
3458
3537
3459
3538
3460
3539
3461
3540
3462
3541
3463
3542
3464
3543
3544
3466
3545
3467
3546
3468
3547
3469
3548
3470
3549
3471
3550
3472
3551
3473
3552
3474
3553
3475
3554
3476
3555
3477
3556
3478
3557
3479
3558
3480
3559
3481
3560
3482
3561
3483
3562
3484
3563
3485
3564
3486
3565
3487
3566
3488
3567
3489
3568
3490
3569
3491
3570
3492
3571
3493
3572
3494
3573
3495
3574
3496
3575
3497
3576
3498
3577
3499
3578
3500
3579
3501
3580
3502
3581
3503
3582
3504
3583
3505
3584
3506
3585
3507
3586
3508
3587
3509
3588
3510
3589
3511
3590
3512
3591
3513
3592
3514
3593
3515
3594
3516
3595
3517
3596
3518
3597
3519
3598
3520
3599
3521
3600
3522
3601
3523
3602
3524
3603
3525
3604
3526
3605
3527
3606
3528
3607
3529
3608
3530
3609
3531
3610
3532
3611
3533
3612
3534
3613
3535
3614
3536
3615
3537
3616
3538
3617
3539
3618
3540
3619
3541
3620
3542
3621
3543
3622
3544
3623
3624
3546
3625
3547
3626
3548
3627
3549
3628
3550
3629
3551
3630
3552
3631
3553
3632
3554
3633
3555
3634
3556
3635
3557
3636
3558
3637
3559
3638
3560
3639
3561
3640
3562
3641
3563
3642
3564
3643
3565
3644
3566
3645
3567
3646
3568
3647
3569
3648
3570
3649
3571
3650
3572
3651
3573
3652
3574
3653
3575
3654
3576
3655
3577
3656
3578
3657
3579
3658
3580
3659
3581
3660
3582
3661
3583
3662
3584
3663
3585
3664
3586
3665
3587
3666
3588
3667
3589
3668
3590
3669
3591
3670
3592
3671
3593
3672
3594
3673
3595
3674
3596
3675
3597
3676
3598
3677
3599
3678
3600
3679
3601
3680
3602
3681
3603
3682
3604
3683
3605
3684
3606
3685
3607
3686
3608
3687
3609
3688
3610
3689
3611
3690
3612
3691
3613
3692
3614
3693
3615
3694
3616
3695
3617
3696
3618
3697
3619
3698
3620
3699
3621
3700
3622
3701
3623
3702
3624
3703
3704
3626
3705
3627
3706
3628
3707
3629
3708
3630
3709
3631
3710
3632
3711
3633
3712
3634
3713
3635
3714
3636
3715
3637
3716
3638
3717
3639
3718
3640
3719
3641
3720
3642
3721
3643
3722
3644
3723
3645
3724
3646
3725
3647
3726
3648
3727
3649
3728
3650
3729
3651
3730
3652
3731
3653
3732
3654
3733
3655
3734
3656
3735
3657
3736
3658
3737
3659
3738
3660
3739
3661
3740
3662
3741
3663
3742
3664
3743
3665
3744
3666
3745
3667
3746
3668
3747
3669
3748
3670
3749
3671
3750
3672
3751
3673
3752
3674
3753
3675
3754
3676
3755
3677
3756
3678
3757
3679
3758
3680
3759
3681
3760
3682
3761
3683
3762
3684
3763
3685
3764
3686
3765
3687
3766
3688
3767
3689
3768
3690
3769
3691
3770
3692
3771
3693
3772
3694
3773
3695
3774
3696
3775
3697
3776
3698
3777
3699
3778
3700
3779
3701
3780
3702
3781
3703
3782
3704
3783
3784
3706
3785
3707
3786
3708
3787
3709
3788
3710
3789
3711
3790
3712
3791
3713
3792
3714
3793
3715
3794
3716
3795
3717
3796
3718
3797
3719
3798
3720
3799
3721
3800
3722
3801
3723
3802
3724
3803
3725
3804
3726
3805
3727
3806
3728
3807
3729
3808
3730
3809
3731
3810
3732
3811
3733
3812
3734
3813
3735
3814
3736
3815
3737
3816
3738
3817
3739
3818
3740
3819
3741
3820
3742
3821
3743
3822
3744
3823
3745
3824
3746
3825
3747
3826
3748
3827
3749
3828
3750
3829
3751
3830
3752
3831
3753
3832
3754
3833
3755
3834
3756
3835
3757
3836
3758
3837
3759
3838
3760
3839
3761
3840
3762
3841
3763
3842
3764
3843
3765
3844
3766
3845
3767
3846
3768
3847
3769
3848
3770
3849
3771
3850
3772
3851
3773
3852
3774
3853
3775
3854
3776
3855
3777
3856
3778
3857
3779
3858
3780
3859
3781
3860
3782
3861
3783
3862
3784
3863
3864
3786
3865
3787
3866
3788
3867
3789
3868
3790
3869
3791
3870
3792
3871
3793
3872
3794
3873
3795
3874
3796
3875
3797
3876
3798
3877
3799
3878
3800
3879
3801
3880
3802
3881
3803
3882
3804
3883
3805
3884
3806
3885
3807
3886
3808
3887
3809
3888
3810
3889
3811
3890
3812
3891
3813
3892
3814
3893
3815
3894
3816
3895
3817
3896
3818
3897
3819
3898
3820
3899
3821
3900
3822
3901
3823
3902
3824
3903
3825
3904
3826
3905
3827
3906
3828
3907
3829
3908
3830
3909
3831
3910
3832
3911
3833
3912
3834
3913
3835
3914
3836
3915
3837
3916
3838
3917
3839
3918
3840
3919
3841
3920
3842
3921
3843
3922
3844
3923
3845
3924
3846
3925
3847
3926
3848
3927
3849
3928
3850
3929
3851
3930
3852
3931
3853
3932
3854
3933
3855
3934
3856
3935
3857
3936
3858
3937
3859
3938
3860
3939
3861
3940
3862
3941
3863
3942
3864
3943
3944
3866
3945
3867
3946
3868
3947
3869
3948
3870
3949
3871
3950
3872
3951
3873
3952
3874
3953
3875
3954
3876
3955
3877
3956
3878
3957
3879
3958
3880
3959
3881
3960
3882
3961
3883
3962
3884
3963
3885
3964
3886
3965
3887
3966
3888
3967
3889
3968
3890
3969
3891
3970
3892
3971
3893
3972
3894
3973
3895
3974
3896
3975
3897
3976
3898
3977
3899
3978
3900
3979
3901
3980
3902
3981
3903
3982
3904
3983
3905
3984
3906
3985
3907
3986
3908
3987
3909
3988
3910
3989
3911
3990
3912
3991
3913
3992
3914
3993
3915
3994
3916
3995
3917
3996
3918
3997
3919
3998
3920
3999
3921
4000
3922
4001
3923
4002
3924
4003
3925
4004
3926
4005
3927
4006
3928
4007
3929
4008
3930
4009
3931
4010
3932
4011
3933
4012
3934
4013
3935
4014
3936
4015
3937
4016
3938
4017
3939
4018
3940
4019
3941
4020
3942
4021
3943
4022
3944
4023
4024
3946
4025
3947
4026
3948
4027
3949
4028
3950
4029
3951
4030
3952
4031
3953
4032
3954
4033
3955
4034
3956
4035
3957
4036
3958
4037
3959
4038
3960
4039
3961
4040
3962
4041
3963
4042
3964
4043
3965
4044
3966
4045
3967
4046
3968
4047
3969
4048
3970
4049
3971
4050
3972
4051
3973
4052
3974
4053
3975
4054
3976
4055
3977
4056
3978
4057
3979
4058
3980
4059
3981
4060
3982
4061
3983
4062
3984
4063
3985
4064
3986
4065
3987
4066
3988
4067
3989
4068
3990
4069
3991
4070
3992
4071
3993
4072
3994
4073
3995
4074
3996
4075
3997
4076
3998
4077
3999
4078
4000
4079
4001
4080
4002
4081
4003
4082
4004
4083
4005
4084
4006
4085
4007
4086
4008
4087
4009
4088
4010
4089
4011
4090
4012
4091
4013
4092
4014
4093
4015
4094
4016
4095
4017
4096
4018
4097
4019
4098
4020
4099
4021
4100
4022
4101
4023
4102
4024
4103
4104
4026
4105
4027
4106
4028
4107
4029
4108
4030
4109
4031
4110
4032
4111
4033
4112
4034
4113
4035
4114
4036
4115
4037
4116
4038
4117
4039
4118
4040
4119
4041
4120
4042
4121
4043
4122
4044
4123
4045
4124
4046
4125
4047
4126
4048
4127
4049
4128
4050
4129
4051
4130
4052
4131
4053
4132
4054
4133
4055
4134
4056
4135
4057
4136
4058
4137
4059
4138
4060
4139
4061
4140
4062
4141
4063
4142
4064
4143
4065
4144
4066
4145
4067
4146
4068
4147
4069
4148
4070
4149
4071
4150
4072
4151
4073
4152
4074
4153
4075
4154
4076
4155
4077
4156
4078
4157
4079
4158
4080
4159
4081
4160
4082
4161
4083
4162
4084
4163
4085
4164
4086
4165
4087
4166
4088
4167
4089
4168
4090
4169
4091
4170
4092
4171
4093
4172
4094
4173
4095
4174
4096
4175
4097
4176
4098
4177
4099
4178
4100
4179
4101
4180
4102
4181
4103
4182
4104
4183
4184
4106
4185
4107
4186
4108
4187
4109
4188
4110
4189
4111
4190
4112
4191
4113
4192
4114
4193
4115
4194
4116
4195
4117
4196
4118
4197
4119
4198
4120
4199
4121
4200
4122
4201
4123
4202
4124
4203
4125
4204
4126
4205
4127
4206
4128
4207
4129
4208
4130
4209
4131
4210
4132
4211
4133
4212
4134
4213
4135
4214
4136
4215
4137
4216
4138
4217
4139
4218
4140
4219
4141
4220
4142
4221
4143
4222
4144
4223
4145
4224
4146
4225
4147
4226
4148
4227
4149
4228
4150
4229
4151
4230
4152
4231
4153
4232
4154
4233
4155
4234
4156
4235
4157
4236
4158
4237
4159
4238
4160
4239
4161
4240
4162
4241
4163
4242
4164
4243
4165
4244
4166
4245
4167
4246
4168
4247
4169
4248
4170
4249
4171
4250
4172
4251
4173
4252
4174
4253
4175
4254
4176
4255
4177
4256
4178
4257
4179
4258
4180
4259
4181
4260
4182
4261
4183
4262
4184
4263
4264
4186
4265
4187
4266
4188
4267
4189
4268
4190
4269
4191
4270
4192
4271
4193
4272
4194
4273
4195
4274
4196
4275
4197
4276
4198
4277
4199
4278
4200
4279
4201
4280
4202
4281
4203
4282
4204
4283
4205
4284
4206
4285
4207
4286
4208
4287
4209
4288
4210
4289
4211
4290
4212
4291
4213
4292
4214
4293
4215
4294
4216
4295
4217
4296
4218
4297
4219
4298
4220
4299
4221
4300
4222
4301
4223
4302
4224
4303
4225
4304
4226
4305
4227
4306
4228
4307
4229
4308
4230
4309
4231
4310
4232
4311
4233
4312
4234
4313
4235
4314
4236
4315
4237
4316
4238
4317
4239
4318
4240
4319
4241
4320
4242
4321
4243
4322
4244
4323
4245
4324
4246
4325
4247
4326
4248
4327
4249
4328
4250
4329
4251
4330
4252
4331
4253
4332
4254
4333
4255
4334
4256
4335
4257
4336
4258
4337
4259
4338
4260
4339
4261
4340
4262
4341
4263
4342
4264
4343
4344
4266
4345
4267
4346
4268
4347
4269
4348
4270
4349
4271
4350
4272
4351
4273
4352
4274
4353
4275
4354
4276
4355
4277
4356
4278
4357
4279
4358
4280
4359
4281
4360
4282
4361
4283
4362
4284
4363
4285
4364
4286
4365
4287
4366
4288
4367
4289
4368
4290
4369
4291
4370
4292
4371
4293
4372
4294
4373
4295
4374
4296
4375
4297
4376
4298
4377
4299
4378
4300
4379
4301
4380
4302
4381
4303
4382
4304
4383
4305
4384
4306
4385
4307
4386
4308
4387
4309
4388
4310
4389
4311
4390
4312
4391
4313
4392
4314
4393
4315
4394
4316
4395
4317
4396
4318
4397
4319
4398
4320
4399
4321
4400
4322
4401
4323
4402
4324
4403
4325
4404
4326
4405
4327
4406
4328
4407
4329
4408
4330
4409
4331
4410
4332
4411
4333
4412
4334
4413
4335
4414
4336
4415
4337
4416
4338
4417
4339
4418
4340
4419
4341
4420
4342
4421
4343
4422
4344
4423
4424
4346
4425
4347
4426
4348
4427
4349
4428
4350
4429
4351
4430
4352
4431
4353
4432
4354
4433
4355
4434
4356
4435
4357
4436
4358
4437
4359
4438
4360
4439
4361
4440
4362
4441
4363
4442
4364
4443
4365
4444
4366
4445
4367
4446
4368
4447
4369
4448
4370
4449
4371
4450
4372
4451
4373
4452
4374
4453
4375
4454
4376
4455
4377
4456
4378
4457
4379
4458
4380
4459
4381
4460
4382
4461
4383
4462
4384
4463
4385
4464
4386
4465
4387
4466
4388
4467
4389
4468
4390
4469
4391
4470
4392
4471
4393
4472
4394
4473
4395
4474
4396
4475
4397
4476
4398
4477
4399
4478
4400
4479
4401
4480
4402
4481
4403
4482
4404
4483
4405
4484
4406
4485
4407
4486
4408
4487
4409
4488
4410
4489
4411
4490
4412
4491
4413
4492
4414
4493
4415
4494
4416
4495
4417
4496
4418
4497
4419
4498
4420
4499
4421
4500
4422
4501
4423
4502
4424
4503
4504
4426
4505
4427
4506
4428
4507
4429
4508
4430
4509
4431
4510
4432
4511
4433
4512
4434
4513
4435
4514
4436
4515
4437
4516
4438
4517
4439
4518
4440
4519
4441
4520
4442
4521
4443
4522
4444
4523
4445
4524
4446
4525
4447
4526
4448
4527
4449
4528
4450
4529
4451
4530
4452
4531
4453
4532
4454
4533
4455
4534
4456
4535
4457
4536
4458
4537
4459
4538
4460
4539
4461
4540
4462
4541
4463
4542
4464
4543
4465
4544
4466
4545
4467
4546
4468
4547
4469
4548
4470
4549
4471
4550
4472
4551
4473
4552
4474
4553
4475
4554
4476
4555
4477
4556
4478
4557
4479
4558
4480
4559
4481
4560
4482
4561
4483
4562
4484
4563
4485
4564
4486
4565
4487
4566
4488
4567
4489
4568
4490
4569
4491
4570
4492
4571
4493
4572
4494
4573
4495
4574
4496
4575
4497
4576
4498
4577
4499
4578
4500
4579
4501
4580
4502
4581
4503
4582
4504
4583
4584
4506
4585
4507
4586
4508
4587
4509
4588
4510
4589
4511
4590
4512
4591
4513
4592
4514
4593
4515
4594
4516
4595
4517
4596
4518
4597
4519
4598
4520
4599
4521
4600
4522
4601
4523
4602
4524
4603
4525
4604
4526
4605
4527
4606
4528
4607
4529
4608
4530
4609
4531
4610
4532
4611
4533
4612
4534
4613
4535
4614
4536
4615
4537
4616
4538
4617
4539
4618
4540
4619
4541
4620
4542
4621
4543
4622
4544
4623
4545
4624
4546
4625
4547
4626
4548
4627
4549
4628
4550
4629
4551
4630
4552
4631
4553
4632
4554
4633
4555
4634
4556
4635
4557
4636
4558
4637
4559
4638
4560
4639
4561
4640
4562
4641
4563
4642
4564
4643
4565
4644
4566
4645
4567
4646
4568
4647
4569
4648
4570
4649
4571
4650
4572
4651
4573
4652
4574
4653
4575
4654
4576
4655
4577
4656
4578
4657
4579
4658
4580
4659
4581
4660
4582
4661
4583
4662
4584
4663
4664
4586
4665
4587
4666
4588
4667
4589
4668
4590
4669
4591
4670
4592
4671
4593
4672
4594
4673
4595
4674
4596
4675
4597
4676
4598
4677
4599
4678
4600
4679
4601
4680
4602
4681
4603
4682
4604
4683
4605
4684
4606
4685
4607
4686
4608
4687
4609
4688
4610
4689
4611
4690
4612
4691
4613
4692
4614
4693
4615
4694
4616
4695
4617
4696
4618
4697
4619
4698
4620
4699
4621
4700
4622
4701
4623
4702
4624
4703
4625
4704
4626
4705
4627
4706
4628
4707
4629
4708
4630
4709
4631
4710
4632
4711
4633
4712
4634
4713
4635
4714
4636
4715
4637
4716
4638
4717
4639
4718
4640
4719
4641
4720
4642
4721
4643
4722
4644
4723
4645
4724
4646
4725
4647
4726
4648
4727
4649
4728
4650
4729
4651
4730
4652
4731
4653
4732
4654
4733
4655
4734
4656
4735
4657
4736
4658
4737
4659
4738
4660
4739
4661
4740
4662
4741
4663
4742
4664
4743
4744
4666
4745
4667
4746
4668
4747
4669
4748
4670
4749
4671
4750
4672
4751
4673
4752
4674
4753
4675
4754
4676
4755
4677
4756
4678
4757
4679
4758
4680
4759
4681
4760
4682
4761
4683
4762
4684
4763
4685
4764
4686
4765
4687
4766
4688
4767
4689
4768
4690
4769
4691
4770
4692
4771
4693
4772
4694
4773
4695
4774
4696
4775
4697
4776
4698
4777
4699
4778
4700
4779
4701
4780
4702
4781
4703
4782
4704
4783
4705
4784
4706
4785
4707
4786
4708
4787
4709
4788
4710
4789
4711
4790
4712
4791
4713
4792
4714
4793
4715
4794
4716
4795
4717
4796
4718
4797
4719
4798
4720
4799
4721
4800
4722
4801
4723
4802
4724
4803
4725
4804
4726
4805
4727
4806
4728
4807
4729
4808
4730
4809
4731
4810
4732
4811
4733
4812
4734
4813
4735
4814
4736
4815
4737
4816
4738
4817
4739
4818
4740
4819
4741
4820
4742
4821
4743
4822
4744
4823
4824
4746
4825
4747
4826
4748
4827
4749
4828
4750
4829
4751
4830
4752
4831
4753
4832
4754
4833
4755
4834
4756
4835
4757
4836
4758
4837
4759
4838
4760
4839
4761
4840
4762
4841
4763
4842
4764
4843
4765
4844
4766
4845
4767
4846
4768
4847
4769
4848
4770
4849
4771
4850
4772
4851
4773
4852
4774
4853
4775
4854
4776
4855
4777
4856
4778
4857
4779
4858
4780
4859
4781
4860
4782
4861
4783
4862
4784
4863
4785
4864
4786
4865
4787
4866
4788
4867
4789
4868
4790
4869
4791
4870
4792
4871
4793
4872
4794
4873
4795
4874
4796
4875
4797
4876
4798
4877
4799
4878
4800
4879
4801
4880
4802
4881
4803
4882
4804
4883
4805
4884
4806
4885
4807
4886
4808
4887
4809
4888
4810
4889
4811
4890
4812
4891
4813
4892
4814
4893
4815
4894
4816
4895
4817
4896
4818
4897
4819
4898
4820
4899
4821
4900
4822
4901
4823
4902
4824
4903
4904
4826
4905
4827
4906
4828
4907
4829
4908
4830
4909
4831
4910
4832
4911
4833
4912
4834
4913
4835
4914
4836
4915
4837
4916
4838
4917
4839
4918
4840
4919
4841
4920
4842
4921
4843
4922
4844
4923
4845
4924
4846
4925
4847
4926
4848
4927
4849
4928
4850
4929
4851
4930
4852
4931
4853
4932
4854
4933
4855
4934
4856
4935
4857
4936
4858
4937
4859
4938
4860
4939
4861
4940
4862
4941
4863
4942
4864
4943
4865
4944
4866
4945
4867
4946
4868
4947
4869
4948
4870
4949
4871
4950
4872
4951
4873
4952
4874
4953
4875
4954
4876
4955
4877
4956
4878
4957
4879
4958
4880
4959
4881
4960
4882
4961
4883
4962
4884
4963
4885
4964
4886
4965
4887
4966
4888
4967
4889
4968
4890
4969
4891
4970
4892
4971
4893
4972
4894
4973
4895
4974
4896
4975
4897
4976
4898
4977
4899
4978
4900
4979
4901
4980
4902
4981
4903
4982
4904
4983
4984
4906
4985
4907
4986
4908
4987
4909
4988
4910
4989
4911
4990
4912
4991
4913
4992
4914
4993
4915
4994
4916
4995
4917
4996
4918
4997
4919
4998
4920
4999
4921
5000
4922
5001
4923
5002
4924
5003
4925
5004
4926
5005
4927
5006
4928
5007
4929
5008
4930
5009
4931
5010
4932
5011
4933
5012
4934
5013
4935
5014
4936
5015
4937
5016
4938
5017
4939
5018
4940
5019
4941
5020
4942
5021
4943
5022
4944
5023
4945
5024
4946
5025
4947
5026
4948
5027
4949
5028
4950
5029
4951
5030
4952
5031
4953
5032
4954
5033
4955
5034
4956
5035
4957
5036
4958
5037
4959
5038
4960
5039
4961
5040
4962
5041
4963
5042
4964
5043
4965
5044
4966
5045
4967
5046
4968
5047
4969
5048
4970
5049
4971
5050
4972
5051
4973
5052
4974
5053
4975
5054
4976
5055
4977
5056
4978
5057
4979
5058
4980
5059
4981
5060
4982
5061
4983
5062
4984
5063
5064
4986
5065
4987
5066
4988
5067
4989
5068
4990
5069
4991
5070
4992
5071
4993
5072
4994
5073
4995
5074
4996
5075
4997
5076
4998
5077
4999
5078
5000
5079
5001
5080
5002
5081
5003
5082
5004
5083
5005
5084
5006
5085
5007
5086
5008
5087
5009
5088
5010
5089
5011
5090
5012
5091
5013
5092
5014
5093
5015
5094
5016
5095
5017
5096
5018
5097
5019
5098
5020
5099
5021
5100
5022
5101
5023
5102
5024
5103
5025
5104
5026
5105
5027
5106
5028
5107
5029
5108
5030
5109
5031
5110
5032
5111
5033
5112
5034
5113
5035
5114
5036
5115
5037
5116
5038
5117
5039
5118
5040
5119
5041
5120
5042
5121
5043
5122
5044
5123
5045
5124
5046
5125
5047
5126
5048
5127
5049
5128
5050
5129
5051
5130
5052
5131
5053
5132
5054
5133
5055
5134
5056
5135
5057
5136
5058
5137
5059
5138
5060
5139
5061
5140
5062
5141
5063
5142
5064
5143
5144
5066
5145
5067
5146
5068
5147
5069
5148
5070
5149
5071
5150
5072
5151
5073
5152
5074
5153
5075
5154
5076
5155
5077
5156
5078
5157
5079
5158
5080
5159
5081
5160
5082
5161
5083
5162
5084
5163
5085
5164
5086
5165
5087
5166
5088
5167
5089
5168
5090
5169
5091
5170
5092
5171
5093
5172
5094
5173
5095
5174
5096
5175
5097
5176
5098
5177
5099
5178
5100
5179
5101
5180
5102
5181
5103
5182
5104
5183
5105
5184
5106
5185
5107
5186
5108
5187
5109
5188
5110
5189
5111
5190
5112
5191
5113
5192
5114
5193
5115
5194
5116
5195
5117
5196
5118
5197
5119
5198
5120
5199
5121
5200
5122
5201
5123
5202
5124
5203
5125
5204
5126
5205
5127
5206
5128
5207
5129
5208
5130
5209
5131
5210
5132
5211
5133
5212
5134
5213
5135
5214
5136
5215
5137
5216
5138
5217
5139
5218
5140
5219
5141
5220
5142
5221
5143
5222
5144
5223
5224
5146
5225
5147
5226
5148
5227
5149
5228
5150
5229
5151
5230
5152
5231
5153
5232
5154
5233
5155
5234
5156
5235
5157
5236
5158
5237
5159
5238
5160
5239
5161
5240
5162
5241
5163
5242
5164
5243
5165
5244
5166
5245
5167
5246
5168
5247
5169
5248
5170
5249
5171
5250
5172
5251
5173
5252
5174
5253
5175
5254
5176
5255
5177
5256
5178
5257
5179
5258
5180
5259
5181
5260
5182
5261
5183
5262
5184
5263
5185
5264
5186
5265
5187
5266
5188
5267
5189
5268
5190
5269
5191
5270
5192
5271
5193
5272
5194
5273
5195
5274
5196
5275
5197
5276
5198
5277
5199
5278
5200
5279
5201
5280
5202
5281
5203
5282
5204
5283
5205
5284
5206
5285
5207
5286
5208
5287
5209
5288
5210
5289
5211
5290
5212
5291
5213
5292
5214
5293
5215
5294
5216
5295
5217
5296
5218
5297
5219
5298
5220
5299
5221
5300
5222
5301
5223
5302
5224
5303
5304
5226
5305
5227
5306
5228
5307
5229
5308
5230
5309
5231
5310
5232
5311
5233
5312
5234
5313
5235
5314
5236
5315
5237
5316
5238
5317
5239
5318
5240
5319
5241
5320
5242
5321
5243
5322
5244
5323
5245
5324
5246
5325
5247
5326
5248
5327
5249
5328
5250
5329
5251
5330
5252
5331
5253
5332
5254
5333
5255
5334
5256
5335
5257
5336
5258
5337
5259
5338
5260
5339
5261
5340
5262
5341
5263
5342
5264
5343
5265
5344
5266
5345
5267
5346
5268
5347
5269
5348
5270
5349
5271
5350
5272
5351
5273
5352
5274
5353
5275
5354
5276
5355
5277
5356
5278
5357
5279
5358
5280
5359
5281
5360
5282
5361
5283
5362
5284
5363
5285
5364
5286
5365
5287
5366
5288
5367
5289
5368
5290
5369
5291
5370
5292
5371
5293
5372
5294
5373
5295
5374
5296
5375
5297
5376
5298
5377
5299
5378
5300
5379
5301
5380
5302
5381
5303
5382
5304
5383
5384
5306
5385
5307
5386
5308
5387
5309
5388
5310
5389
5311
5390
5312
5391
5313
5392
5314
5393
5315
5394
5316
5395
5317
5396
5318
5397
5319
5398
5320
5399
5321
5400
5322
5401
5323
5402
5324
5403
5325
5404
5326
5405
5327
5406
5328
5407
5329
5408
5330
5409
5331
5410
5332
5411
5333
5412
5334
5413
5335
5414
5336
5415
5337
5416
5338
5417
5339
5418
5340
5419
5341
5420
5342
5421
5343
5422
5344
5423
5345
5424
5346
5425
5347
5426
5348
5427
5349
5428
5350
5429
5351
5430
5352
5431
5353
5432
5354
5433
5355
5434
5356
5435
5357
5436
5358
5437
5359
5438
5360
5439
5361
5440
5362
5441
5363
5442
5364
5443
5365
5444
5366
5445
5367
5446
5368
5447
5369
5448
5370
5449
5371
5450
5372
5451
5373
5452
5374
5453
5375
5454
5376
5455
5377
5456
5378
5457
5379
5458
5380
5459
5381
5460
5382
5461
5383
5462
5384
5463
5464
5386
5465
5387
5466
5388
5467
5389
5468
5390
5469
5391
5470
5392
5471
5393
5472
5394
5473
5395
5474
5396
5475
5397
5476
5398
5477
5399
5478
5400
5479
5401
5480
5402
5481
5403
5482
5404
5483
5405
5484
5406
5485
5407
5486
5408
5487
5409
5488
5410
5489
5411
5490
5412
5491
5413
5492
5414
5493
5415
5494
5416
5495
5417
5496
5418
5497
5419
5498
5420
5499
5421
5500
5422
5501
5423
5502
5424
5503
5425
5504
5426
5505
5427
5506
5428
5507
5429
5508
5430
5509
5431
5510
5432
5511
5433
5512
5434
5513
5435
5514
5436
5515
5437
5516
5438
5517
5439
5518
5440
5519
5441
5520
5442
5521
5443
5522
5444
5523
5445
5524
5446
5525
5447
5526
5448
5527
5449
5528
5450
5529
5451
5530
5452
5531
5453
5532
5454
5533
5455
5534
5456
5535
5457
5536
5458
5537
5459
5538
5460
5539
5461
5540
5462
5541
5463
5542
5464
5543
5544
5466
5545
5467
5546
5468
5547
5469
5548
5470
5549
5471
5550
5472
5551
5473
5552
5474
5553
5475
5554
5476
5555
5477
5556
5478
5557
5479
5558
5480
5559
5481
5560
5482
5561
5483
5562
5484
5563
5485
5564
5486
5565
5487
5566
5488
5567
5489
5568
5490
5569
5491
5570
5492
5571
5493
5572
5494
5573
5495
5574
5496
5575
5497
5576
5498
5577
5499
5578
5500
5579
5501
5580
5502
5581
5503
5582
5504
5583
5505
5584
5506
5585
5507
5586
5508
5587
5509
5588
5510
5589
5511
5590
5512
5591
5513
5592
5514
5593
5515
5594
5516
5595
5517
5596
5518
5597
5519
5598
5520
5599
5521
5600
5522
5601
5523
5602
5524
5603
5525
5604
5526
5605
5527
5606
5528
5607
5529
5608
5530
5609
5531
5610
5532
5611
5533
5612
5534
5613
5535
5614
5536
5615
5537
5616
5538
5617
5539
5618
5540
5619
5541
5620
5542
5621
5543
5622
5544
5623
5624
5546
5625
5547
5626
5548
5627
5549
5628
5550
5629
5551
5630
5552
5631
5553
5632
5554
5633
5555
5634
5556
5635
5557
5636
5558
5637
5559
5638
5560
5639
5561
5640
5562
5641
5563
5642
5564
5643
5565
5644
5566
5645
5567
5646
5568
5647
5569
5648
5570
5649
5571
5650
5572
5651
5573
5652
5574
5653
5575
5654
5576
5655
5577
5656
5578
5657
5579
5658
5580
5659
5581
5660
5582
5661
5583
5662
5584
5663
5585
5664
5586
5665
5587
5666
5588
5667
5589
5668
5590
5669
5591
5670
5592
5671
5593
5672
5594
5673
5595
5674
5596
5675
5597
5676
5598
5677
5599
5678
5600
5679
5601
5680
5602
5681
5603
5682
5604
5683
5605
5684
5606
5685
5607
5686
5608
5687
5609
5688
5610
5689
5611
5690
5612
5691
5613
5692
5614
5693
5615
5694
5616
5695
5617
5696
5618
5697
5619
5698
5620
5699
5621
5700
5622
5701
5623
5702
5624
5703
5704
5626
5705
5627
5706
5628
5707
5629
5708
5630
5709
5631
5710
5632
5711
5633
5712
5634
5713
5635
5714
5636
5715
5637
5716
5638
5717
5639
5718
5640
5719
5641
5720
5642
5721
5643
5722
5644
5723
5645
5724
5646
5725
5647
5726
5648
5727
5649
5728
5650
5729
5651
5730
5652
5731
5653
5732
5654
5733
5655
5734
5656
5735
5657
5736
5658
5737
5659
5738
5660
5739
5661
5740
5662
5741
5663
5742
5664
5743
5665
5744
5666
5745
5667
5746
5668
5747
5669
5748
5670
5749
5671
5750
5672
5751
5673
5752
5674
5753
5675
5754
5676
5755
5677
5756
5678
5757
5679
5758
5680
5759
5681
5760
5682
5761
5683
5762
5684
5763
5685
5764
5686
5765
5687
5766
5688
5767
5689
5768
5690
5769
5691
5770
5692
5771
5693
5772
5694
5773
5695
5774
5696
5775
5697
5776
5698
5777
5699
5778
5700
5779
5701
5780
5702
5781
5703
5782
5704
5783
5784
5706
5785
5707
5786
5708
5787
5709
5788
5710
5789
5711
5790
5712
5791
5713
5792
5714
5793
5715
5794
5716
5795
5717
5796
5718
5797
5719
5798
5720
5799
5721
5800
5722
5801
5723
5802
5724
5803
5725
5804
5726
5805
5727
5806
5728
5807
5729
5808
5730
5809
5731
5810
5732
5811
5733
5812
5734
5813
5735
5814
5736
5815
5737
5816
5738
5817
5739
5818
5740
5819
5741
5820
5742
5821
5743
5822
5744
5823
5745
5824
5746
5825
5747
5826
5748
5827
5749
5828
5750
5829
5751
5830
5752
5831
5753
5832
5754
5833
5755
5834
5756
5835
5757
5836
5758
5837
5759
5838
5760
5839
5761
5840
5762
5841
5763
5842
5764
5843
5765
5844
5766
5845
5767
5846
5768
5847
5769
5848
5770
5849
5771
5850
5772
5851
5773
5852
5774
5853
5775
5854
5776
5855
5777
5856
5778
5857
5779
5858
5780
5859
5781
5860
5782
5861
5783
5862
5784
5863
5864
5786
5865
5787
5866
5788
5867
5789
5868
5790
5869
5791
5870
5792
5871
5793
5872
5794
5873
5795
5874
5796
5875
5797
5876
5798
5877
5799
5878
5800
5879
5801
5880
5802
5881
5803
5882
5804
5883
5805
5884
5806
5885
5807
5886
5808
5887
5809
5888
5810
5889
5811
5890
5812
5891
5813
5892
5814
5893
5815
5894
5816
5895
5817
5896
5818
5897
5819
5898
5820
5899
5821
5900
5822
5901
5823
5902
5824
5903
5825
5904
5826
5905
5827
5906
5828
5907
5829
5908
5830
5909
5831
5910
5832
5911
5833
5912
5834
5913
5835
5914
5836
5915
5837
5916
5838
5917
5839
5918
5840
5919
5841
5920
5842
5921
5843
5922
5844
5923
5845
5924
5846
5925
5847
5926
5848
5927
5849
5928
5850
5929
5851
5930
5852
5931
5853
5932
5854
5933
5855
5934
5856
5935
5857
5936
5858
5937
5859
5938
5860
5939
5861
5940
5862
5941
5863
5942
5864
5943
5944
5866
5945
5867
5946
5868
5947
5869
5948
5870
5949
5871
5950
5872
5951
5873
5952
5874
5953
5875
5954
5876
5955
5877
5956
5878
5957
5879
5958
5880
5959
5881
5960
5882
5961
5883
5962
5884
5963
5885
5964
5886
5965
5887
5966
5888
5967
5889
5968
5890
5969
5891
5970
5892
5971
5893
5972
5894
5973
5895
5974
5896
5975
5897
5976
5898
5977
5899
5978
5900
5979
5901
5980
5902
5981
5903
5982
5904
5983
5905
5984
5906
5985
5907
5986
5908
5987
5909
5988
5910
5989
5911
5990
5912
5991
5913
5992
5914
5993
5915
5994
5916
5995
5917
5996
5918
5997
5919
5998
5920
5999
5921
6000
5922
6001
5923
6002
5924
6003
5925
6004
5926
6005
5927
6006
5928
6007
5929
6008
5930
6009
5931
6010
5932
6011
5933
6012
5934
6013
5935
6014
5936
6015
5937
6016
5938
6017
5939
6018
5940
6019
5941
6020
5942
6021
5943
6022
5944
6023
6024
5946
6025
5947
6026
5948
6027
5949
6028
5950
6029
5951
6030
5952
6031
5953
6032
5954
6033
5955
6034
5956
6035
5957
6036
5958
6037
5959
6038
5960
6039
5961
6040
5962
6041
5963
6042
5964
6043
5965
6044
5966
6045
5967
6046
5968
6047
5969
6048
5970
6049
5971
6050
5972
6051
5973
6052
5974
6053
5975
6054
5976
6055
5977
6056
5978
6057
5979
6058
5980
6059
5981
6060
5982
6061
5983
6062
5984
6063
5985
6064
5986
6065
5987
6066
5988
6067
5989
6068
5990
6069
5991
6070
5992
6071
5993
6072
5994
6073
5995
6074
5996
6075
5997
6076
5998
6077
5999
6078
6000
6079
6001
6080
6002
6081
6003
6082
6004
6083
6005
6084
6006
6085
6007
6086
6008
6087
6009
6088
6010
6089
6011
6090
6012
6091
6013
6092
6014
6093
6015
6094
6016
6095
6017
6096
6018
6097
6019
6098
6020
6099
6021
6100
6022
6101
6023
6102
6024
6103
6104
6026
6105
6027
6106
6028
6107
6029
6108
6030
6109
6031
6110
6032
6111
6033
6112
6034
6113
6035
6114
6036
6115
6037
6116
6038
6117
6039
6118
6040
6119
6041
6120
6042
6121
6043
6122
6044
6123
6045
6124
6046
6125
6047
6126
6048
6127
6049
6128
6050
6129
6051
6130
6052
6131
6053
6132
6054
6133
6055
6134
6056
6135
6057
6136
6058
6137
6059
6138
6060
6139
6061
6140
6062
6141
6063
6142
6064
6143
6065
6144
6066
6145
6067
6146
6068
6147
6069
6148
6070
6149
6071
6150
6072
6151
6073
6152
6074
6153
6075
6154
6076
6155
6077
6156
6078
6157
6079
6158
6080
6159
6081
6160
6082
6161
6083
6162
6084
6163
6085
6164
6086
6165
6087
6166
6088
6167
6089
6168
6090
6169
6091
6170
6092
6171
6093
6172
6094
6173
6095
6174
6096
6175
6097
6176
6098
6177
6099
6178
6100
6179
6101
6180
6102
6181
6103
6182
6104
6183
6184
6106
6185
6107
6186
6108
6187
6109
6188
6110
6189
6111
6190
6112
6191
6113
6192
6114
6193
6115
6194
6116
6195
6117
6196
6118
6197
6119
6198
6120
6199
6121
6200
6122
6201
6123
6202
6124
6203
6125
6204
6126
6205
6127
6206
6128
6207
6129
6208
6130
6209
6131
6210
6132
6211
6133
6212
6134
6213
6135
6214
6136
6215
6137
6216
6138
6217
6139
6218
6140
6219
6141
6220
6142
6221
6143
6222
6144
6223
6145
6224
6146
6225
6147
6226
6148
6227
6149
6228
6150
6229
6151
6230
6152
6231
6153
6232
6154
6233
6155
6234
6156
6235
6157
6236
6158
6237
6159
6238
6160
6239
6161
6240
6162
6241
6163
6242
6164
6243
6165
6244
6166
6245
6167
6246
6168
6247
6169
6248
6170
6249
6171
6250
6172
6251
6173
6252
6174
6253
6175
6254
6176
6255
6177
6256
6178
6257
6179
6258
6180
6259
6181
6260
6182
6261
6183
6262
6184
6263
6264
6186
6265
6187
6266
6188
6267
6189
6268
6190
6269
6191
6270
6192
6271
6193
6272
6194
6273
6195
6274
6196
6275
6197
6276
6198
6277
6199
6278
6200
6279
6201
6280
6202
6281
6203
6282
6204
6283
6205
6284
6206
6285
6207
6286
6208
6287
6209
6288
6210
6289
6211
6290
6212
6291
6213
6292
6214
6293
6215
6294
6216
6295
6217
6296
6218
6297
6219
6298
6220
6299
6221
6300
6222
6301
6223
6302
6224
6303
6225
6304
6226
6305
6227
6306
6228
6307
6229
6308
6230
6309
6231
6310
6232
6311
6233
6312
6234
6313
6235
6314
6236
6315
6237
6316
6238
6317
6239
6318
6240
6319
6241
6320
6242
6321
6243
6322
6244
6323
6245
6324
6246
6325
6247
6326
6248
6327
6249
6328
6250
6329
6251
6330
6252
6331
6253
6332
6254
6333
6255
6334
6256
6335
6257
6336
6258
6337
6259
6338
6260
6339
6261
6340
6262
6341
6263
6342
6264
6343
6344
6266
6345
6267
6346
6268
6347
6269
6348
6270
6349
6271
6350
6272
6351
6273
6352
6274
6353
6275
6354
6276
6355
6277
6356
6278
6357
6279
6358
6280
6359
6281
6360
6282
6361
6283
6362
6284
6363
6285
6364
6286
6365
6287
6366
6288
6367
6289
6368
6290
6369
6291
6370
6292
6371
6293
6372
6294
6373
6295
6374
6296
6375
6297
6376
6298
6377
6299
6378
6300
6379
6301
6380
6302
6381
6303
6382
6304
6383
6305
6384
6306
6385
6307
6386
6308
6387
6309
6388
6310
6389
6311
6390
6312
6391
6313
6392
6314
6393
6315
6394
6316
6395
6317
6396
6318
6397
6319
6398
6320
6399
6321
6400
6322
6401
6323
6402
6324
6403
6325
6404
6326
6405
6327
6406
6328
6407
6329
6408
6330
6409
6331
6410
6332
6411
6333
6412
6334
6413
6335
6414
6336
6415
6337
6416
6338
6417
6339
6418
6340
6419
6341
6420
6342
6421
6343
6422
6344
6423
6424
6346
6425
6347
6426
6348
6427
6349
6428
6350
6429
6351
6430
6352
6431
6353
6432
6354
6433
6355
6434
6356
6435
6357
6436
6358
6437
6359
6438
6360
6439
6361
6440
6362
6441
6363
6442
6364
6443
6365
6444
6366
6445
6367
6446
6368
6447
6369
6448
6370
6449
6371
6450
6372
6451
6373
6452
6374
6453
6375
6454
6376
6455
6377
6456
6378
6457
6379
6458
6380
6459
6381
6460
6382
6461
6383
6462
6384
6463
6385
6464
6386
6465
6387
6466
6388
6467
6389
6468
6390
6469
6391
6470
6392
6471
6393
6472
6394
6473
6395
6474
6396
6475
6397
6476
6398
6477
6399
6478
6400
6479
6401
6480
6402
6481
6403
6482
6404
6483
6405
6484
6406
6485
6407
6486
6408
6487
6409
6488
6410
6489
6411
6490
6412
6491
6413
6492
6414
6493
6415
6494
6416
6495
6417
6496
6418
6497
6419
6498
6420
6499
6421
6500
6422
6501
6423
6502
6424
6503
6504
6426
6505
6427
6506
6428
6507
6429
6508
6430
6509
6431
6510
6432
6511
6433
6512
6434
6513
6435
6514
6436
6515
6437
6516
6438
6517
6439
6518
6440
6519
6441
6520
6442
6521
6443
6522
6444
6523
6445
6524
6446
6525
6447
6526
6448
6527
6449
6528
6450
6529
6451
6530
6452
6531
6453
6532
6454
6533
6455
6534
6456
6535
6457
6536
6458
6537
6459
6538
6460
6539
6461
6540
6462
6541
6463
6542
6464
6543
6465
6544
6466
6545
6467
6546
6468
6547
6469
6548
6470
6549
6471
6550
6472
6551
6473
6552
6474
6553
6475
6554
6476
6555
6477
6556
6478
6557
6479
6558
6480
6559
6481
6560
6482
6561
6483
6562
6484
6563
6485
6564
6486
6565
6487
6566
6488
6567
6489
6568
6490
6569
6491
6570
6492
6571
6493
6572
6494
6573
6495
6574
6496
6575
6497
6576
6498
6577
6499
6578
6500
6579
6501
6580
6502
6581
6503
6582
6504
6583
6584
6506
6585
6507
6586
6508
6587
6509
6588
6510
6589
6511
6590
6512
6591
6513
6592
6514
6593
6515
6594
6516
6595
6517
6596
6518
6597
6519
6598
6520
6599
6521
6600
6522
6601
6523
6602
6524
6603
6525
6604
6526
6605
6527
6606
6528
6607
6529
6608
6530
6609
6531
6610
6532
6611
6533
6612
6534
6613
6535
6614
6536
6615
6537
6616
6538
6617
6539
6618
6540
6619
6541
6620
6542
6621
6543
6622
6544
6623
6545
6624
6546
6625
6547
6626
6548
6627
6549
6628
6550
6629
6551
6630
6552
6631
6553
6632
6554
6633
6555
6634
6556
6635
6557
6636
6558
6637
6559
6638
6560
6639
6561
6640
6562
6641
6563
6642
6564
6643
6565
6644
6566
6645
6567
6646
6568
6647
6569
6648
6570
6649
6571
6650
6572
6651
6573
6652
6574
6653
6575
6654
6576
6655
6577
6656
6578
6657
6579
6658
6580
6659
6581
6660
6582
6661
6583
6662
6584
6663
6664
6586
6665
6587
6666
6588
6667
6589
6668
6590
6669
6591
6670
6592
6671
6593
6672
6594
6673
6595
6674
6596
6675
6597
6676
6598
6677
6599
6678
6600
6679
6601
6680
6602
6681
6603
6682
6604
6683
6605
6684
6606
6685
6607
6686
6608
6687
6609
6688
6610
6689
6611
6690
6612
6691
6613
6692
6614
6693
6615
6694
6616
6695
6617
6696
6618
6697
6619
6698
6620
6699
6621
6700
6622
6701
6623
6702
6624
6703
6625
6704
6626
6705
6627
6706
6628
6707
6629
6708
6630
6709
6631
6710
6632
6711
6633
6712
6634
6713
6635
6714
6636
6715
6637
6716
6638
6717
6639
6718
6640
6719
6641
6720
6642
6721
6643
6722
6644
6723
6645
6724
6646
6725
6647
6726
6648
6727
6649
6728
6650
6729
6651
6730
6652
6731
6653
6732
6654
6733
6655
6734
6656
6735
6657
6736
6658
6737
6659
6738
6660
6739
6661
6740
6662
6741
6663
6742
6664
6743
6744
6666
6745
6667
6746
6668
6747
6669
6748
6670
6749
6671
6750
6672
6751
6673
6752
6674
6753
6675
6754
6676
6755
6677
6756
6678
6757
6679
6758
6680
6759
6681
6760
6682
6761
6683
6762
6684
6763
6685
6764
6686
6765
6687
6766
6688
6767
6689
6768
6690
6769
6691
6770
6692
6771
6693
6772
6694
6773
6695
6774
6696
6775
6697
6776
6698
6777
6699
6778
6700
6779
6701
6780
6702
6781
6703
6782
6704
6783
6705
6784
6706
6785
6707
6786
6708
6787
6709
6788
6710
6789
6711
6790
6712
6791
6713
6792
6714
6793
6715
6794
6716
6795
6717
6796
6718
6797
6719
6798
6720
6799
6721
6800
6722
6801
6723
6802
6724
6803
6725
6804
6726
6805
6727
6806
6728
6807
6729
6808
6730
6809
6731
6810
6732
6811
6733
6812
6734
6813
6735
6814
6736
6815
6737
6816
6738
6817
6739
6818
6740
6819
6741
6820
6742
6821
6743
6822
6744
6823
6824
6746
6825
6747
6826
6748
6827
6749
6828
6750
6829
6751
6830
6752
6831
6753
6832
6754
6833
6755
6834
6756
6835
6757
6836
6758
6837
6759
6838
6760
6839
6761
6840
6762
6841
6763
6842
6764
6843
6765
6844
6766
6845
6767
6846
6768
6847
6769
6848
6770
6849
6771
6850
6772
6851
6773
6852
6774
6853
6775
6854
6776
6855
6777
6856
6778
6857
6779
6858
6780
6859
6781
6860
6782
6861
6783
6862
6784
6863
6785
6864
6786
6865
6787
6866
6788
6867
6789
6868
6790
6869
6791
6870
6792
6871
6793
6872
6794
6873
6795
6874
6796
6875
6797
6876
6798
6877
6799
6878
6800
6879
6801
6880
6802
6881
6803
6882
6804
6883
6805
6884
6806
6885
6807
6886
6808
6887
6809
6888
6810
6889
6811
6890
6812
6891
6813
6892
6814
6893
6815
6894
6816
6895
6817
6896
6818
6897
6819
6898
6820
6899
6821
6900
6822
6901
6823
6902
6824
6903
6904
6826
6905
6827
6906
6828
6907
6829
6908
6830
6909
6831
6910
6832
6911
6833
6912
6834
6913
6835
6914
6836
6915
6837
6916
6838
6917
6839
6918
6840
6919
6841
6920
6842
6921
6843
6922
6844
6923
6845
6924
6846
6925
6847
6926
6848
6927
6849
6928
6850
6929
6851
6930
6852
6931
6853
6932
6854
6933
6855
6934
6856
6935
6857
6936
6858
6937
6859
6938
6860
6939
6861
6940
6862
6941
6863
6942
6864
6943
6865
6944
6866
6945
6867
6946
6868
6947
6869
6948
6870
6949
6871
6950
6872
6951
6873
6952
6874
6953
6875
6954
6876
6955
6877
6956
6878
6957
6879
6958
6880
6959
6881
6960
6882
6961
6883
6962
6884
6963
6885
6964
6886
6965
6887
6966
6888
6967
6889
6968
6890
6969
6891
6970
6892
6971
6893
6972
6894
6973
6895
6974
6896
6975
6897
6976
6898
6977
6899
6978
6900
6979
6901
6980
6902
6981
6903
6982
6904
6983
6984
6906
6985
6907
6986
6908
6987
6909
6988
6910
6989
6911
6990
6912
6991
6913
6992
6914
6993
6915
6994
6916
6995
6917
6996
6918
6997
6919
6998
6920
6999
6921
7000
6922
7001
6923
7002
6924
7003
6925
7004
6926
7005
6927
7006
6928
7007
6929
7008
6930
7009
6931
7010
6932
7011
6933
7012
6934
7013
6935
7014
6936
7015
6937
7016
6938
7017
6939
7018
6940
7019
6941
7020
6942
7021
6943
7022
6944
7023
6945
7024
6946
7025
6947
7026
6948
7027
6949
7028
6950
7029
6951
7030
6952
7031
6953
7032
6954
7033
6955
7034
6956
7035
6957
7036
6958
7037
6959
7038
6960
7039
6961
7040
6962
7041
6963
7042
6964
7043
6965
7044
6966
7045
6967
7046
6968
7047
6969
7048
6970
7049
6971
7050
6972
7051
6973
7052
6974
7053
6975
7054
6976
7055
6977
7056
6978
7057
6979
7058
6980
7059
6981
7060
6982
7061
6983
7062
6984
7063
7064
6986
7065
6987
7066
6988
7067
6989
7068
6990
7069
6991
7070
6992
7071
6993
7072
6994
7073
6995
7074
6996
7075
6997
7076
6998
7077
6999
7078
7000
7079
7001
7080
7002
7081
7003
7082
7004
7083
7005
7084
7006
7085
7007
7086
7008
7087
7009
7088
7010
7089
7011
7090
7012
7091
7013
7092
7014
7093
7015
7094
7016
7095
7017
7096
7018
7097
7019
7098
7020
7099
7021
7100
7022
7101
7023
7102
7024
7103
7025
7104
7026
7105
7027
7106
7028
7107
7029
7108
7030
7109
7031
7110
7032
7111
7033
7112
7034
7113
7035
7114
7036
7115
7037
7116
7038
7117
7039
7118
7040
7119
7041
7120
7042
7121
7043
7122
7044
7123
7045
7124
7046
7125
7047
7126
7048
7127
7049
7128
7050
7129
7051
7130
7052
7131
7053
7132
7054
7133
7055
7134
7056
7135
7057
7136
7058
7137
7059
7138
7060
7139
7061
7140
7062
7141
7063
7142
7064
7143
7144
7066
7145
7067
7146
7068
7147
7069
7148
7070
7149
7071
7150
7072
7151
7073
7152
7074
7153
7075
7154
7076
7155
7077
7156
7078
7157
7079
7158
7080
7159
7081
7160
7082
7161
7083
7162
7084
7163
7085
7164
7086
7165
7087
7166
7088
7167
7089
7168
7090
7169
7091
7170
7092
7171
7093
7172
7094
7173
7095
7174
7096
7175
7097
7176
7098
7177
7099
7178
7100
7179
7101
7180
7102
7181
7103
7182
7104
7183
7105
7184
7106
7185
7107
7186
7108
7187
7109
7188
7110
7189
7111
7190
7112
7191
7113
7192
7114
7193
7115
7194
7116
7195
7117
7196
7118
7197
7119
7198
7120
7199
7121
7200
7122
7201
7123
7202
7124
7203
7125
7204
7126
7205
7127
7206
7128
7207
7129
7208
7130
7209
7131
7210
7132
7211
7133
7212
7134
7213
7135
7214
7136
7215
7137
7216
7138
7217
7139
7218
7140
7219
7141
7220
7142
7221
7143
7222
7144
7223
7224
7146
7225
7147
7226
7148
7227
7149
7228
7150
7229
7151
7230
7152
7231
7153
7232
7154
7233
7155
7234
7156
7235
7157
7236
7158
7237
7159
7238
7160
7239
7161
7240
7162
7241
7163
7242
7164
7243
7165
7244
7166
7245
7167
7246
7168
7247
7169
7248
7170
7249
7171
7250
7172
7251
7173
7252
7174
7253
7175
7254
7176
7255
7177
7256
7178
7257
7179
7258
7180
7259
7181
7260
7182
7261
7183
7262
7184
7263
7185
7264
7186
7265
7187
7266
7188
7267
7189
7268
7190
7269
7191
7270
7192
7271
7193
7272
7194
7273
7195
7274
7196
7275
7197
7276
7198
7277
7199
7278
7200
7279
7201
7280
7202
7281
7203
7282
7204
7283
7205
7284
7206
7285
7207
7286
7208
7287
7209
7288
7210
7289
7211
7290
7212
7291
7213
7292
7214
7293
7215
7294
7216
7295
7217
7296
7218
7297
7219
7298
7220
7299
7221
7300
7222
7301
7223
7302
7224
7303
7304
7226
7305
7227
7306
7228
7307
7229
7308
7230
7309
7231
7310
7232
7311
7233
7312
7234
7313
7235
7314
7236
7315
7237
7316
7238
7317
7239
7318
7240
7319
7241
7320
7242
7321
7243
7322
7244
7323
7245
7324
7246
7325
7247
7326
7248
7327
7249
7328
7250
7329
7251
7330
7252
7331
7253
7332
7254
7333
7255
7334
7256
7335
7257
7336
7258
7337
7259
7338
7260
7339
7261
7340
7262
7341
7263
7342
7264
7343
7265
7344
7266
7345
7267
7346
7268
7347
7269
7348
7270
7349
7271
7350
7272
7351
7273
7352
7274
7353
7275
7354
7276
7355
7277
7356
7278
7357
7279
7358
7280
7359
7281
7360
7282
7361
7283
7362
7284
7363
7285
7364
7286
7365
7287
7366
7288
7367
7289
7368
7290
7369
7291
7370
7292
7371
7293
7372
7294
7373
7295
7374
7296
7375
7297
7376
7298
7377
7299
7378
7300
7379
7301
7380
7302
7381
7303
7382
7304
7383
7384
7306
7385
7307
7386
7308
7387
7309
7388
7310
7389
7311
7390
7312
7391
7313
7392
7314
7393
7315
7394
7316
7395
7317
7396
7318
7397
7319
7398
7320
7399
7321
7400
7322
7401
7323
7402
7324
7403
7325
7404
7326
7405
7327
7406
7328
7407
7329
7408
7330
7409
7331
7410
7332
7411
7333
7412
7334
7413
7335
7414
7336
7415
7337
7416
7338
7417
7339
7418
7340
7419
7341
7420
7342
7421
7343
7422
7344
7423
7345
7424
7346
7425
7347
7426
7348
7427
7349
7428
7350
7429
7351
7430
7352
7431
7353
7432
7354
7433
7355
7434
7356
7435
7357
7436
7358
7437
7359
7438
7360
7439
7361
7440
7362
7441
7363
7442
7364
7443
7365
7444
7366
7445
7367
7446
7368
7447
7369
7448
7370
7449
7371
7450
7372
7451
7373
7452
7374
7453
7375
7454
7376
7455
7377
7456
7378
7457
7379
7458
7380
7459
7381
7460
7382
7461
7383
7462
7384
7463
7464
7386
7465
7387
7466
7388
7467
7389
7468
7390
7469
7391
7470
7392
7471
7393
7472
7394
7473
7395
7474
7396
7475
7397
7476
7398
7477
7399
7478
7400
7479
7401
7480
7402
7481
7403
7482
7404
7483
7405
7484
7406
7485
7407
7486
7408
7487
7409
7488
7410
7489
7411
7490
7412
7491
7413
7492
7414
7493
7415
7494
7416
7495
7417
7496
7418
7497
7419
7498
7420
7499
7421
7500
7422
7501
7423
7502
7424
7503
7425
7504
7426
7505
7427
7506
7428
7507
7429
7508
7430
7509
7431
7510
7432
7511
7433
7512
7434
7513
7435
7514
7436
7515
7437
7516
7438
7517
7439
7518
7440
7519
7441
7520
7442
7521
7443
7522
7444
7523
7445
7524
7446
7525
7447
7526
7448
7527
7449
7528
7450
7529
7451
7530
7452
7531
7453
7532
7454
7533
7455
7534
7456
7535
7457
7536
7458
7537
7459
7538
7460
7539
7461
7540
7462
7541
7463
7542
7464
7543
7544
7466
7545
7467
7546
7468
7547
7469
7548
7470
7549
7471
7550
7472
7551
7473
7552
7474
7553
7475
7554
7476
7555
7477
7556
7478
7557
7479
7558
7480
7559
7481
7560
7482
7561
7483
7562
7484
7563
7485
7564
7486
7565
7487
7566
7488
7567
7489
7568
7490
7569
7491
7570
7492
7571
7493
7572
7494
7573
7495
7574
7496
7575
7497
7576
7498
7577
7499
7578
7500
7579
7501
7580
7502
7581
7503
7582
7504
7583
7505
7584
7506
7585
7507
7586
7508
7587
7509
7588
7510
7589
7511
7590
7512
7591
7513
7592
7514
7593
7515
7594
7516
7595
7517
7596
7518
7597
7519
7598
7520
7599
7521
7600
7522
7601
7523
7602
7524
7603
7525
7604
7526
7605
7527
7606
7528
7607
7529
7608
7530
7609
7531
7610
7532
7611
7533
7612
7534
7613
7535
7614
7536
7615
7537
7616
7538
7617
7539
7618
7540
7619
7541
7620
7542
7621
7543
7622
7544
7623
7624
7546
7625
7547
7626
7548
7627
7549
7628
7550
7629
7551
7630
7552
7631
7553
7632
7554
7633
7555
7634
7556
7635
7557
7636
7558
7637
7559
7638
7560
7639
7561
7640
7562
7641
7563
7642
7564
7643
7565
7644
7566
7645
7567
7646
7568
7647
7569
7648
7570
7649
7571
7650
7572
7651
7573
7652
7574
7653
7575
7654
7576
7655
7577
7656
7578
7657
7579
7658
7580
7659
7581
7660
7582
7661
7583
7662
7584
7663
7585
7664
7586
7665
7587
7666
7588
7667
7589
7668
7590
7669
7591
7670
7592
7671
7593
7672
7594
7673
7595
7674
7596
7675
7597
7676
7598
7677
7599
7678
7600
7679
7601
7680
7602
7681
7603
7682
7604
7683
7605
7684
7606
7685
7607
7686
7608
7687
7609
7688
7610
7689
7611
7690
7612
7691
7613
7692
7614
7693
7615
7694
7616
7695
7617
7696
7618
7697
7619
7698
7620
7699
7621
7700
7622
7701
7623
7702
7624
7703
7704
7626
7705
7627
7706
7628
7707
7629
7708
7630
7709
7631
7710
7632
7711
7633
7712
7634
7713
7635
7714
7636
7715
7637
7716
7638
7717
7639
7718
7640
7719
7641
7720
7642
7721
7643
7722
7644
7723
7645
7724
7646
7725
7647
7726
7648
7727
7649
7728
7650
7729
7651
7730
7652
7731
7653
7732
7654
7733
7655
7734
7656
7735
7657
7736
7658
7737
7659
7738
7660
7739
7661
7740
7662
7741
7663
7742
7664
7743
7665
7744
7666
7745
7667
7746
7668
7747
7669
7748
7670
7749
7671
7750
7672
7751
7673
7752
7674
7753
7675
7754
7676
7755
7677
7756
7678
7757
7679
7758
7680
7759
7681
7760
7682
7761
7683
7762
7684
7763
7685
7764
7686
7765
7687
7766
7688
7767
7689
7768
7690
7769
7691
7770
7692
7771
7693
7772
7694
7773
7695
7774
7696
7775
7697
7776
7698
7777
7699
7778
7700
7779
7701
7780
7702
7781
7703
7782
7704
7783
7784
7706
7785
7707
7786
7708
7787
7709
7788
7710
7789
7711
7790
7712
7791
7713
7792
7714
7793
7715
7794
7716
7795
7717
7796
7718
7797
7719
7798
7720
7799
7721
7800
7722
7801
7723
7802
7724
7803
7725
7804
7726
7805
7727
7806
7728
7807
7729
7808
7730
7809
7731
7810
7732
7811
7733
7812
7734
7813
7735
7814
7736
7815
7737
7816
7738
7817
7739
7818
7740
7819
7741
7820
7742
7821
7743
7822
7744
7823
7745
7824
7746
7825
7747
7826
7748
7827
7749
7828
7750
7829
7751
7830
7752
7831
7753
7832
7754
7833
7755
7834
7756
7835
7757
7836
7758
7837
7759
7838
7760
7839
7761
7840
7762
7841
7763
7842
7764
7843
7765
7844
7766
7845
7767
7846
7768
7847
7769
7848
7770
7849
7771
7850
7772
7851
7773
7852
7774
7853
7775
7854
7776
7855
7777
7856
7778
7857
7779
7858
7780
7859
7781
7860
7782
7861
7783
7862
7784
7863
7864
7786
7865
7787
7866
7788
7867
7789
7868
7790
7869
7791
7870
7792
7871
7793
7872
7794
7873
7795
7874
7796
7875
7797
7876
7798
7877
7799
7878
7800
7879
7801
7880
7802
7881
7803
7882
7804
7883
7805
7884
7806
7885
7807
7886
7808
7887
7809
7888
7810
7889
7811
7890
7812
7891
7813
7892
7814
7893
7815
7894
7816
7895
7817
7896
7818
7897
7819
7898
7820
7899
7821
7900
7822
7901
7823
7902
7824
7903
7825
7904
7826
7905
7827
7906
7828
7907
7829
7908
7830
7909
7831
7910
7832
7911
7833
7912
7834
7913
7835
7914
7836
7915
7837
7916
7838
7917
7839
7918
7840
7919
7841
7920
7842
7921
7843
7922
7844
7923
7845
7924
7846
7925
7847
7926
7848
7927
7849
7928
7850
7929
7851
7930
7852
7931
7853
7932
7854
7933
7855
7934
7856
7935
7857
7936
7858
7937
7859
7938
7860
7939
7861
7940
7862
7941
7863
7942
7864
7943
7944
7866
7945
7867
7946
7868
7947
7869
7948
7870
7949
7871
7950
7872
7951
7873
7952
7874
7953
7875
7954
7876
7955
7877
7956
7878
7957
7879
7958
7880
7959
7881
7960
7882
7961
7883
7962
7884
7963
7885
7964
7886
7965
7887
7966
7888
7967
7889
7968
7890
7969
7891
7970
7892
7971
7893
7972
7894
7973
7895
7974
7896
7975
7897
7976
7898
7977
7899
7978
7900
7979
7901
7980
7902
7981
7903
7982
7904
7983
7905
7984
7906
7985
7907
7986
7908
7987
7909
7988
7910
7989
7911
7990
7912
7991
7913
7992
7914
7993
7915
7994
7916
7995
7917
7996
7918
7997
7919
7998
7920
7999
7921
8000
7922
8001
7923
8002
7924
8003
7925
8004
7926
8005
7927
8006
7928
8007
7929
8008
7930
8009
7931
8010
7932
8011
7933
8012
7934
8013
7935
8014
7936
8015
7937
8016
7938
8017
7939
8018
7940
8019
7941
8020
7942
8021
7943
8022
7944
8023
8024
7946
8025
7947
8026
7948
8027
7949
8028
7950
8029
7951
8030
7952
8031
7953
8032
7954
8033
7955
8034
7956
8035
7957
8036
7958
8037
7959
8038
7960
8039
7961
8040
7962
8041
7963
8042
7964
8043
7965
8044
7966
8045
7967
8046
7968
8047
7969
8048
7970
8049
7971
8050
7972
8051
7973
8052
7974
8053
7975
8054
7976
8055
7977
8056
7978
8057
7979
8058
7980
8059
7981
8060
7982
8061
7983
8062
7984
8063
7985
8064
7986
8065
7987
8066
7988
8067
7989
8068
7990
8069
7991
8070
7992
8071
7993
8072
7994
8073
7995
8074
7996
8075
7997
8076
7998
8077
7999
8078
8000
8079
8001
8080
8002
8081
8003
8082
8004
8083
8005
8084
8006
8085
8007
8086
8008
8087
8009
8088
8010
8089
8011
8090
8012
8091
8013
8092
8014
8093
8015
8094
8016
8095
8017
8096
8018
8097
8019
8098
8020
8099
8021
8100
8022
8101
8023
8102
8024
8103
8104
8026
8105
8027
8106
8028
8107
8029
8108
8030
8109
8031
8110
8032
8111
8033
8112
8034
8113
8035
8114
8036
8115
8037
8116
8038
8117
8039
8118
8040
8119
8041
8120
8042
8121
8043
8122
8044
8123
8045
8124
8046
8125
8047
8126
8048
8127
8049
8128
8050
8129
8051
8130
8052
8131
8053
8132
8054
8133
8055
8134
8056
8135
8057
8136
8058
8137
8059
8138
8060
8139
8061
8140
8062
8141
8063
8142
8064
8143
8065
8144
8066
8145
8067
8146
8068
8147
8069
8148
8070
8149
8071
8150
8072
8151
8073
8152
8074
8153
8075
8154
8076
8155
8077
8156
8078
8157
8079
8158
8080
8159
8081
8160
8082
8161
8083
8162
8084
8163
8085
8164
8086
8165
8087
8166
8088
8167
8089
8168
8090
8169
8091
8170
8092
8171
8093
8172
8094
8173
8095
8174
8096
8175
8097
8176
8098
8177
8099
8178
8100
8179
8101
8180
8102
8181
8103
8182
8104
8183
8184
8106
8185
8107
8186
8108
8187
8109
8188
8110
8189
8111
8190
8112
8191
8113
8192
8114
8193
8115
8194
8116
8195
8117
8196
8118
8197
8119
8198
8120
8199
8121
8200
8122
8201
8123
8202
8124
8203
8125
8204
8126
8205
8127
8206
8128
8207
8129
8208
8130
8209
8131
8210
8132
8211
8133
8212
8134
8213
8135
8214
8136
8215
8137
8216
8138
8217
8139
8218
8140
8219
8141
8220
8142
8221
8143
8222
8144
8223
8145
8224
8146
8225
8147
8226
8148
8227
8149
8228
8150
8229
8151
8230
8152
8231
8153
8232
8154
8233
8155
8234
8156
8235
8157
8236
8158
8237
8159
8238
8160
8239
8161
8240
8162
8241
8163
8242
8164
8243
8165
8244
8166
8245
8167
8246
8168
8247
8169
8248
8170
8249
8171
8250
8172
8251
8173
8252
8174
8253
8175
8254
8176
8255
8177
8256
8178
8257
8179
8258
8180
8259
8181
8260
8182
8261
8183
8262
8184
8263
8264
8186
8265
8187
8266
8188
8267
8189
8268
8190
8269
8191
8270
8192
8271
8193
8272
8194
8273
8195
8274
8196
8275
8197
8276
8198
8277
8199
8278
8200
8279
8201
8280
8202
8281
8203
8282
8204
8283
8205
8284
8206
8285
8207
8286
8208
8287
8209
8288
8210
8289
8211
8290
8212
8291
8213
8292
8214
8293
8215
8294
8216
8295
8217
8296
8218
8297
8219
8298
8220
8299
8221
8300
8222
8301
8223
8302
8224
8303
8225
8304
8226
8305
8227
8306
8228
8307
8229
8308
8230
8309
8231
8310
8232
8311
8233
8312
8234
8313
8235
8314
8236
8315
8237
8316
8238
8317
8239
8318
8240
8319
8241
8320
8242
8321
8243
8322
8244
8323
8245
8324
8246
8325
8247
8326
8248
8327
8249
8328
8250
8329
8251
8330
8252
8331
8253
8332
8254
8333
8255
8334
8256
8335
8257
8336
8258
8337
8259
8338
8260
8339
8261
8340
8262
8341
8263
8342
8264
8343
8344
8266
8345
8267
8346
8268
8347
8269
8348
8270
8349
8271
8350
8272
8351
8273
8352
8274
8353
8275
8354
8276
8355
8277
8356
8278
8357
8279
8358
8280
8359
8281
8360
8282
8361
8283
8362
8284
8363
8285
8364
8286
8365
8287
8366
8288
8367
8289
8368
8290
8369
8291
8370
8292
8371
8293
8372
8294
8373
8295
8374
8296
8375
8297
8376
8298
8377
8299
8378
8300
8379
8301
8380
8302
8381
8303
8382
8304
8383
8305
8384
8306
8385
8307
8386
8308
8387
8309
8388
8310
8389
8311
8390
8312
8391
8313
8392
8314
8393
8315
8394
8316
8395
8317
8396
8318
8397
8319
8398
8320
8399
8321
8400
8322
8401
8323
8402
8324
8403
8325
8404
8326
8405
8327
8406
8328
8407
8329
8408
8330
8409
8331
8410
8332
8411
8333
8412
8334
8413
8335
8414
8336
8415
8337
8416
8338
8417
8339
8418
8340
8419
8341
8420
8342
8421
8343
8422
8344
8423
8424
8346
8425
8347
8426
8348
8427
8349
8428
8350
8429
8351
8430
8352
8431
8353
8432
8354
8433
8355
8434
8356
8435
8357
8436
8358
8437
8359
8438
8360
8439
8361
8440
8362
8441
8363
8442
8364
8443
8365
8444
8366
8445
8367
8446
8368
8447
8369
8448
8370
8449
8371
8450
8372
8451
8373
8452
8374
8453
8375
8454
8376
8455
8377
8456
8378
8457
8379
8458
8380
8459
8381
8460
8382
8461
8383
8462
8384
8463
8385
8464
8386
8465
8387
8466
8388
8467
8389
8468
8390
8469
8391
8470
8392
8471
8393
8472
8394
8473
8395
8474
8396
8475
8397
8476
8398
8477
8399
8478
8400
8479
8401
8480
8402
8481
8403
8482
8404
8483
8405
8484
8406
8485
8407
8486
8408
8487
8409
8488
8410
8489
8411
8490
8412
8491
8413
8492
8414
8493
8415
8494
8416
8495
8417
8496
8418
8497
8419
8498
8420
8499
8421
8500
8422
8501
8423
8502
8424
8503
8504
8426
8427
8428
8429
8430
8431
8432
8433
8434
8435
8436
8437
8438
8439
8440
8441
8442
8443
8444
8445
8446
8447
8448
8449
8450
8451
8452
8453
8454
8455
8456
8457
8458
8459
8460
8461
8462
8463
8464
8465
8466
8467
8468
8469
8470
8471
8472
8473
8474
8475
8476
8477
8478
8479
8480
8481
8482
8483
8484
8485
8486
8487
8488
8489
8490
8491
8492
8493
8494
8495
8496
8497
8498
8499
8500
8501
8502
8503
8504
)


// ************************************************************************* //
