0.05	2.9537e-07
0.1	1.26699e-06
0.15	2.53118e-06
0.2	2.34991e-06
0.25	2.22908e-06
0.3	2.25029e-06
0.35	2.05456e-06
0.4	1.77298e-06
0.45	2.47016e-06
0.5	2.06974e-06
0.55	2.49313e-06
0.6	2.04202e-06
0.65	1.80109e-06
0.7	2.85701e-06
0.75	2.53323e-06
0.8	2.77262e-06
0.85	3.96355e-06
0.9	3.45021e-06
0.95	3.40709e-06
1	3.51543e-06
1.05	4.85832e-06
1.1	4.20075e-06
1.15	3.609e-06
1.2	3.69576e-06
1.25	3.95919e-06
1.3	4.0083e-06
1.35	4.08909e-06
1.4	4.34571e-06
1.45	4.6072e-06
1.5	5.03026e-06
1.55	5.00078e-06
1.6	4.90799e-06
1.65	4.82699e-06
1.7	4.83015e-06
1.75	5.0029e-06
1.8	4.99557e-06
1.85	4.82091e-06
1.9	4.54248e-06
1.95	6.6387e-06
2	4.11239e-06
2.05	5.34648e-06
2.1	3.84045e-06
2.15	4.97049e-06
2.2	4.4223e-06
2.25	4.87604e-06
2.3	4.66239e-06
2.35	5.1306e-06
2.4	4.75544e-06
2.45	4.40708e-06
2.5	4.18723e-06
2.55	3.71384e-06
2.6	3.40385e-06
2.65	3.58698e-06
2.7	3.63279e-06
2.75	3.83079e-06
2.8	4.12217e-06
2.85	3.7863e-06
2.9	4.33561e-06
2.95	4.64239e-06
3	4.53076e-06
3.05	5.33142e-06
3.1	4.60303e-06
3.15	5.16619e-06
3.2	4.72545e-06
3.25	4.46301e-06
3.3	4.23612e-06
3.35	4.50551e-06
3.4	4.49855e-06
3.45	4.62405e-06
3.5	5.47622e-06
3.55	4.4617e-06
3.6	3.731e-06
3.65	3.35494e-06
3.7	4.0933e-06
3.75	5.82079e-06
3.8	5.14707e-06
3.85	4.88816e-06
3.9	5.37124e-06
3.95	7.58165e-06
4	6.05842e-06
4.05	7.28573e-06
4.1	6.96537e-06
4.15	7.59448e-06
4.2	6.90231e-06
4.25	6.78198e-06
4.3	6.42126e-06
4.35	6.16184e-06
4.4	6.05306e-06
4.45	6.96453e-06
4.5	7.88798e-06
4.55	7.45475e-06
4.6	6.51099e-06
4.65	7.22245e-06
4.7	7.09266e-06
4.75	7.43019e-06
4.8	7.81635e-06
4.85	8.47835e-06
4.9	9.13354e-06
4.95	9.18726e-06
5	8.79838e-06
5.05	9.16797e-06
5.1	8.97036e-06
5.15	9.15317e-06
5.2	8.60035e-06
5.25	9.40629e-06
5.3	1.02996e-05
5.35	9.79199e-06
5.4	1.07182e-05
5.45	1.12743e-05
5.5	1.41201e-05
5.55	1.33572e-05
5.6	1.30928e-05
5.65	1.43907e-05
5.7	1.40049e-05
5.75	1.55472e-05
5.8	1.56245e-05
5.85	1.49143e-05
5.9	1.79174e-05
5.95	1.67813e-05
6	1.79503e-05
6.05	1.98428e-05
6.1	2.22893e-05
6.15	2.07375e-05
6.2	2.04513e-05
6.25	1.92194e-05
6.3	2.12954e-05
6.35	2.05839e-05
6.4	2.05244e-05
6.45	2.07643e-05
6.5	2.15676e-05
6.55	1.87486e-05
6.6	2.29147e-05
6.65	2.17686e-05
6.7	2.22223e-05
6.75	2.05092e-05
6.8	2.36939e-05
6.85	2.18852e-05
6.9	2.404e-05
6.95	2.53616e-05
7	2.22379e-05
7.05	1.7998e-05
7.1	2.43017e-05
7.15	2.36733e-05
7.2	2.09541e-05
7.25	2.71168e-05
7.3	2.75597e-05
7.35	2.14469e-05
7.4	2.77653e-05
7.45	2.25604e-05
7.5	2.00741e-05
7.55	2.18053e-05
7.6	2.06202e-05
7.65	2.2218e-05
7.7	2.43008e-05
7.75	2.43524e-05
7.8	2.07939e-05
7.85	2.7209e-05
7.9	2.29721e-05
7.95	2.40654e-05
8	2.48605e-05
8.05	2.47398e-05
8.1	2.46847e-05
8.15	2.34814e-05
8.2	2.08176e-05
8.25	2.1217e-05
8.3	2.01449e-05
8.35	2.36929e-05
8.4	2.34471e-05
8.45	2.36761e-05
8.5	2.30209e-05
8.55	2.61393e-05
8.6	2.61834e-05
8.65	2.94727e-05
8.7	2.39343e-05
8.75	2.38517e-05
8.8	2.3739e-05
8.85	2.38077e-05
8.9	2.62292e-05
8.95	2.74095e-05
9	2.73365e-05
9.05	2.66991e-05
9.1	3.14458e-05
9.15	3.38394e-05
9.2	3.07736e-05
9.25	2.91577e-05
9.3	3.04477e-05
9.35	2.76415e-05
9.4	2.81507e-05
9.45	3.15807e-05
9.5	2.95035e-05
9.55	3.05183e-05
9.6	3.11264e-05
9.65	2.95703e-05
9.7	3.36696e-05
9.75	3.13947e-05
9.8	3.01494e-05
9.85	2.873e-05
9.9	3.17551e-05
9.95	3.65328e-05
10	3.87975e-05
