0.05	-1.36765e-09
0.1	6.71376e-08
0.15	2.28533e-08
0.2	6.65823e-08
0.25	-6.1197e-08
0.3	-1.72545e-07
0.35	-2.38945e-07
0.4	-2.23019e-07
0.45	-4.6165e-08
0.5	-1.79244e-09
0.55	1.4998e-07
0.6	1.86585e-07
0.65	4.06959e-08
0.7	1.43131e-07
0.75	9.51035e-08
0.8	1.8492e-07
0.85	2.69969e-07
0.9	2.71364e-07
0.95	3.42632e-07
1	4.11491e-07
1.05	4.98037e-07
1.1	6.04403e-07
1.15	4.9498e-07
1.2	5.14896e-07
1.25	4.14294e-07
1.3	4.76889e-07
1.35	4.33226e-07
1.4	4.76731e-07
1.45	4.77939e-07
1.5	3.97802e-07
1.55	3.50057e-07
1.6	2.14652e-07
1.65	2.92735e-08
1.7	-1.88715e-07
1.75	-2.15482e-07
1.8	-3.35612e-07
1.85	-2.56371e-07
1.9	-2.07724e-07
1.95	-3.97152e-07
2	-2.27477e-07
2.05	-4.24543e-07
2.1	-2.41801e-07
2.15	-1.71134e-07
2.2	5.14511e-08
2.25	2.62575e-07
2.3	2.27286e-07
2.35	7.59163e-08
2.4	-6.26959e-08
2.45	-1.885e-07
2.5	-3.37254e-07
2.55	-5.70279e-07
2.6	-5.59961e-07
2.65	-4.35897e-07
2.7	-1.49917e-07
2.75	3.16026e-07
2.8	6.61145e-07
2.85	7.33565e-07
2.9	6.30698e-07
2.95	4.63947e-07
3	3.98141e-07
3.05	4.4358e-07
3.1	5.21856e-07
3.15	6.08459e-07
3.2	5.62397e-07
3.25	4.29927e-07
3.3	1.94792e-07
3.35	7.00664e-08
3.4	-4.47713e-09
3.45	4.5641e-08
3.5	9.23448e-08
3.55	8.78251e-08
3.6	7.88679e-08
3.65	-1.51277e-08
3.7	-8.37069e-08
3.75	-7.41305e-08
3.8	1.24969e-07
3.85	3.6997e-07
3.9	4.8483e-07
3.95	4.61076e-07
4	1.44768e-07
4.05	3.70721e-08
4.1	2.19668e-07
4.15	2.58666e-07
4.2	1.73852e-07
4.25	1.83021e-07
4.3	-5.21514e-08
4.35	-2.16043e-07
4.4	-4.0388e-07
4.45	-5.18686e-07
4.5	-1.26618e-07
4.55	3.36646e-07
4.6	4.77522e-07
4.65	5.84137e-07
4.7	3.68771e-07
4.75	-2.05083e-07
4.8	-8.91388e-07
4.85	-5.56907e-07
4.9	-2.808e-07
4.95	3.35539e-07
5	4.7487e-07
5.05	1.189e-07
5.1	2.47081e-07
5.15	-4.75698e-07
5.2	-1.58659e-07
5.25	-3.10539e-07
5.3	-2.44673e-07
5.35	-2.25737e-07
5.4	1.43578e-07
5.45	5.56835e-07
5.5	-1.59312e-07
5.55	-4.47025e-07
5.6	-3.37419e-07
5.65	-4.34766e-07
5.7	-4.48496e-07
5.75	-6.53175e-07
5.8	-5.89002e-07
5.85	1.17139e-07
5.9	1.55234e-07
5.95	9.11141e-07
6	1.7694e-07
6.05	-1.71415e-06
6.1	-2.5957e-06
6.15	-1.81558e-06
6.2	-4.06962e-07
6.25	7.0378e-07
6.3	1.5832e-06
6.35	8.00301e-07
6.4	-1.54918e-07
6.45	-1.58715e-06
6.5	-6.22901e-07
6.55	-9.68985e-07
6.6	-8.15883e-07
6.65	-8.25789e-07
6.7	-5.00369e-07
6.75	-5.35601e-07
6.8	-1.24312e-06
6.85	1.47197e-07
6.9	1.03925e-06
6.95	1.3144e-06
7	4.35581e-07
7.05	-4.00377e-07
7.1	-1.31577e-06
7.15	-4.61642e-07
7.2	-5.71948e-07
7.25	-2.95403e-07
7.3	-9.49886e-07
7.35	-1.65844e-06
7.4	1.21245e-07
7.45	-1.74849e-09
7.5	8.28538e-07
7.55	-1.02642e-06
7.6	-8.3837e-07
7.65	-6.17033e-07
7.7	-1.03777e-07
7.75	-1.41747e-07
7.8	-7.83926e-07
7.85	-4.98233e-07
7.9	-7.33774e-07
7.95	1.75981e-07
8	9.39455e-07
8.05	1.299e-06
8.1	1.34153e-06
8.15	3.97722e-07
8.2	8.12406e-07
8.25	-9.56612e-07
8.3	-1.05128e-06
8.35	-1.82452e-06
8.4	-1.04743e-06
8.45	-1.75394e-07
8.5	7.65738e-08
8.55	5.95173e-07
8.6	4.35356e-07
8.65	-4.37916e-07
8.7	-6.06135e-07
8.75	-1.10073e-06
8.8	-1.34361e-06
8.85	-7.17281e-07
8.9	-5.39825e-07
8.95	-9.86908e-07
9	1.23499e-06
9.05	8.39212e-07
9.1	6.92854e-07
9.15	2.64385e-07
9.2	1.03338e-06
9.25	-1.72208e-06
9.3	-1.34291e-06
9.35	-1.82613e-06
9.4	-1.91146e-06
9.45	-1.66757e-06
9.5	-4.4568e-07
9.55	4.17982e-07
9.6	3.98091e-07
9.65	2.75739e-07
9.7	-8.83107e-07
9.75	-1.40125e-06
9.8	-1.42133e-06
9.85	-5.43296e-07
9.9	3.02441e-07
9.95	1.43637e-07
10	1.57998e-06
