0.05	-1.36765e-09
0.1	6.57699e-08
0.15	8.86232e-08
0.2	1.55205e-07
0.25	9.40085e-08
0.3	-7.85368e-08
0.35	-3.17482e-07
0.4	-5.40501e-07
0.45	-5.86666e-07
0.5	-5.88458e-07
0.55	-4.38478e-07
0.6	-2.51893e-07
0.65	-2.11197e-07
0.7	-6.80654e-08
0.75	2.70381e-08
0.8	2.11958e-07
0.85	4.81927e-07
0.9	7.53291e-07
0.95	1.09592e-06
1	1.50741e-06
1.05	2.00545e-06
1.1	2.60985e-06
1.15	3.10483e-06
1.2	3.61973e-06
1.25	4.03402e-06
1.3	4.51091e-06
1.35	4.94414e-06
1.4	5.42087e-06
1.45	5.89881e-06
1.5	6.29661e-06
1.55	6.64667e-06
1.6	6.86132e-06
1.65	6.89059e-06
1.7	6.70188e-06
1.75	6.4864e-06
1.8	6.15078e-06
1.85	5.89441e-06
1.9	5.68669e-06
1.95	5.28954e-06
2	5.06206e-06
2.05	4.63752e-06
2.1	4.39572e-06
2.15	4.22458e-06
2.2	4.27603e-06
2.25	4.53861e-06
2.3	4.76589e-06
2.35	4.84181e-06
2.4	4.77911e-06
2.45	4.59061e-06
2.5	4.25336e-06
2.55	3.68308e-06
2.6	3.12312e-06
2.65	2.68722e-06
2.7	2.53731e-06
2.75	2.85333e-06
2.8	3.51448e-06
2.85	4.24804e-06
2.9	4.87874e-06
2.95	5.34269e-06
3	5.74083e-06
3.05	6.18441e-06
3.1	6.70626e-06
3.15	7.31472e-06
3.2	7.87712e-06
3.25	8.30705e-06
3.3	8.50184e-06
3.35	8.57191e-06
3.4	8.56743e-06
3.45	8.61307e-06
3.5	8.70541e-06
3.55	8.79324e-06
3.6	8.87211e-06
3.65	8.85698e-06
3.7	8.77327e-06
3.75	8.69914e-06
3.8	8.82411e-06
3.85	9.19408e-06
3.9	9.67891e-06
3.95	1.014e-05
4	1.02848e-05
4.05	1.03218e-05
4.1	1.05415e-05
4.15	1.08002e-05
4.2	1.0974e-05
4.25	1.1157e-05
4.3	1.11049e-05
4.35	1.08888e-05
4.4	1.0485e-05
4.45	9.96627e-06
4.5	9.83966e-06
4.55	1.01763e-05
4.6	1.06538e-05
4.65	1.1238e-05
4.7	1.16067e-05
4.75	1.14016e-05
4.8	1.05103e-05
4.85	9.95335e-06
4.9	9.67255e-06
4.95	1.00081e-05
5	1.0483e-05
5.05	1.06019e-05
5.1	1.08489e-05
5.15	1.03732e-05
5.2	1.02146e-05
5.25	9.90405e-06
5.3	9.65937e-06
5.35	9.43364e-06
5.4	9.57721e-06
5.45	1.0134e-05
5.5	9.97474e-06
5.55	9.52771e-06
5.6	9.19029e-06
5.65	8.75553e-06
5.7	8.30703e-06
5.75	7.65386e-06
5.8	7.06485e-06
5.85	7.18199e-06
5.9	7.33723e-06
5.95	8.24837e-06
6	8.42531e-06
6.05	6.71116e-06
6.1	4.11546e-06
6.15	2.29988e-06
6.2	1.89292e-06
6.25	2.5967e-06
6.3	4.17989e-06
6.35	4.98019e-06
6.4	4.82528e-06
6.45	3.23813e-06
6.5	2.61523e-06
6.55	1.64624e-06
6.6	8.30362e-07
6.65	4.57313e-09
6.7	-4.95796e-07
6.75	-1.0314e-06
6.8	-2.27452e-06
6.85	-2.12732e-06
6.9	-1.08807e-06
6.95	2.26331e-07
7	6.61911e-07
7.05	2.61534e-07
7.1	-1.05423e-06
7.15	-1.51588e-06
7.2	-2.08782e-06
7.25	-2.38323e-06
7.3	-3.33311e-06
7.35	-4.99155e-06
7.4	-4.87031e-06
7.45	-4.87205e-06
7.5	-4.04352e-06
7.55	-5.06994e-06
7.6	-5.9083e-06
7.65	-6.52534e-06
7.7	-6.62912e-06
7.75	-6.77086e-06
7.8	-7.55479e-06
7.85	-8.05302e-06
7.9	-8.78679e-06
7.95	-8.61081e-06
8	-7.67136e-06
8.05	-6.37236e-06
8.1	-5.03083e-06
8.15	-4.63311e-06
8.2	-3.8207e-06
8.25	-4.77731e-06
8.3	-5.82859e-06
8.35	-7.65311e-06
8.4	-8.70054e-06
8.45	-8.87593e-06
8.5	-8.79936e-06
8.55	-8.20419e-06
8.6	-7.76883e-06
8.65	-8.20675e-06
8.7	-8.81288e-06
8.75	-9.91361e-06
8.8	-1.12572e-05
8.85	-1.19745e-05
8.9	-1.25143e-05
8.95	-1.35012e-05
9	-1.22663e-05
9.05	-1.1427e-05
9.1	-1.07342e-05
9.15	-1.04698e-05
9.2	-9.43642e-06
9.25	-1.11585e-05
9.3	-1.25014e-05
9.35	-1.43275e-05
9.4	-1.6239e-05
9.45	-1.79066e-05
9.5	-1.83522e-05
9.55	-1.79343e-05
9.6	-1.75362e-05
9.65	-1.72604e-05
9.7	-1.81435e-05
9.75	-1.95448e-05
9.8	-2.09661e-05
9.85	-2.15094e-05
9.9	-2.1207e-05
9.95	-2.10633e-05
10	-1.94834e-05
