0.05	0.51
0.1	0.64
0.15	0.77
0.2	0.9
0.25	1.03
0.3	1.17
0.35	1.3
0.4	1.44
0.45	1.57
0.5	1.7
0.55	1.82
0.6	1.95
0.65	2.08
0.7	2.2
0.75	2.33
0.8	2.46
0.85	2.58
0.9	2.7
0.95	2.83
1	3.07
1.05	3.2
1.1	3.31
1.15	3.44
1.2	3.56
1.25	3.69
1.3	3.82
1.35	3.95
1.4	4.08
1.45	4.21
1.5	4.33
1.55	4.46
1.6	4.6
1.65	4.72
1.7	4.85
1.75	4.98
1.8	5.11
1.85	5.24
1.9	5.37
1.95	5.49
2	5.73
2.05	5.85
2.1	5.98
2.15	6.09
2.2	6.22
2.25	6.34
2.3	6.46
2.35	6.59
2.4	6.72
2.45	6.85
2.5	6.98
2.55	7.11
2.6	7.24
2.65	7.37
2.7	7.5
2.75	7.62
2.8	7.75
2.85	7.89
2.9	8.02
2.95	8.14
3	8.38
3.05	8.51
3.1	8.64
3.15	8.77
3.2	8.9
3.25	9.03
3.3	9.15
3.35	9.28
3.4	9.41
3.45	9.54
3.5	9.66
3.55	9.79
3.6	9.91
3.65	10.04
3.7	10.17
3.75	10.29
3.8	10.41
3.85	10.53
3.9	10.67
3.95	10.79
4	11.03
4.05	11.15
4.1	11.27
4.15	11.4
4.2	11.52
4.25	11.64
4.3	11.77
4.35	11.89
4.4	12.02
4.45	12.15
4.5	12.26
4.55	12.39
4.6	12.52
4.65	12.64
4.7	12.75
4.75	12.89
4.8	13.01
4.85	13.13
4.9	13.25
4.95	13.38
5	13.61
5.05	13.74
5.1	13.85
5.15	13.98
5.2	14.1
5.25	14.22
5.3	14.35
5.35	14.47
5.4	14.59
5.45	14.72
5.5	14.83
5.55	14.95
5.6	15.08
5.65	15.2
5.7	15.32
5.75	15.44
5.8	15.56
5.85	15.69
5.9	15.81
5.95	15.93
6	16.16
6.05	16.28
6.1	16.41
6.15	16.53
6.2	16.65
6.25	16.77
6.3	16.89
6.35	17.01
6.4	17.13
6.45	17.26
6.5	17.38
6.55	17.5
6.6	17.62
6.65	17.74
6.7	17.86
6.75	17.99
6.8	18.11
6.85	18.23
6.9	18.35
6.95	18.48
7	18.71
7.05	18.83
7.1	18.96
7.15	19.08
7.2	19.19
7.25	19.31
7.3	19.43
7.35	19.56
7.4	19.68
7.45	19.8
7.5	19.92
7.55	20.04
7.6	20.17
7.65	20.29
7.7	20.41
7.75	20.53
7.8	20.65
7.85	20.77
7.9	20.89
7.95	21.02
8	21.25
8.05	21.37
8.1	21.49
8.15	21.61
8.2	21.74
8.25	21.86
8.3	21.98
8.35	22.09
8.4	22.22
8.45	22.34
8.5	22.46
8.55	22.59
8.6	22.71
8.65	22.83
8.7	22.95
8.75	23.07
8.8	23.2
8.85	23.32
8.9	23.44
8.95	23.57
9	23.79
9.05	23.91
9.1	24.04
9.15	24.16
9.2	24.28
9.25	24.4
9.3	24.52
9.35	24.65
9.4	24.77
9.45	24.89
9.5	25.02
9.55	25.14
9.6	25.26
9.65	25.38
9.7	25.5
9.75	25.62
9.8	25.74
9.85	25.86
9.9	25.99
9.95	26.11
10	26.33
