0.05	1
0.1	0.0175055
0.15	0.0185884
0.2	0.00650971
0.25	0.0055685
0.3	0.00599102
0.35	0.00928621
0.4	0.0124556
0.45	0.0595575
0.5	0.0161606
0.55	0.00904975
0.6	0.00688848
0.65	0.00623357
0.7	0.00650256
0.75	0.00719949
0.8	0.0087652
0.85	0.0110222
0.9	0.0130333
0.95	0.0147814
1	0.0165489
1.05	0.0196473
1.1	0.0228807
1.15	0.0239417
1.2	0.0245069
1.25	0.0256361
1.3	0.0256211
1.35	0.0297984
1.4	0.0402769
1.45	0.0315764
1.5	0.054522
1.55	0.0635806
1.6	0.0768087
1.65	0.0927569
1.7	0.10991
1.75	0.141835
1.8	0.123009
1.85	0.112295
1.9	0.103888
1.95	0.0984527
2	0.0990724
2.05	0.0813725
2.1	0.076599
2.15	0.0727992
2.2	0.0677675
2.25	0.0664337
2.3	0.054343
2.35	0.0508742
2.4	0.067413
2.45	0.0535986
2.5	0.0551464
2.55	0.0445348
2.6	0.04514
2.65	0.0415062
2.7	0.0427398
2.75	0.0352191
2.8	0.0402243
2.85	0.0407641
2.9	0.0486391
2.95	0.049415
3	0.0567301
3.05	0.0502905
3.1	0.0513029
3.15	0.0442314
3.2	0.0553695
3.25	0.0604801
3.3	0.064393
3.35	0.0640794
3.4	0.0596555
3.45	0.0633649
3.5	0.054629
3.55	0.0476936
3.6	0.054324
3.65	0.0696304
3.7	0.0516675
3.75	0.0748173
3.8	0.0601852
3.85	0.0600786
3.9	0.0723802
3.95	0.0805071
4	0.0777433
4.05	0.0713342
4.1	0.0706558
4.15	0.0736129
4.2	0.0797166
4.25	0.0756048
4.3	0.0877975
4.35	0.091063
4.4	0.0988265
4.45	0.0995167
4.5	0.10656
4.55	0.0755368
4.6	0.0934356
4.65	0.106551
4.7	0.104882
4.75	0.118283
4.8	0.108733
4.85	0.130002
4.9	0.112931
4.95	0.108599
5	0.135843
5.05	0.135713
5.1	0.159117
5.15	0.141117
5.2	0.152216
5.25	0.113829
5.3	0.125702
5.35	0.104182
5.4	0.120236
5.45	0.12334
5.5	0.152888
5.55	0.144531
5.6	0.140334
5.65	0.132627
5.7	0.130108
5.75	0.132395
5.8	0.139876
5.85	0.131801
5.9	0.124353
5.95	0.145201
6	0.168181
6.05	0.168785
6.1	0.172066
6.15	0.150085
6.2	0.13113
6.25	0.129079
6.3	0.132891
6.35	0.143141
6.4	0.156662
6.45	0.135261
6.5	0.153148
6.55	0.134943
6.6	0.142935
6.65	0.148143
6.7	0.153542
6.75	0.14765
6.8	0.141398
6.85	0.138337
6.9	0.142767
6.95	0.148126
7	0.153105
7.05	0.143162
7.1	0.142741
7.15	0.147929
7.2	0.165146
7.25	0.152946
7.3	0.140426
7.35	0.146727
7.4	0.146255
7.45	0.153061
7.5	0.143003
7.55	0.124328
7.6	0.11993
7.65	0.116909
7.7	0.132813
7.75	0.132911
7.8	0.131335
7.85	0.125323
7.9	0.129823
7.95	0.120028
8	0.11528
8.05	0.116246
8.1	0.128785
8.15	0.139744
8.2	0.146878
8.25	0.143143
8.3	0.142576
8.35	0.133766
8.4	0.139055
8.45	0.132039
8.5	0.130977
8.55	0.123964
8.6	0.13626
8.65	0.134401
8.7	0.140118
8.75	0.127828
8.8	0.127543
8.85	0.120439
8.9	0.123809
8.95	0.126362
9	0.13877
9.05	0.154561
9.1	0.169502
9.15	0.183252
9.2	0.190343
9.25	0.182263
9.3	0.181811
9.35	0.165041
9.4	0.162204
9.45	0.146267
9.5	0.153336
9.55	0.144111
9.6	0.157537
9.65	0.1481
9.7	0.156083
9.75	0.144851
9.8	0.133633
9.85	0.130957
9.9	0.133097
9.95	0.146248
10	0.160582
