0.05	0.0931114
0.1	0.000612811
0.15	0.00181262
0.2	0.000525792
0.25	0.00047254
0.3	0.00054288
0.35	0.000789868
0.4	0.000877278
0.45	0.0059144
0.5	0.00134622
0.55	0.000885743
0.6	0.000563913
0.65	0.000435787
0.7	0.000647382
0.75	0.000539393
0.8	0.000637673
0.85	0.00105589
0.9	0.00104383
0.95	0.00114195
1	0.00126019
1.05	0.00196064
1.1	0.00193392
1.15	0.0017447
1.2	0.00182924
1.25	0.00202345
1.3	0.00202806
1.35	0.0023235
1.4	0.00311648
1.45	0.00251081
1.5	0.00473809
1.55	0.00521885
1.6	0.00586375
1.65	0.00672857
1.7	0.00759417
1.75	0.0102663
1.8	0.00869818
1.85	0.00793084
1.9	0.00709988
1.95	0.00956173
2	0.00673115
2.05	0.00771861
2.1	0.00531226
2.15	0.00656708
2.2	0.00548916
2.25	0.00587055
2.3	0.0046426
2.35	0.00488963
2.4	0.00613996
2.45	0.00498477
2.5	0.00521977
2.55	0.00400697
2.6	0.00397281
2.65	0.00386495
2.7	0.00395711
2.75	0.00333649
2.8	0.00395711
2.85	0.00355331
2.9	0.00470788
2.95	0.00460606
3	0.00476442
3.05	0.00490503
3.1	0.00426471
3.15	0.0039648
3.2	0.00445645
3.25	0.004374
3.3	0.00457387
3.35	0.00482264
3.4	0.00448588
3.45	0.0052984
3.5	0.00534767
3.55	0.00414341
3.6	0.00357573
3.65	0.00373886
3.7	0.00341476
3.75	0.00614289
3.8	0.00489521
3.85	0.00435062
3.9	0.00584158
3.95	0.00665381
4	0.0055702
4.05	0.0056675
4.1	0.00543049
4.15	0.00649567
4.2	0.00639868
4.25	0.00576121
4.3	0.0063768
4.35	0.0060203
4.4	0.00658907
4.45	0.00682402
4.5	0.00819953
4.55	0.00532992
4.6	0.00552678
4.65	0.00718793
4.7	0.0065425
4.75	0.0073835
4.8	0.00686415
4.85	0.00821879
4.9	0.00728349
4.95	0.00686317
5	0.00773978
5.05	0.00753789
5.1	0.00805126
5.15	0.00743646
5.2	0.00735476
5.25	0.00592519
5.3	0.00702814
5.35	0.00596387
5.4	0.00709251
5.45	0.00761472
5.5	0.0106126
5.55	0.00894644
5.6	0.00896654
5.65	0.0084176
5.7	0.00820628
5.75	0.00887957
5.8	0.00935901
5.85	0.00753492
5.9	0.00826954
5.95	0.0089465
6	0.0101684
6.05	0.0106809
6.1	0.0116593
6.15	0.00924074
6.2	0.00760527
6.25	0.00734856
6.3	0.00797323
6.35	0.00788239
6.4	0.0079391
6.45	0.00747935
6.5	0.00809676
6.55	0.00636641
6.6	0.00777529
6.65	0.00764213
6.7	0.00749812
6.75	0.00698757
6.8	0.00753757
6.85	0.00697601
6.9	0.00721742
6.95	0.00808024
7	0.0077718
7.05	0.00638076
7.1	0.00745128
7.15	0.00787115
7.2	0.00716789
7.25	0.00912934
7.3	0.00874806
7.35	0.00693653
7.4	0.00898091
7.45	0.00754289
7.5	0.00703481
7.55	0.00688527
7.6	0.0058223
7.65	0.00610529
7.7	0.00707978
7.75	0.00771074
7.8	0.00683814
7.85	0.00866044
7.9	0.00741027
7.95	0.00664977
8	0.00703369
8.05	0.00675789
8.1	0.0078736
8.15	0.00818043
8.2	0.00747652
8.25	0.00786167
8.3	0.0077013
8.35	0.00807021
8.4	0.00841189
8.45	0.00780415
8.5	0.0072923
8.55	0.00826806
8.6	0.00832949
8.65	0.00921508
8.7	0.00771186
8.75	0.00673214
8.8	0.00720981
8.85	0.00666754
8.9	0.00713401
8.95	0.00754932
9	0.00780315
9.05	0.00792486
9.1	0.00995446
9.15	0.0105013
9.2	0.00978724
9.25	0.00897668
9.3	0.0095939
9.35	0.00768572
9.4	0.00765305
9.45	0.00787278
9.5	0.00732421
9.55	0.00717097
9.6	0.00805051
9.65	0.00719052
9.7	0.00801722
9.75	0.00775227
9.8	0.00683321
9.85	0.00672419
9.9	0.00684814
9.95	0.00839998
10	0.00938736
