0.05	52
0.1	5
0.15	6
0.2	4
0.25	6
0.3	6
0.35	6
0.4	6
0.45	5
0.5	4
0.55	4
0.6	5
0.65	5
0.7	3
0.75	4
0.8	4
0.85	3
0.9	4
0.95	4
1	4
1.05	3
1.1	3
1.15	4
1.2	4
1.25	4
1.3	4
1.35	4
1.4	4
1.45	4
1.5	4
1.55	4
1.6	4
1.65	4
1.7	4
1.75	4
1.8	4
1.85	4
1.9	4
1.95	3
2	3
2.05	3
2.1	3
2.15	3
2.2	3
2.25	3
2.3	3
2.35	3
2.4	4
2.45	4
2.5	4
2.55	4
2.6	4
2.65	4
2.7	4
2.75	4
2.8	4
2.85	5
2.9	3
2.95	4
3	4
3.05	4
3.1	4
3.15	4
3.2	4
3.25	4
3.3	4
3.35	4
3.4	4
3.45	4
3.5	3
3.55	3
3.6	3
3.65	3
3.7	3
3.75	3
3.8	3
3.85	3
3.9	4
3.95	3
4	3
4.05	3
4.1	3
4.15	3
4.2	3
4.25	3
4.3	3
4.35	3
4.4	3
4.45	3
4.5	3
4.55	3
4.6	3
4.65	3
4.7	3
4.75	3
4.8	3
4.85	3
4.9	3
4.95	3
5	3
5.05	3
5.1	3
5.15	3
5.2	3
5.25	3
5.3	3
5.35	3
5.4	3
5.45	3
5.5	3
5.55	3
5.6	3
5.65	3
5.7	3
5.75	3
5.8	3
5.85	3
5.9	3
5.95	3
6	3
6.05	3
6.1	3
6.15	3
6.2	3
6.25	3
6.3	3
6.35	3
6.4	3
6.45	3
6.5	3
6.55	3
6.6	3
6.65	3
6.7	3
6.75	3
6.8	3
6.85	3
6.9	3
6.95	3
7	3
7.05	3
7.1	3
7.15	3
7.2	3
7.25	3
7.3	3
7.35	3
7.4	3
7.45	3
7.5	3
7.55	3
7.6	3
7.65	3
7.7	3
7.75	3
7.8	3
7.85	3
7.9	3
7.95	3
8	3
8.05	3
8.1	3
8.15	3
8.2	3
8.25	3
8.3	3
8.35	3
8.4	3
8.45	3
8.5	3
8.55	3
8.6	3
8.65	3
8.7	3
8.75	3
8.8	3
8.85	3
8.9	3
8.95	3
9	3
9.05	3
9.1	3
9.15	3
9.2	3
9.25	3
9.3	3
9.35	3
9.4	3
9.45	3
9.5	3
9.55	3
9.6	3
9.65	3
9.7	3
9.75	3
9.8	3
9.85	3
9.9	3
9.95	3
10	3
