0.05	1
0.1	0.740362
0.15	0.657041
0.2	0.600998
0.25	0.524616
0.3	0.460648
0.35	0.406126
0.4	0.355838
0.45	0.347634
0.5	0.366475
0.55	0.313514
0.6	0.284865
0.65	0.227214
0.7	0.214852
0.75	0.194167
0.8	0.178446
0.85	0.175258
0.9	0.171513
0.95	0.184483
1	0.189044
1.05	0.182629
1.1	0.192518
1.15	0.197768
1.2	0.193393
1.25	0.199275
1.3	0.197649
1.35	0.204681
1.4	0.212802
1.45	0.251285
1.5	0.259201
1.55	0.282862
1.6	0.294987
1.65	0.298466
1.7	0.304417
1.75	0.306853
1.8	0.323016
1.85	0.332494
1.9	0.315761
1.95	0.307128
2	0.297534
2.05	0.307126
2.1	0.297729
2.15	0.325839
2.2	0.320582
2.25	0.337548
2.3	0.341174
2.35	0.350388
2.4	0.365946
2.45	0.381805
2.5	0.364614
2.55	0.359941
2.6	0.368736
2.65	0.357694
2.7	0.345005
2.75	0.337405
2.8	0.32789
2.85	0.328358
2.9	0.354347
2.95	0.366059
3	0.369583
3.05	0.383936
3.1	0.391573
3.15	0.394318
3.2	0.38328
3.25	0.372271
3.3	0.355604
3.35	0.29895
3.4	0.270265
3.45	0.259746
3.5	0.258387
3.55	0.261567
3.6	0.273024
3.65	0.245383
3.7	0.260715
3.75	0.271756
3.8	0.298136
3.85	0.28578
3.9	0.304748
3.95	0.302524
4	0.305363
4.05	0.297113
4.1	0.273478
4.15	0.280098
4.2	0.2798
4.25	0.275196
4.3	0.293022
4.35	0.27384
4.4	0.244625
4.45	0.264929
4.5	0.303554
4.55	0.314438
4.6	0.3354
4.65	0.343015
4.7	0.357865
4.75	0.394499
4.8	0.385797
4.85	0.380365
4.9	0.372619
4.95	0.397072
5	0.414645
5.05	0.410474
5.1	0.429712
5.15	0.43108
5.2	0.427304
5.25	0.405487
5.3	0.403887
5.35	0.41461
5.4	0.431564
5.45	0.416756
5.5	0.452675
5.55	0.450355
5.6	0.462409
5.65	0.437116
5.7	0.431521
5.75	0.447835
5.8	0.473487
5.85	0.459674
5.9	0.497647
5.95	0.475901
6	0.513452
6.05	0.474424
6.1	0.468711
6.15	0.474278
6.2	0.469212
6.25	0.46787
6.3	0.485356
6.35	0.476757
6.4	0.459671
6.45	0.428389
6.5	0.412185
6.55	0.43335
6.6	0.447864
6.65	0.45761
6.7	0.444908
6.75	0.454197
6.8	0.444517
6.85	0.46062
6.9	0.482581
6.95	0.475375
7	0.46026
7.05	0.437044
7.1	0.446692
7.15	0.439072
7.2	0.452506
7.25	0.465924
7.3	0.462892
7.35	0.485315
7.4	0.508988
7.45	0.493534
7.5	0.45657
7.55	0.450144
7.6	0.45379
7.65	0.451084
7.7	0.455418
7.75	0.412085
7.8	0.428983
7.85	0.447518
7.9	0.456129
7.95	0.476549
8	0.519515
8.05	0.522023
8.1	0.550062
8.15	0.54875
8.2	0.550518
8.25	0.542582
8.3	0.523782
8.35	0.519861
8.4	0.533508
8.45	0.496286
8.5	0.487132
8.55	0.476042
8.6	0.507829
8.65	0.510806
8.7	0.507659
8.75	0.507105
8.8	0.502727
8.85	0.485147
8.9	0.478712
8.95	0.505592
9	0.506248
9.05	0.514695
9.1	0.540794
9.15	0.512185
9.2	0.509481
9.25	0.471124
9.3	0.451698
9.35	0.488139
9.4	0.483572
9.45	0.464704
9.5	0.460468
9.55	0.490888
9.6	0.505513
9.65	0.505404
9.7	0.501528
9.75	0.482815
9.8	0.497672
9.85	0.547986
9.9	0.529375
9.95	0.559676
10	0.589412
