0.05	0.000691755
0.1	0.0159761
0.15	0.0262807
0.2	0.0477731
0.25	0.0519482
0.3	0.0191599
0.35	0.0161366
0.4	0.0154752
0.45	0.0137857
0.5	0.0123798
0.55	0.0123485
0.6	0.0120661
0.65	0.0120557
0.7	0.0119256
0.75	0.0117312
0.8	0.0116255
0.85	0.0113554
0.9	0.0113074
0.95	0.011073
1	0.0109089
1.05	0.0102901
1.1	0.0102748
1.15	0.0101326
1.2	0.0104922
1.25	0.0107388
1.3	0.0111451
1.35	0.0118304
1.4	0.0118464
1.45	0.0118383
1.5	0.012212
1.55	0.0120004
1.6	0.012201
1.65	0.0120835
1.7	0.0126291
1.75	0.0118232
1.8	0.0110961
1.85	0.0294909
1.9	0.0277866
1.95	0.0265118
2	0.027397
2.05	0.0269612
2.1	0.0267847
2.15	0.0271858
2.2	0.0284109
2.25	0.0284447
2.3	0.0283753
2.35	0.0305646
2.4	0.0344409
2.45	0.0363755
2.5	0.0125822
2.55	0.011595
2.6	0.0111007
2.65	0.0121135
2.7	0.0129064
2.75	0.013685
2.8	0.0133337
2.85	0.0136778
2.9	0.0136944
2.95	0.0150346
3	0.0150694
3.05	0.0151079
3.1	0.0153202
3.15	0.0143485
3.2	0.014679
3.25	0.0148351
3.3	0.0145134
3.35	0.0124295
3.4	0.0113321
3.45	0.0096043
3.5	0.00919742
3.55	0.00860072
3.6	0.00887667
3.65	0.00918274
3.7	0.00909227
3.75	0.00854379
3.8	0.0086763
3.85	0.00853044
3.9	0.00855078
3.95	0.00884201
4	0.00940108
4.05	0.00943491
4.1	0.00918992
4.15	0.0277737
4.2	0.0259607
4.25	0.0271469
4.3	0.00959322
4.35	0.0101581
4.4	0.00965586
4.45	0.00869192
4.5	0.0267726
4.55	0.0248818
4.6	0.0248508
4.65	0.0277984
4.7	0.0325803
4.75	0.0380753
4.8	0.0118583
4.85	0.011876
4.9	0.0345348
4.95	0.0310463
5	0.0278846
5.05	0.0308518
5.1	0.0324655
5.15	0.0391367
5.2	0.0136171
5.25	0.0146087
5.3	0.0130542
5.35	0.0328297
5.4	0.0299696
5.45	0.0310376
5.5	0.0342766
5.55	0.0368697
5.6	0.0400089
5.65	0.0141776
5.7	0.0136549
5.75	0.0365939
5.8	0.0361206
5.85	0.0338536
5.9	0.0346808
5.95	0.0375876
6	0.0396131
6.05	0.043749
6.1	0.0157415
6.15	0.0442013
6.2	0.042116
6.25	0.0390198
6.3	0.0404323
6.35	0.0423764
6.4	0.0436403
6.45	0.0146428
6.5	0.0139849
6.55	0.0391381
6.6	0.0408788
6.65	0.0387452
6.7	0.0128732
6.75	0.0450406
6.8	0.0147737
6.85	0.0415499
6.9	0.0142625
6.95	0.0141966
7	0.0129541
7.05	0.0426353
7.1	0.0146331
7.15	0.0140683
7.2	0.0132686
7.25	0.0424079
7.3	0.0429226
7.35	0.043175
7.4	0.0404085
7.45	0.040889
7.5	0.0446633
7.55	0.0152053
7.6	0.0154187
7.65	0.0154294
7.7	0.0158895
7.75	0.01559
7.8	0.0128698
7.85	0.0133375
7.9	0.0144111
7.95	0.045506
8	0.0430792
8.05	0.0385722
8.1	0.0368757
8.15	0.0353579
8.2	0.0362009
8.25	0.0455132
8.3	0.0522113
8.35	0.0517187
8.4	0.0167711
8.45	0.0161272
8.5	0.0146999
8.55	0.0456466
8.6	0.0455622
8.65	0.0432987
8.7	0.044112
8.75	0.0154797
8.8	0.0491455
8.85	0.0172922
8.9	0.0165315
8.95	0.0147871
9	0.0493504
9.05	0.0488423
9.1	0.0498275
9.15	0.0170511
9.2	0.0482575
9.25	0.0176846
9.3	0.0165497
9.35	0.0482333
9.4	0.015519
9.45	0.0147172
9.5	0.0144844
9.55	0.0143443
9.6	0.0460366
9.65	0.0491687
9.7	0.0498045
9.75	0.0162623
9.8	0.0475846
9.85	0.0467931
9.9	0.0491413
9.95	0.0419585
10	0.0457843
