0.05	1
0.1	1
0.15	1
0.2	1
0.25	1
0.3	2
0.35	2
0.4	2
0.45	2
0.5	2
0.55	2
0.6	2
0.65	2
0.7	2
0.75	2
0.8	2
0.85	2
0.9	2
0.95	2
1	2
1.05	2
1.1	2
1.15	2
1.2	2
1.25	2
1.3	2
1.35	2
1.4	2
1.45	2
1.5	2
1.55	2
1.6	2
1.65	2
1.7	2
1.75	2
1.8	2
1.85	1
1.9	1
1.95	1
2	1
2.05	1
2.1	1
2.15	1
2.2	1
2.25	1
2.3	1
2.35	1
2.4	1
2.45	1
2.5	2
2.55	2
2.6	2
2.65	2
2.7	2
2.75	2
2.8	2
2.85	2
2.9	2
2.95	2
3	2
3.05	2
3.1	2
3.15	2
3.2	2
3.25	2
3.3	2
3.35	2
3.4	2
3.45	2
3.5	2
3.55	2
3.6	2
3.65	2
3.7	2
3.75	2
3.8	2
3.85	2
3.9	2
3.95	2
4	2
4.05	2
4.1	2
4.15	1
4.2	1
4.25	1
4.3	2
4.35	2
4.4	2
4.45	2
4.5	1
4.55	1
4.6	1
4.65	1
4.7	1
4.75	1
4.8	2
4.85	2
4.9	1
4.95	1
5	1
5.05	1
5.1	1
5.15	1
5.2	2
5.25	2
5.3	2
5.35	1
5.4	1
5.45	1
5.5	1
5.55	1
5.6	1
5.65	2
5.7	2
5.75	1
5.8	1
5.85	1
5.9	1
5.95	1
6	1
6.05	1
6.1	2
6.15	1
6.2	1
6.25	1
6.3	1
6.35	1
6.4	1
6.45	2
6.5	2
6.55	1
6.6	1
6.65	1
6.7	2
6.75	1
6.8	2
6.85	1
6.9	2
6.95	2
7	2
7.05	1
7.1	2
7.15	2
7.2	2
7.25	1
7.3	1
7.35	1
7.4	1
7.45	1
7.5	1
7.55	2
7.6	2
7.65	2
7.7	2
7.75	2
7.8	2
7.85	2
7.9	2
7.95	1
8	1
8.05	1
8.1	1
8.15	1
8.2	1
8.25	1
8.3	1
8.35	1
8.4	2
8.45	2
8.5	2
8.55	1
8.6	1
8.65	1
8.7	1
8.75	2
8.8	1
8.85	2
8.9	2
8.95	2
9	1
9.05	1
9.1	1
9.15	2
9.2	1
9.25	2
9.3	2
9.35	1
9.4	2
9.45	2
9.5	2
9.55	2
9.6	1
9.65	1
9.7	1
9.75	2
9.8	1
9.85	1
9.9	1
9.95	1
10	1
