0.05	1
0.1	0.451832
0.15	0.432835
0.2	0.348927
0.25	0.191883
0.3	0.161554
0.35	0.151506
0.4	0.138433
0.45	0.122748
0.5	0.114157
0.55	0.112467
0.6	0.107067
0.65	0.103335
0.7	0.104577
0.75	0.10159
0.8	0.0998569
0.85	0.0999344
0.9	0.0985466
0.95	0.0972827
1	0.0971313
1.05	0.0964313
1.1	0.0949048
1.15	0.0936985
1.2	0.092745
1.25	0.0910631
1.3	0.0906145
1.35	0.0916684
1.4	0.0924639
1.45	0.0956542
1.5	0.0991407
1.55	0.100367
1.6	0.100238
1.65	0.101252
1.7	0.101739
1.75	0.103477
1.8	0.102141
1.85	0.102112
1.9	0.0983265
1.95	0.0934161
2	0.0889425
2.05	0.0869163
2.1	0.0838234
2.15	0.0844946
2.2	0.0822994
2.25	0.0814159
2.3	0.0804525
2.35	0.0793056
2.4	0.078115
2.45	0.0773927
2.5	0.0746099
2.55	0.0715929
2.6	0.0685075
2.65	0.0655861
2.7	0.0627973
2.75	0.0610922
2.8	0.0599389
2.85	0.0601798
2.9	0.0603657
2.95	0.0591951
3	0.0582843
3.05	0.0571147
3.1	0.0574249
3.15	0.0556762
3.2	0.0547889
3.25	0.0506571
3.3	0.0527878
3.35	0.0476593
3.4	0.0514074
3.45	0.0455797
3.5	0.0458352
3.55	0.0435885
3.6	0.0429986
3.65	0.0401007
3.7	0.0492241
3.75	0.0494622
3.8	0.0808363
3.85	0.0734483
3.9	0.0911257
3.95	0.0847003
4	0.110886
4.05	0.102318
4.1	0.121885
4.15	0.114269
4.2	0.107425
4.25	0.106742
4.3	0.0995334
4.35	0.111731
4.4	0.10824
4.45	0.11169
4.5	0.132044
4.55	0.126499
4.6	0.121574
4.65	0.138778
4.7	0.129954
4.75	0.137332
4.8	0.142684
4.85	0.14789
4.9	0.15754
4.95	0.167888
5	0.172632
5.05	0.187974
5.1	0.199875
5.15	0.206596
5.2	0.210865
5.25	0.205421
5.3	0.205908
5.35	0.214814
5.4	0.196056
5.45	0.225987
5.5	0.228509
5.55	0.25528
5.6	0.285207
5.65	0.275748
5.7	0.316335
5.75	0.298598
5.8	0.317319
5.85	0.296587
5.9	0.335292
5.95	0.333191
6	0.338662
6.05	0.367614
6.1	0.39068
6.15	0.405406
6.2	0.423517
6.25	0.425579
6.3	0.413175
6.35	0.416681
6.4	0.428777
6.45	0.43256
6.5	0.431834
6.55	0.460466
6.6	0.46553
6.65	0.447512
6.7	0.465256
6.75	0.476931
6.8	0.446916
6.85	0.449289
6.9	0.443401
6.95	0.464646
7	0.454202
7.05	0.430724
7.1	0.420013
7.15	0.459429
7.2	0.473668
7.25	0.457419
7.3	0.439227
7.35	0.451643
7.4	0.44904
7.45	0.458624
7.5	0.457323
7.55	0.410127
7.6	0.408647
7.65	0.423555
7.7	0.441963
7.75	0.438672
7.8	0.458725
7.85	0.420287
7.9	0.439687
7.95	0.41948
8	0.413097
8.05	0.430714
8.1	0.42466
8.15	0.417086
8.2	0.437245
8.25	0.437132
8.3	0.431101
8.35	0.421845
8.4	0.439481
8.45	0.426082
8.5	0.447037
8.55	0.472005
8.6	0.453417
8.65	0.473682
8.7	0.456431
8.75	0.474129
8.8	0.449036
8.85	0.435427
8.9	0.444333
8.95	0.47131
9	0.461858
9.05	0.49006
9.1	0.475713
9.15	0.487441
9.2	0.501153
9.25	0.503732
9.3	0.492855
9.35	0.495813
9.4	0.496556
9.45	0.496202
9.5	0.50427
9.55	0.49893
9.6	0.511966
9.65	0.491509
9.7	0.506763
9.75	0.511623
9.8	0.507552
9.85	0.499101
9.9	0.472017
9.95	0.526933
10	0.517183
