0.05	0.000892457
0.1	0.00900608
0.15	0.0364645
0.2	0.0145872
0.25	0.00647627
0.3	0.00687857
0.35	0.00833976
0.4	0.00917368
0.45	0.00771224
0.5	0.00610999
0.55	0.00539634
0.6	0.0049081
0.65	0.00488501
0.7	0.00574627
0.75	0.00664791
0.8	0.00715818
0.85	0.00782016
0.9	0.00858564
0.95	0.00887429
1	0.00905121
1.05	0.0089922
1.1	0.00885223
1.15	0.00853365
1.2	0.00866111
1.25	0.00893057
1.3	0.00477735
1.35	0.00490757
1.4	0.00494345
1.45	0.00508341
1.5	0.0052672
1.55	0.00541078
1.6	0.00541676
1.65	0.00567525
1.7	0.00604873
1.75	0.00664445
1.8	0.00688175
1.85	0.0067649
1.9	0.00615743
1.95	0.00563172
2	0.00540031
2.05	0.00522299
2.1	0.00542466
2.15	0.00563284
2.2	0.00583683
2.25	0.00590153
2.3	0.00579716
2.35	0.00593054
2.4	0.00625869
2.45	0.00643011
2.5	0.0065512
2.55	0.00643932
2.6	0.00638414
2.65	0.00621624
2.7	0.00586559
2.75	0.00556713
2.8	0.00551544
2.85	0.00550455
2.9	0.00549562
2.95	0.00553961
3	0.00553541
3.05	0.0053492
3.1	0.00529976
3.15	0.00517304
3.2	0.00463269
3.25	0.00381051
3.3	0.00325799
3.35	0.00249228
3.4	0.00494612
3.45	0.00444565
3.5	0.00251427
3.55	0.00428709
3.6	0.00239947
3.65	0.00202642
3.7	0.00269074
3.75	0.002386
3.8	0.0065133
3.85	0.00657654
3.9	0.0071832
3.95	0.00824329
4	0.00791342
4.05	0.00812587
4.1	0.00694807
4.15	0.00773181
4.2	0.00735716
4.25	0.00796249
4.3	0.00703133
4.35	0.00772302
4.4	0.00722968
4.45	0.00802321
4.5	0.00862659
4.55	0.00771325
4.6	0.00807036
4.65	0.00844492
4.7	0.0079002
4.75	0.00997912
4.8	0.0110916
4.85	0.0113254
4.9	0.00961762
4.95	0.00938028
5	0.0100603
5.05	0.0120502
5.1	0.0108694
5.15	0.0111821
5.2	0.0117845
5.25	0.0121839
5.3	0.0121255
5.35	0.0107045
5.4	0.0112859
5.45	0.0101779
5.5	0.0115827
5.55	0.0115831
5.6	0.0112801
5.65	0.0133693
5.7	0.0142741
5.75	0.013096
5.8	0.0141682
5.85	0.0143454
5.9	0.0144356
5.95	0.0123769
6	0.012685
6.05	0.0148069
6.1	0.012868
6.15	0.0124152
6.2	0.0131104
6.25	0.0424526
6.3	0.0128643
6.35	0.011323
6.4	0.0129848
6.45	0.0113218
6.5	0.0423325
6.55	0.0456144
6.6	0.0355592
6.65	0.0415362
6.7	0.0436356
6.75	0.0471597
6.8	0.0126155
6.85	0.0129287
6.9	0.0135303
6.95	0.0133398
7	0.0118604
7.05	0.0112162
7.1	0.0127515
7.15	0.0133458
7.2	0.0465346
7.25	0.0435821
7.3	0.0393315
7.35	0.0130214
7.4	0.0125524
7.45	0.0434897
7.5	0.0390558
7.55	0.0403637
7.6	0.0140591
7.65	0.0116058
7.7	0.0132583
7.75	0.042232
7.8	0.0447779
7.85	0.0106414
7.9	0.0128334
7.95	0.0132125
8	0.0135064
8.05	0.0162673
8.1	0.0121808
8.15	0.0121968
8.2	0.0133182
8.25	0.0427619
8.3	0.0430433
8.35	0.0130006
8.4	0.0121891
8.45	0.0120999
8.5	0.0123272
8.55	0.0147732
8.6	0.0138258
8.65	0.0136402
8.7	0.0115735
8.75	0.0144671
8.8	0.0438147
8.85	0.0133171
8.9	0.0144388
8.95	0.046333
9	0.0143942
9.05	0.0122875
9.1	0.012246
9.15	0.0114614
9.2	0.0458398
9.25	0.0467389
9.3	0.041438
9.35	0.0470306
9.4	0.012522
9.45	0.0490358
9.5	0.0459244
9.55	0.0489479
9.6	0.0457672
9.65	0.0118656
9.7	0.0131341
9.75	0.0487262
9.8	0.0485154
9.85	0.0428134
9.9	0.0139119
9.95	0.014746
10	0.0473959
