0.05	1
0.1	0.508676
0.15	0.486848
0.2	0.280909
0.25	0.232335
0.3	0.203296
0.35	0.173987
0.4	0.159478
0.45	0.143846
0.5	0.132397
0.55	0.121575
0.6	0.112184
0.65	0.103516
0.7	0.0963048
0.75	0.0901984
0.8	0.0887236
0.85	0.0863428
0.9	0.0842039
0.95	0.0833865
1	0.0821417
1.05	0.0814416
1.1	0.0819575
1.15	0.0821898
1.2	0.0828523
1.25	0.0833534
1.3	0.0836532
1.35	0.0858769
1.4	0.0881526
1.45	0.0899256
1.5	0.0934047
1.55	0.0957523
1.6	0.0975766
1.65	0.0993091
1.7	0.101332
1.75	0.101945
1.8	0.102212
1.85	0.101322
1.9	0.0985301
1.95	0.0946731
2	0.090757
2.05	0.0848321
2.1	0.0796163
2.15	0.0755906
2.2	0.0715034
2.25	0.0681709
2.3	0.0651018
2.35	0.0627696
2.4	0.061408
2.45	0.0599862
2.5	0.0568816
2.55	0.0531161
2.6	0.0498612
2.65	0.0479613
2.7	0.0469562
2.75	0.0463969
2.8	0.0466422
2.85	0.04654
2.9	0.0464096
2.95	0.0439018
3	0.0399008
3.05	0.035725
3.1	0.0316467
3.15	0.0276666
3.2	0.0245845
3.25	0.0222045
3.3	0.0220971
3.35	0.0225261
3.4	0.0233585
3.45	0.0217691
3.5	0.0211209
3.55	0.0207931
3.6	0.0200518
3.65	0.0187376
3.7	0.0183995
3.75	0.01845
3.8	0.0218566
3.85	0.0224882
3.9	0.0247471
3.95	0.0244657
4	0.0280479
4.05	0.0274254
4.1	0.0298539
4.15	0.0308235
4.2	0.0311804
4.25	0.0306444
4.3	0.0307692
4.35	0.031992
4.4	0.0321749
4.45	0.0316969
4.5	0.0326875
4.55	0.0339382
4.6	0.0343079
4.65	0.0366705
4.7	0.0371261
4.75	0.0394638
4.8	0.0400842
4.85	0.0404492
4.9	0.0432385
4.95	0.0441818
5	0.0459217
5.05	0.0465245
5.1	0.0511827
5.15	0.0537106
5.2	0.0544145
5.25	0.0534714
5.3	0.052278
5.35	0.0558271
5.4	0.053932
5.45	0.0603018
5.5	0.0624267
5.55	0.0660073
5.6	0.0721968
5.65	0.072349
5.7	0.0795313
5.75	0.0822357
5.8	0.0863904
5.85	0.0851442
5.9	0.0903163
5.95	0.0968723
6	0.102883
6.05	0.109536
6.1	0.117998
6.15	0.121058
6.2	0.123465
6.25	0.127819
6.3	0.123171
6.35	0.125804
6.4	0.12739
6.45	0.133879
6.5	0.13319
6.55	0.145412
6.6	0.157605
6.65	0.15436
6.7	0.154904
6.75	0.163548
6.8	0.150971
6.85	0.156917
6.9	0.151166
6.95	0.164135
7	0.161828
7.05	0.148615
7.1	0.138023
7.15	0.156261
7.2	0.161276
7.25	0.173
7.3	0.168489
7.35	0.165378
7.4	0.164554
7.45	0.157798
7.5	0.162787
7.55	0.132647
7.6	0.1273
7.65	0.133147
7.7	0.142523
7.75	0.142795
7.8	0.144664
7.85	0.133599
7.9	0.142464
7.95	0.140973
8	0.141527
8.05	0.139323
8.1	0.146319
8.15	0.138585
8.2	0.133282
8.25	0.136523
8.3	0.133796
8.35	0.132336
8.4	0.137673
8.45	0.134875
8.5	0.139937
8.55	0.155864
8.6	0.155274
8.65	0.16986
8.7	0.16415
8.75	0.162723
8.8	0.16568
8.85	0.160383
8.9	0.15883
8.95	0.178753
9	0.175471
9.05	0.185156
9.1	0.178742
9.15	0.192032
9.2	0.213333
9.25	0.208307
9.3	0.202401
9.35	0.190425
9.4	0.190841
9.45	0.196062
9.5	0.198429
9.55	0.2032
9.6	0.202344
9.65	0.201736
9.7	0.198837
9.75	0.208773
9.8	0.208092
9.85	0.22072
9.9	0.197945
9.95	0.21595
10	0.240219
