0.05	0.000928053
0.1	0.0353583
0.15	0.0257902
0.2	0.015378
0.25	0.010628
0.3	0.00991698
0.35	0.0105268
0.4	0.00985529
0.45	0.00810011
0.5	0.00672591
0.55	0.00567913
0.6	0.00500712
0.65	0.0047368
0.7	0.00482514
0.75	0.00490995
0.8	0.00537303
0.85	0.00563015
0.9	0.00606463
0.95	0.00608707
1	0.00615564
1.05	0.00607828
1.1	0.00625221
1.15	0.0063262
1.2	0.00666907
1.25	0.00719746
1.3	0.00777673
1.35	0.00857857
1.4	0.00461991
1.45	0.00481098
1.5	0.00510323
1.55	0.00535389
1.6	0.00588147
1.65	0.00634279
1.7	0.00725485
1.75	0.00800787
1.8	0.00840341
1.85	0.00829875
1.9	0.00782635
1.95	0.00737978
2	0.00692457
2.05	0.00658296
2.1	0.00616995
2.15	0.0056556
2.2	0.00525198
2.25	0.00496694
2.3	0.00476396
2.35	0.00478721
2.4	0.00494512
2.45	0.00513375
2.5	0.00526126
2.55	0.00292883
2.6	0.0028828
2.65	0.0027853
2.7	0.00262752
2.75	0.00455371
2.8	0.00431105
2.85	0.00407166
2.9	0.00383898
2.95	0.00356017
3	0.00319155
3.05	0.00274999
3.1	0.00237117
3.15	0.00203877
3.2	0.00181866
3.25	0.00174914
3.3	0.00177165
3.35	0.00175506
3.4	0.00165517
3.45	0.00141731
3.5	0.00139651
3.55	0.00126709
3.6	0.00113014
3.65	0.00106189
3.7	0.000988028
3.75	0.000954444
3.8	0.00217462
3.85	0.00116655
3.9	0.00131224
3.95	0.00152171
4	0.00161324
4.05	0.00154931
4.1	0.0014179
4.15	0.0014211
4.2	0.00152335
4.25	0.00152536
4.3	0.00162604
4.35	0.00167249
4.4	0.00160183
4.45	0.00158884
4.5	0.00326554
4.55	0.00148687
4.6	0.00149093
4.65	0.00164689
4.7	0.0019429
4.75	0.00225821
4.8	0.00226362
4.85	0.00230597
4.9	0.0021512
4.95	0.00211018
5	0.0021568
5.05	0.00225406
5.1	0.00234589
5.15	0.00245865
5.2	0.00255019
5.25	0.00257879
5.3	0.0050761
5.35	0.00515873
5.4	0.00519273
5.45	0.00561178
5.5	0.00578613
5.55	0.00602819
5.6	0.00635563
5.65	0.00684656
5.7	0.00710677
5.75	0.00692603
5.8	0.00682928
5.85	0.00712884
5.9	0.00687239
5.95	0.00687746
6	0.00746511
6.05	0.00803257
6.1	0.0073979
6.15	0.00704865
6.2	0.00687339
6.25	0.00680666
6.3	0.00661789
6.35	0.00666881
6.4	0.00719606
6.45	0.0069912
6.5	0.00699399
6.55	0.00676398
6.6	0.00730014
6.65	0.00686715
6.7	0.00798115
6.75	0.00752082
6.8	0.00756501
6.85	0.00784131
6.9	0.00794256
6.95	0.00854124
7	0.00735331
7.05	0.00731699
7.1	0.00805695
7.15	0.00843079
7.2	0.00846815
7.25	0.0084956
7.3	0.00706541
7.35	0.00882492
7.4	0.00833203
7.45	0.00798094
7.5	0.00673639
7.55	0.00672362
7.6	0.00734532
7.65	0.00718714
7.7	0.00750654
7.75	0.00771997
7.8	0.00745751
7.85	0.00736118
7.9	0.00818278
7.95	0.00890456
8	0.00867381
8.05	0.00860354
8.1	0.00789054
8.15	0.00824306
8.2	0.00810738
8.25	0.0082315
8.3	0.00803842
8.35	0.00826591
8.4	0.0083025
8.45	0.00873563
8.5	0.00830987
8.55	0.00862009
8.6	0.00910338
8.65	0.00873069
8.7	0.00835132
8.75	0.00955998
8.8	0.0085809
8.85	0.00877802
8.9	0.00886609
8.95	0.00960167
9	0.00925697
9.05	0.00866968
9.1	0.00813509
9.15	0.00778049
9.2	0.00862784
9.25	0.00721949
9.3	0.00757353
9.35	0.00825474
9.4	0.0080333
9.45	0.00844947
9.5	0.00791277
9.55	0.00780036
9.6	0.00760704
9.65	0.00819054
9.7	0.00855851
9.75	0.00825842
9.8	0.00774174
9.85	0.00887504
9.9	0.00917391
9.95	0.0100281
10	0.00892666
