0.05	1
0.1	1
0.15	2
0.2	2
0.25	2
0.3	2
0.35	2
0.4	2
0.45	2
0.5	2
0.55	2
0.6	2
0.65	2
0.7	2
0.75	2
0.8	2
0.85	2
0.9	2
0.95	2
1	2
1.05	2
1.1	2
1.15	2
1.2	2
1.25	2
1.3	2
1.35	2
1.4	3
1.45	3
1.5	3
1.55	3
1.6	3
1.65	3
1.7	3
1.75	3
1.8	3
1.85	3
1.9	3
1.95	3
2	3
2.05	3
2.1	3
2.15	3
2.2	3
2.25	3
2.3	3
2.35	3
2.4	3
2.45	3
2.5	3
2.55	4
2.6	4
2.65	4
2.7	4
2.75	3
2.8	3
2.85	3
2.9	3
2.95	3
3	3
3.05	3
3.1	3
3.15	3
3.2	3
3.25	3
3.3	3
3.35	3
3.4	3
3.45	3
3.5	3
3.55	3
3.6	3
3.65	3
3.7	3
3.75	3
3.8	2
3.85	3
3.9	3
3.95	3
4	3
4.05	3
4.1	3
4.15	3
4.2	3
4.25	3
4.3	3
4.35	3
4.4	3
4.45	3
4.5	2
4.55	3
4.6	3
4.65	3
4.7	3
4.75	3
4.8	3
4.85	3
4.9	3
4.95	3
5	3
5.05	3
5.1	3
5.15	3
5.2	3
5.25	3
5.3	2
5.35	2
5.4	2
5.45	2
5.5	2
5.55	2
5.6	2
5.65	2
5.7	2
5.75	2
5.8	2
5.85	2
5.9	2
5.95	2
6	2
6.05	2
6.1	2
6.15	2
6.2	2
6.25	2
6.3	2
6.35	2
6.4	2
6.45	2
6.5	2
6.55	2
6.6	2
6.65	2
6.7	2
6.75	2
6.8	2
6.85	2
6.9	2
6.95	2
7	2
7.05	2
7.1	2
7.15	2
7.2	2
7.25	2
7.3	2
7.35	2
7.4	2
7.45	2
7.5	2
7.55	2
7.6	2
7.65	2
7.7	2
7.75	2
7.8	2
7.85	2
7.9	2
7.95	2
8	2
8.05	2
8.1	2
8.15	2
8.2	2
8.25	2
8.3	2
8.35	2
8.4	2
8.45	2
8.5	2
8.55	2
8.6	2
8.65	2
8.7	2
8.75	2
8.8	2
8.85	2
8.9	2
8.95	2
9	2
9.05	2
9.1	2
9.15	2
9.2	2
9.25	2
9.3	2
9.35	2
9.4	2
9.45	2
9.5	2
9.55	2
9.6	2
9.65	2
9.7	2
9.75	2
9.8	2
9.85	2
9.9	2
9.95	2
10	2
