/*--------------------------------*- C++ -*----------------------------------*\
| =========                 |                                                 |
| \\      /  F ield         | OpenFOAM: The Open Source CFD Toolbox           |
|  \\    /   O peration     | Version:  4.1                                   |
|   \\  /    A nd           | Web:      www.OpenFOAM.org                      |
|    \\/     M anipulation  |                                                 |
\*---------------------------------------------------------------------------*/
FoamFile
{
    version     2.0;
    format      ascii;
    class       volVectorField;
    location    "8";
    object      U;
}
// * * * * * * * * * * * * * * * * * * * * * * * * * * * * * * * * * * * * * //

dimensions      [0 1 -1 0 0 0 0];

internalField   nonuniform List<vector> 
2000
(
(3.3773e-84 0 0)
(5.55448e-88 0 0)
(8.77082e-92 0 0)
(1.33668e-95 0 0)
(1.96634e-99 0 0)
(2.7965e-103 0 0)
(3.85055e-107 0 0)
(5.14005e-111 0 0)
(6.66022e-115 0 0)
(8.38668e-119 0 0)
(1.02741e-122 0 0)
(1.2257e-126 0 0)
(1.42538e-130 0 0)
(1.6172e-134 0 0)
(1.79163e-138 0 0)
(1.93968e-142 0 0)
(2.05367e-146 0 0)
(2.12793e-150 0 0)
(2.15922e-154 0 0)
(2.14697e-158 0 0)
(2.09317e-162 0 0)
(2.00207e-166 0 0)
(1.87968e-170 0 0)
(1.73319e-174 0 0)
(1.57029e-178 0 0)
(1.39857e-182 0 0)
(1.22507e-186 0 0)
(1.05582e-190 0 0)
(8.95684e-195 0 0)
(7.48209e-199 0 0)
(6.15686e-203 0 0)
(4.99253e-207 0 0)
(3.99079e-211 0 0)
(3.1457e-215 0 0)
(2.44589e-219 0 0)
(1.87651e-223 0 0)
(1.42099e-227 0 0)
(1.06237e-231 0 0)
(7.84388e-236 0 0)
(5.72137e-240 0 0)
(3.37842e-84 0 0)
(5.558e-88 0 0)
(8.77885e-92 0 0)
(1.33826e-95 0 0)
(1.96914e-99 0 0)
(2.80113e-103 0 0)
(3.85776e-107 0 0)
(5.15072e-111 0 0)
(6.67533e-115 0 0)
(8.40725e-119 0 0)
(1.03011e-122 0 0)
(1.22913e-126 0 0)
(1.42958e-130 0 0)
(1.62222e-134 0 0)
(1.79746e-138 0 0)
(1.94626e-142 0 0)
(2.06092e-146 0 0)
(2.13571e-150 0 0)
(2.16739e-154 0 0)
(2.15535e-158 0 0)
(2.10158e-162 0 0)
(2.01034e-166 0 0)
(1.88766e-170 0 0)
(1.74074e-174 0 0)
(1.57729e-178 0 0)
(1.40495e-182 0 0)
(1.23078e-186 0 0)
(1.06084e-190 0 0)
(9.00027e-195 0 0)
(7.51906e-199 0 0)
(6.18784e-203 0 0)
(5.01809e-207 0 0)
(4.01157e-211 0 0)
(3.16235e-215 0 0)
(2.45904e-219 0 0)
(1.88675e-223 0 0)
(1.42885e-227 0 0)
(1.06834e-231 0 0)
(7.88853e-236 0 0)
(5.75438e-240 0 0)
(3.38397e-84 0 0)
(5.56679e-88 0 0)
(8.79223e-92 0 0)
(1.34023e-95 0 0)
(1.97194e-99 0 0)
(2.80498e-103 0 0)
(3.8629e-107 0 0)
(5.15739e-111 0 0)
(6.68373e-115 0 0)
(8.41754e-119 0 0)
(1.03133e-122 0 0)
(1.23055e-126 0 0)
(1.43121e-130 0 0)
(1.62401e-134 0 0)
(1.7994e-138 0 0)
(1.94832e-142 0 0)
(2.06305e-146 0 0)
(2.13788e-150 0 0)
(2.16954e-154 0 0)
(2.15745e-158 0 0)
(2.10359e-162 0 0)
(2.01223e-166 0 0)
(1.8894e-170 0 0)
(1.74232e-174 0 0)
(1.57869e-178 0 0)
(1.40618e-182 0 0)
(1.23184e-186 0 0)
(1.06174e-190 0 0)
(9.0078e-195 0 0)
(7.52526e-199 0 0)
(6.19287e-203 0 0)
(5.02212e-207 0 0)
(4.01474e-211 0 0)
(3.16482e-215 0 0)
(2.46093e-219 0 0)
(1.88819e-223 0 0)
(1.42993e-227 0 0)
(1.06913e-231 0 0)
(7.89432e-236 0 0)
(5.75856e-240 0 0)
(3.38397e-84 0 0)
(5.56679e-88 0 0)
(8.79223e-92 0 0)
(1.34023e-95 0 0)
(1.97195e-99 0 0)
(2.80498e-103 0 0)
(3.86291e-107 0 0)
(5.15739e-111 0 0)
(6.68374e-115 0 0)
(8.41756e-119 0 0)
(1.03134e-122 0 0)
(1.23056e-126 0 0)
(1.43121e-130 0 0)
(1.62402e-134 0 0)
(1.79941e-138 0 0)
(1.94832e-142 0 0)
(2.06305e-146 0 0)
(2.13788e-150 0 0)
(2.16955e-154 0 0)
(2.15746e-158 0 0)
(2.1036e-162 0 0)
(2.01224e-166 0 0)
(1.88941e-170 0 0)
(1.74232e-174 0 0)
(1.5787e-178 0 0)
(1.40619e-182 0 0)
(1.23184e-186 0 0)
(1.06175e-190 0 0)
(9.00782e-195 0 0)
(7.52528e-199 0 0)
(6.19288e-203 0 0)
(5.02213e-207 0 0)
(4.01475e-211 0 0)
(3.16482e-215 0 0)
(2.46094e-219 0 0)
(1.88819e-223 0 0)
(1.42993e-227 0 0)
(1.06913e-231 0 0)
(7.89434e-236 0 0)
(5.75857e-240 0 0)
(3.38398e-84 0 0)
(5.56679e-88 0 0)
(8.79224e-92 0 0)
(1.34023e-95 0 0)
(1.97195e-99 0 0)
(2.80498e-103 0 0)
(3.86291e-107 0 0)
(5.1574e-111 0 0)
(6.68374e-115 0 0)
(8.41756e-119 0 0)
(1.03134e-122 0 0)
(1.23056e-126 0 0)
(1.43121e-130 0 0)
(1.62402e-134 0 0)
(1.79941e-138 0 0)
(1.94832e-142 0 0)
(2.06306e-146 0 0)
(2.13788e-150 0 0)
(2.16955e-154 0 0)
(2.15746e-158 0 0)
(2.1036e-162 0 0)
(2.01224e-166 0 0)
(1.88941e-170 0 0)
(1.74232e-174 0 0)
(1.5787e-178 0 0)
(1.40619e-182 0 0)
(1.23184e-186 0 0)
(1.06175e-190 0 0)
(9.00782e-195 0 0)
(7.52528e-199 0 0)
(6.19288e-203 0 0)
(5.02213e-207 0 0)
(4.01475e-211 0 0)
(3.16482e-215 0 0)
(2.46094e-219 0 0)
(1.88819e-223 0 0)
(1.42993e-227 0 0)
(1.06913e-231 0 0)
(7.89434e-236 0 0)
(5.75857e-240 0 0)
(3.38398e-84 0 0)
(5.56679e-88 0 0)
(8.79224e-92 0 0)
(1.34023e-95 0 0)
(1.97195e-99 0 0)
(2.80498e-103 0 0)
(3.86291e-107 0 0)
(5.1574e-111 0 0)
(6.68374e-115 0 0)
(8.41756e-119 0 0)
(1.03134e-122 0 0)
(1.23056e-126 0 0)
(1.43121e-130 0 0)
(1.62402e-134 0 0)
(1.79941e-138 0 0)
(1.94832e-142 0 0)
(2.06306e-146 0 0)
(2.13788e-150 0 0)
(2.16955e-154 0 0)
(2.15746e-158 0 0)
(2.1036e-162 0 0)
(2.01224e-166 0 0)
(1.88941e-170 0 0)
(1.74232e-174 0 0)
(1.5787e-178 0 0)
(1.40619e-182 0 0)
(1.23184e-186 0 0)
(1.06175e-190 0 0)
(9.00782e-195 0 0)
(7.52528e-199 0 0)
(6.19288e-203 0 0)
(5.02213e-207 0 0)
(4.01475e-211 0 0)
(3.16482e-215 0 0)
(2.46094e-219 0 0)
(1.88819e-223 0 0)
(1.42993e-227 0 0)
(1.06913e-231 0 0)
(7.89434e-236 0 0)
(5.75857e-240 0 0)
(3.38398e-84 0 0)
(5.56679e-88 0 0)
(8.79224e-92 0 0)
(1.34023e-95 0 0)
(1.97195e-99 0 0)
(2.80498e-103 0 0)
(3.86291e-107 0 0)
(5.1574e-111 0 0)
(6.68374e-115 0 0)
(8.41756e-119 0 0)
(1.03134e-122 0 0)
(1.23056e-126 0 0)
(1.43121e-130 0 0)
(1.62402e-134 0 0)
(1.79941e-138 0 0)
(1.94832e-142 0 0)
(2.06306e-146 0 0)
(2.13788e-150 0 0)
(2.16955e-154 0 0)
(2.15746e-158 0 0)
(2.1036e-162 0 0)
(2.01224e-166 0 0)
(1.88941e-170 0 0)
(1.74232e-174 0 0)
(1.5787e-178 0 0)
(1.40619e-182 0 0)
(1.23184e-186 0 0)
(1.06175e-190 0 0)
(9.00782e-195 0 0)
(7.52528e-199 0 0)
(6.19288e-203 0 0)
(5.02213e-207 0 0)
(4.01475e-211 0 0)
(3.16482e-215 0 0)
(2.46094e-219 0 0)
(1.88819e-223 0 0)
(1.42993e-227 0 0)
(1.06913e-231 0 0)
(7.89434e-236 0 0)
(5.75857e-240 0 0)
(3.38398e-84 0 0)
(5.56679e-88 0 0)
(8.79224e-92 0 0)
(1.34023e-95 0 0)
(1.97195e-99 0 0)
(2.80498e-103 0 0)
(3.86291e-107 0 0)
(5.1574e-111 0 0)
(6.68374e-115 0 0)
(8.41756e-119 0 0)
(1.03134e-122 0 0)
(1.23056e-126 0 0)
(1.43121e-130 0 0)
(1.62402e-134 0 0)
(1.79941e-138 0 0)
(1.94832e-142 0 0)
(2.06306e-146 0 0)
(2.13788e-150 0 0)
(2.16955e-154 0 0)
(2.15746e-158 0 0)
(2.1036e-162 0 0)
(2.01224e-166 0 0)
(1.88941e-170 0 0)
(1.74232e-174 0 0)
(1.5787e-178 0 0)
(1.40619e-182 0 0)
(1.23184e-186 0 0)
(1.06175e-190 0 0)
(9.00782e-195 0 0)
(7.52528e-199 0 0)
(6.19288e-203 0 0)
(5.02213e-207 0 0)
(4.01475e-211 0 0)
(3.16482e-215 0 0)
(2.46094e-219 0 0)
(1.88819e-223 0 0)
(1.42993e-227 0 0)
(1.06913e-231 0 0)
(7.89434e-236 0 0)
(5.75857e-240 0 0)
(3.38398e-84 0 0)
(5.56679e-88 0 0)
(8.79224e-92 0 0)
(1.34023e-95 0 0)
(1.97195e-99 0 0)
(2.80498e-103 0 0)
(3.86291e-107 0 0)
(5.1574e-111 0 0)
(6.68374e-115 0 0)
(8.41756e-119 0 0)
(1.03134e-122 0 0)
(1.23056e-126 0 0)
(1.43121e-130 0 0)
(1.62402e-134 0 0)
(1.79941e-138 0 0)
(1.94832e-142 0 0)
(2.06306e-146 0 0)
(2.13788e-150 0 0)
(2.16955e-154 0 0)
(2.15746e-158 0 0)
(2.1036e-162 0 0)
(2.01224e-166 0 0)
(1.88941e-170 0 0)
(1.74232e-174 0 0)
(1.5787e-178 0 0)
(1.40619e-182 0 0)
(1.23184e-186 0 0)
(1.06175e-190 0 0)
(9.00782e-195 0 0)
(7.52528e-199 0 0)
(6.19288e-203 0 0)
(5.02213e-207 0 0)
(4.01475e-211 0 0)
(3.16482e-215 0 0)
(2.46094e-219 0 0)
(1.88819e-223 0 0)
(1.42993e-227 0 0)
(1.06913e-231 0 0)
(7.89434e-236 0 0)
(5.75857e-240 0 0)
(3.38398e-84 0 0)
(5.56679e-88 0 0)
(8.79224e-92 0 0)
(1.34023e-95 0 0)
(1.97195e-99 0 0)
(2.80498e-103 0 0)
(3.86291e-107 0 0)
(5.1574e-111 0 0)
(6.68374e-115 0 0)
(8.41756e-119 0 0)
(1.03134e-122 0 0)
(1.23056e-126 0 0)
(1.43121e-130 0 0)
(1.62402e-134 0 0)
(1.79941e-138 0 0)
(1.94832e-142 0 0)
(2.06306e-146 0 0)
(2.13788e-150 0 0)
(2.16955e-154 0 0)
(2.15746e-158 0 0)
(2.1036e-162 0 0)
(2.01224e-166 0 0)
(1.88941e-170 0 0)
(1.74232e-174 0 0)
(1.5787e-178 0 0)
(1.40619e-182 0 0)
(1.23184e-186 0 0)
(1.06175e-190 0 0)
(9.00782e-195 0 0)
(7.52528e-199 0 0)
(6.19288e-203 0 0)
(5.02213e-207 0 0)
(4.01475e-211 0 0)
(3.16482e-215 0 0)
(2.46094e-219 0 0)
(1.88819e-223 0 0)
(1.42993e-227 0 0)
(1.06913e-231 0 0)
(7.89434e-236 0 0)
(5.75857e-240 0 0)
(3.38398e-84 0 0)
(5.56679e-88 0 0)
(8.79224e-92 0 0)
(1.34023e-95 0 0)
(1.97195e-99 0 0)
(2.80498e-103 0 0)
(3.86291e-107 0 0)
(5.1574e-111 0 0)
(6.68374e-115 0 0)
(8.41756e-119 0 0)
(1.03134e-122 0 0)
(1.23056e-126 0 0)
(1.43121e-130 0 0)
(1.62402e-134 0 0)
(1.79941e-138 0 0)
(1.94832e-142 0 0)
(2.06306e-146 0 0)
(2.13788e-150 0 0)
(2.16955e-154 0 0)
(2.15746e-158 0 0)
(2.1036e-162 0 0)
(2.01224e-166 0 0)
(1.88941e-170 0 0)
(1.74232e-174 0 0)
(1.5787e-178 0 0)
(1.40619e-182 0 0)
(1.23184e-186 0 0)
(1.06175e-190 0 0)
(9.00782e-195 0 0)
(7.52528e-199 0 0)
(6.19288e-203 0 0)
(5.02213e-207 0 0)
(4.01475e-211 0 0)
(3.16482e-215 0 0)
(2.46094e-219 0 0)
(1.88819e-223 0 0)
(1.42993e-227 0 0)
(1.06913e-231 0 0)
(7.89434e-236 0 0)
(5.75857e-240 0 0)
(3.38398e-84 0 0)
(5.56679e-88 0 0)
(8.79224e-92 0 0)
(1.34023e-95 0 0)
(1.97195e-99 0 0)
(2.80498e-103 0 0)
(3.86291e-107 0 0)
(5.1574e-111 0 0)
(6.68374e-115 0 0)
(8.41756e-119 0 0)
(1.03134e-122 0 0)
(1.23056e-126 0 0)
(1.43121e-130 0 0)
(1.62402e-134 0 0)
(1.79941e-138 0 0)
(1.94832e-142 0 0)
(2.06306e-146 0 0)
(2.13788e-150 0 0)
(2.16955e-154 0 0)
(2.15746e-158 0 0)
(2.1036e-162 0 0)
(2.01224e-166 0 0)
(1.88941e-170 0 0)
(1.74232e-174 0 0)
(1.5787e-178 0 0)
(1.40619e-182 0 0)
(1.23184e-186 0 0)
(1.06175e-190 0 0)
(9.00782e-195 0 0)
(7.52528e-199 0 0)
(6.19288e-203 0 0)
(5.02213e-207 0 0)
(4.01475e-211 0 0)
(3.16482e-215 0 0)
(2.46094e-219 0 0)
(1.88819e-223 0 0)
(1.42993e-227 0 0)
(1.06913e-231 0 0)
(7.89434e-236 0 0)
(5.75857e-240 0 0)
(3.38398e-84 0 0)
(5.56679e-88 0 0)
(8.79224e-92 0 0)
(1.34023e-95 0 0)
(1.97195e-99 0 0)
(2.80498e-103 0 0)
(3.86291e-107 0 0)
(5.1574e-111 0 0)
(6.68374e-115 0 0)
(8.41756e-119 0 0)
(1.03134e-122 0 0)
(1.23056e-126 0 0)
(1.43121e-130 0 0)
(1.62402e-134 0 0)
(1.79941e-138 0 0)
(1.94832e-142 0 0)
(2.06306e-146 0 0)
(2.13788e-150 0 0)
(2.16955e-154 0 0)
(2.15746e-158 0 0)
(2.1036e-162 0 0)
(2.01224e-166 0 0)
(1.88941e-170 0 0)
(1.74232e-174 0 0)
(1.5787e-178 0 0)
(1.40619e-182 0 0)
(1.23184e-186 0 0)
(1.06175e-190 0 0)
(9.00782e-195 0 0)
(7.52528e-199 0 0)
(6.19288e-203 0 0)
(5.02213e-207 0 0)
(4.01475e-211 0 0)
(3.16482e-215 0 0)
(2.46094e-219 0 0)
(1.88819e-223 0 0)
(1.42993e-227 0 0)
(1.06913e-231 0 0)
(7.89434e-236 0 0)
(5.75857e-240 0 0)
(3.38398e-84 0 0)
(5.56679e-88 0 0)
(8.79224e-92 0 0)
(1.34023e-95 0 0)
(1.97195e-99 0 0)
(2.80498e-103 0 0)
(3.86291e-107 0 0)
(5.1574e-111 0 0)
(6.68374e-115 0 0)
(8.41756e-119 0 0)
(1.03134e-122 0 0)
(1.23056e-126 0 0)
(1.43121e-130 0 0)
(1.62402e-134 0 0)
(1.79941e-138 0 0)
(1.94832e-142 0 0)
(2.06306e-146 0 0)
(2.13788e-150 0 0)
(2.16955e-154 0 0)
(2.15746e-158 0 0)
(2.1036e-162 0 0)
(2.01224e-166 0 0)
(1.88941e-170 0 0)
(1.74232e-174 0 0)
(1.5787e-178 0 0)
(1.40619e-182 0 0)
(1.23184e-186 0 0)
(1.06175e-190 0 0)
(9.00782e-195 0 0)
(7.52528e-199 0 0)
(6.19288e-203 0 0)
(5.02213e-207 0 0)
(4.01475e-211 0 0)
(3.16482e-215 0 0)
(2.46094e-219 0 0)
(1.88819e-223 0 0)
(1.42993e-227 0 0)
(1.06913e-231 0 0)
(7.89434e-236 0 0)
(5.75857e-240 0 0)
(3.38398e-84 0 0)
(5.56679e-88 0 0)
(8.79224e-92 0 0)
(1.34023e-95 0 0)
(1.97195e-99 0 0)
(2.80498e-103 0 0)
(3.86291e-107 0 0)
(5.1574e-111 0 0)
(6.68374e-115 0 0)
(8.41756e-119 0 0)
(1.03134e-122 0 0)
(1.23056e-126 0 0)
(1.43121e-130 0 0)
(1.62402e-134 0 0)
(1.79941e-138 0 0)
(1.94832e-142 0 0)
(2.06306e-146 0 0)
(2.13788e-150 0 0)
(2.16955e-154 0 0)
(2.15746e-158 0 0)
(2.1036e-162 0 0)
(2.01224e-166 0 0)
(1.88941e-170 0 0)
(1.74232e-174 0 0)
(1.5787e-178 0 0)
(1.40619e-182 0 0)
(1.23184e-186 0 0)
(1.06175e-190 0 0)
(9.00782e-195 0 0)
(7.52528e-199 0 0)
(6.19288e-203 0 0)
(5.02213e-207 0 0)
(4.01475e-211 0 0)
(3.16482e-215 0 0)
(2.46094e-219 0 0)
(1.88819e-223 0 0)
(1.42993e-227 0 0)
(1.06913e-231 0 0)
(7.89434e-236 0 0)
(5.75857e-240 0 0)
(3.38398e-84 0 0)
(5.56679e-88 0 0)
(8.79224e-92 0 0)
(1.34023e-95 0 0)
(1.97195e-99 0 0)
(2.80498e-103 0 0)
(3.86291e-107 0 0)
(5.1574e-111 0 0)
(6.68374e-115 0 0)
(8.41756e-119 0 0)
(1.03134e-122 0 0)
(1.23056e-126 0 0)
(1.43121e-130 0 0)
(1.62402e-134 0 0)
(1.79941e-138 0 0)
(1.94832e-142 0 0)
(2.06306e-146 0 0)
(2.13788e-150 0 0)
(2.16955e-154 0 0)
(2.15746e-158 0 0)
(2.1036e-162 0 0)
(2.01224e-166 0 0)
(1.88941e-170 0 0)
(1.74232e-174 0 0)
(1.5787e-178 0 0)
(1.40619e-182 0 0)
(1.23184e-186 0 0)
(1.06175e-190 0 0)
(9.00782e-195 0 0)
(7.52528e-199 0 0)
(6.19288e-203 0 0)
(5.02213e-207 0 0)
(4.01475e-211 0 0)
(3.16482e-215 0 0)
(2.46094e-219 0 0)
(1.88819e-223 0 0)
(1.42993e-227 0 0)
(1.06913e-231 0 0)
(7.89434e-236 0 0)
(5.75857e-240 0 0)
(3.38398e-84 0 0)
(5.56679e-88 0 0)
(8.79224e-92 0 0)
(1.34023e-95 0 0)
(1.97195e-99 0 0)
(2.80498e-103 0 0)
(3.86291e-107 0 0)
(5.1574e-111 0 0)
(6.68374e-115 0 0)
(8.41756e-119 0 0)
(1.03134e-122 0 0)
(1.23056e-126 0 0)
(1.43121e-130 0 0)
(1.62402e-134 0 0)
(1.79941e-138 0 0)
(1.94832e-142 0 0)
(2.06306e-146 0 0)
(2.13788e-150 0 0)
(2.16955e-154 0 0)
(2.15746e-158 0 0)
(2.1036e-162 0 0)
(2.01224e-166 0 0)
(1.88941e-170 0 0)
(1.74232e-174 0 0)
(1.5787e-178 0 0)
(1.40619e-182 0 0)
(1.23184e-186 0 0)
(1.06175e-190 0 0)
(9.00782e-195 0 0)
(7.52528e-199 0 0)
(6.19288e-203 0 0)
(5.02213e-207 0 0)
(4.01475e-211 0 0)
(3.16482e-215 0 0)
(2.46094e-219 0 0)
(1.88819e-223 0 0)
(1.42993e-227 0 0)
(1.06913e-231 0 0)
(7.89434e-236 0 0)
(5.75857e-240 0 0)
(3.38398e-84 0 0)
(5.56679e-88 0 0)
(8.79224e-92 0 0)
(1.34023e-95 0 0)
(1.97195e-99 0 0)
(2.80498e-103 0 0)
(3.86291e-107 0 0)
(5.1574e-111 0 0)
(6.68374e-115 0 0)
(8.41756e-119 0 0)
(1.03134e-122 0 0)
(1.23056e-126 0 0)
(1.43121e-130 0 0)
(1.62402e-134 0 0)
(1.79941e-138 0 0)
(1.94832e-142 0 0)
(2.06306e-146 0 0)
(2.13788e-150 0 0)
(2.16955e-154 0 0)
(2.15746e-158 0 0)
(2.1036e-162 0 0)
(2.01224e-166 0 0)
(1.88941e-170 0 0)
(1.74232e-174 0 0)
(1.5787e-178 0 0)
(1.40619e-182 0 0)
(1.23184e-186 0 0)
(1.06175e-190 0 0)
(9.00782e-195 0 0)
(7.52528e-199 0 0)
(6.19288e-203 0 0)
(5.02213e-207 0 0)
(4.01475e-211 0 0)
(3.16482e-215 0 0)
(2.46094e-219 0 0)
(1.88819e-223 0 0)
(1.42993e-227 0 0)
(1.06913e-231 0 0)
(7.89434e-236 0 0)
(5.75857e-240 0 0)
(3.38398e-84 0 0)
(5.56679e-88 0 0)
(8.79224e-92 0 0)
(1.34023e-95 0 0)
(1.97195e-99 0 0)
(2.80498e-103 0 0)
(3.86291e-107 0 0)
(5.1574e-111 0 0)
(6.68374e-115 0 0)
(8.41756e-119 0 0)
(1.03134e-122 0 0)
(1.23056e-126 0 0)
(1.43121e-130 0 0)
(1.62402e-134 0 0)
(1.79941e-138 0 0)
(1.94832e-142 0 0)
(2.06306e-146 0 0)
(2.13788e-150 0 0)
(2.16955e-154 0 0)
(2.15746e-158 0 0)
(2.1036e-162 0 0)
(2.01224e-166 0 0)
(1.88941e-170 0 0)
(1.74232e-174 0 0)
(1.5787e-178 0 0)
(1.40619e-182 0 0)
(1.23184e-186 0 0)
(1.06175e-190 0 0)
(9.00782e-195 0 0)
(7.52528e-199 0 0)
(6.19288e-203 0 0)
(5.02213e-207 0 0)
(4.01475e-211 0 0)
(3.16482e-215 0 0)
(2.46094e-219 0 0)
(1.88819e-223 0 0)
(1.42993e-227 0 0)
(1.06913e-231 0 0)
(7.89434e-236 0 0)
(5.75857e-240 0 0)
(3.38398e-84 0 0)
(5.56679e-88 0 0)
(8.79224e-92 0 0)
(1.34023e-95 0 0)
(1.97195e-99 0 0)
(2.80498e-103 0 0)
(3.86291e-107 0 0)
(5.1574e-111 0 0)
(6.68374e-115 0 0)
(8.41756e-119 0 0)
(1.03134e-122 0 0)
(1.23056e-126 0 0)
(1.43121e-130 0 0)
(1.62402e-134 0 0)
(1.79941e-138 0 0)
(1.94832e-142 0 0)
(2.06306e-146 0 0)
(2.13788e-150 0 0)
(2.16955e-154 0 0)
(2.15746e-158 0 0)
(2.1036e-162 0 0)
(2.01224e-166 0 0)
(1.88941e-170 0 0)
(1.74232e-174 0 0)
(1.5787e-178 0 0)
(1.40619e-182 0 0)
(1.23184e-186 0 0)
(1.06175e-190 0 0)
(9.00782e-195 0 0)
(7.52528e-199 0 0)
(6.19288e-203 0 0)
(5.02213e-207 0 0)
(4.01475e-211 0 0)
(3.16482e-215 0 0)
(2.46094e-219 0 0)
(1.88819e-223 0 0)
(1.42993e-227 0 0)
(1.06913e-231 0 0)
(7.89434e-236 0 0)
(5.75857e-240 0 0)
(3.38398e-84 0 0)
(5.56679e-88 0 0)
(8.79224e-92 0 0)
(1.34023e-95 0 0)
(1.97195e-99 0 0)
(2.80498e-103 0 0)
(3.86291e-107 0 0)
(5.1574e-111 0 0)
(6.68374e-115 0 0)
(8.41756e-119 0 0)
(1.03134e-122 0 0)
(1.23056e-126 0 0)
(1.43121e-130 0 0)
(1.62402e-134 0 0)
(1.79941e-138 0 0)
(1.94832e-142 0 0)
(2.06306e-146 0 0)
(2.13788e-150 0 0)
(2.16955e-154 0 0)
(2.15746e-158 0 0)
(2.1036e-162 0 0)
(2.01224e-166 0 0)
(1.88941e-170 0 0)
(1.74232e-174 0 0)
(1.5787e-178 0 0)
(1.40619e-182 0 0)
(1.23184e-186 0 0)
(1.06175e-190 0 0)
(9.00782e-195 0 0)
(7.52528e-199 0 0)
(6.19288e-203 0 0)
(5.02213e-207 0 0)
(4.01475e-211 0 0)
(3.16482e-215 0 0)
(2.46094e-219 0 0)
(1.88819e-223 0 0)
(1.42993e-227 0 0)
(1.06913e-231 0 0)
(7.89434e-236 0 0)
(5.75857e-240 0 0)
(3.38398e-84 0 0)
(5.56679e-88 0 0)
(8.79224e-92 0 0)
(1.34023e-95 0 0)
(1.97195e-99 0 0)
(2.80498e-103 0 0)
(3.86291e-107 0 0)
(5.1574e-111 0 0)
(6.68374e-115 0 0)
(8.41756e-119 0 0)
(1.03134e-122 0 0)
(1.23056e-126 0 0)
(1.43121e-130 0 0)
(1.62402e-134 0 0)
(1.79941e-138 0 0)
(1.94832e-142 0 0)
(2.06306e-146 0 0)
(2.13788e-150 0 0)
(2.16955e-154 0 0)
(2.15746e-158 0 0)
(2.1036e-162 0 0)
(2.01224e-166 0 0)
(1.88941e-170 0 0)
(1.74232e-174 0 0)
(1.5787e-178 0 0)
(1.40619e-182 0 0)
(1.23184e-186 0 0)
(1.06175e-190 0 0)
(9.00782e-195 0 0)
(7.52528e-199 0 0)
(6.19288e-203 0 0)
(5.02213e-207 0 0)
(4.01475e-211 0 0)
(3.16482e-215 0 0)
(2.46094e-219 0 0)
(1.88819e-223 0 0)
(1.42993e-227 0 0)
(1.06913e-231 0 0)
(7.89434e-236 0 0)
(5.75857e-240 0 0)
(3.38398e-84 0 0)
(5.56679e-88 0 0)
(8.79224e-92 0 0)
(1.34023e-95 0 0)
(1.97195e-99 0 0)
(2.80498e-103 0 0)
(3.86291e-107 0 0)
(5.1574e-111 0 0)
(6.68374e-115 0 0)
(8.41756e-119 0 0)
(1.03134e-122 0 0)
(1.23056e-126 0 0)
(1.43121e-130 0 0)
(1.62402e-134 0 0)
(1.79941e-138 0 0)
(1.94832e-142 0 0)
(2.06306e-146 0 0)
(2.13788e-150 0 0)
(2.16955e-154 0 0)
(2.15746e-158 0 0)
(2.1036e-162 0 0)
(2.01224e-166 0 0)
(1.88941e-170 0 0)
(1.74232e-174 0 0)
(1.5787e-178 0 0)
(1.40619e-182 0 0)
(1.23184e-186 0 0)
(1.06175e-190 0 0)
(9.00782e-195 0 0)
(7.52528e-199 0 0)
(6.19288e-203 0 0)
(5.02213e-207 0 0)
(4.01475e-211 0 0)
(3.16482e-215 0 0)
(2.46094e-219 0 0)
(1.88819e-223 0 0)
(1.42993e-227 0 0)
(1.06913e-231 0 0)
(7.89434e-236 0 0)
(5.75857e-240 0 0)
(3.38398e-84 0 0)
(5.56679e-88 0 0)
(8.79224e-92 0 0)
(1.34023e-95 0 0)
(1.97195e-99 0 0)
(2.80498e-103 0 0)
(3.86291e-107 0 0)
(5.1574e-111 0 0)
(6.68374e-115 0 0)
(8.41756e-119 0 0)
(1.03134e-122 0 0)
(1.23056e-126 0 0)
(1.43121e-130 0 0)
(1.62402e-134 0 0)
(1.79941e-138 0 0)
(1.94832e-142 0 0)
(2.06306e-146 0 0)
(2.13788e-150 0 0)
(2.16955e-154 0 0)
(2.15746e-158 0 0)
(2.1036e-162 0 0)
(2.01224e-166 0 0)
(1.88941e-170 0 0)
(1.74232e-174 0 0)
(1.5787e-178 0 0)
(1.40619e-182 0 0)
(1.23184e-186 0 0)
(1.06175e-190 0 0)
(9.00782e-195 0 0)
(7.52528e-199 0 0)
(6.19288e-203 0 0)
(5.02213e-207 0 0)
(4.01475e-211 0 0)
(3.16482e-215 0 0)
(2.46094e-219 0 0)
(1.88819e-223 0 0)
(1.42993e-227 0 0)
(1.06913e-231 0 0)
(7.89434e-236 0 0)
(5.75857e-240 0 0)
(3.38398e-84 0 0)
(5.56679e-88 0 0)
(8.79224e-92 0 0)
(1.34023e-95 0 0)
(1.97195e-99 0 0)
(2.80498e-103 0 0)
(3.86291e-107 0 0)
(5.1574e-111 0 0)
(6.68374e-115 0 0)
(8.41756e-119 0 0)
(1.03134e-122 0 0)
(1.23056e-126 0 0)
(1.43121e-130 0 0)
(1.62402e-134 0 0)
(1.79941e-138 0 0)
(1.94832e-142 0 0)
(2.06306e-146 0 0)
(2.13788e-150 0 0)
(2.16955e-154 0 0)
(2.15746e-158 0 0)
(2.1036e-162 0 0)
(2.01224e-166 0 0)
(1.88941e-170 0 0)
(1.74232e-174 0 0)
(1.5787e-178 0 0)
(1.40619e-182 0 0)
(1.23184e-186 0 0)
(1.06175e-190 0 0)
(9.00782e-195 0 0)
(7.52528e-199 0 0)
(6.19288e-203 0 0)
(5.02213e-207 0 0)
(4.01475e-211 0 0)
(3.16482e-215 0 0)
(2.46094e-219 0 0)
(1.88819e-223 0 0)
(1.42993e-227 0 0)
(1.06913e-231 0 0)
(7.89434e-236 0 0)
(5.75857e-240 0 0)
(3.38398e-84 0 0)
(5.56679e-88 0 0)
(8.79224e-92 0 0)
(1.34023e-95 0 0)
(1.97195e-99 0 0)
(2.80498e-103 0 0)
(3.86291e-107 0 0)
(5.1574e-111 0 0)
(6.68374e-115 0 0)
(8.41756e-119 0 0)
(1.03134e-122 0 0)
(1.23056e-126 0 0)
(1.43121e-130 0 0)
(1.62402e-134 0 0)
(1.79941e-138 0 0)
(1.94832e-142 0 0)
(2.06306e-146 0 0)
(2.13788e-150 0 0)
(2.16955e-154 0 0)
(2.15746e-158 0 0)
(2.1036e-162 0 0)
(2.01224e-166 0 0)
(1.88941e-170 0 0)
(1.74232e-174 0 0)
(1.5787e-178 0 0)
(1.40619e-182 0 0)
(1.23184e-186 0 0)
(1.06175e-190 0 0)
(9.00782e-195 0 0)
(7.52528e-199 0 0)
(6.19288e-203 0 0)
(5.02213e-207 0 0)
(4.01475e-211 0 0)
(3.16482e-215 0 0)
(2.46094e-219 0 0)
(1.88819e-223 0 0)
(1.42993e-227 0 0)
(1.06913e-231 0 0)
(7.89434e-236 0 0)
(5.75857e-240 0 0)
(3.38398e-84 0 0)
(5.56679e-88 0 0)
(8.79224e-92 0 0)
(1.34023e-95 0 0)
(1.97195e-99 0 0)
(2.80498e-103 0 0)
(3.86291e-107 0 0)
(5.1574e-111 0 0)
(6.68374e-115 0 0)
(8.41756e-119 0 0)
(1.03134e-122 0 0)
(1.23056e-126 0 0)
(1.43121e-130 0 0)
(1.62402e-134 0 0)
(1.79941e-138 0 0)
(1.94832e-142 0 0)
(2.06306e-146 0 0)
(2.13788e-150 0 0)
(2.16955e-154 0 0)
(2.15746e-158 0 0)
(2.1036e-162 0 0)
(2.01224e-166 0 0)
(1.88941e-170 0 0)
(1.74232e-174 0 0)
(1.5787e-178 0 0)
(1.40619e-182 0 0)
(1.23184e-186 0 0)
(1.06175e-190 0 0)
(9.00782e-195 0 0)
(7.52528e-199 0 0)
(6.19288e-203 0 0)
(5.02213e-207 0 0)
(4.01475e-211 0 0)
(3.16482e-215 0 0)
(2.46094e-219 0 0)
(1.88819e-223 0 0)
(1.42993e-227 0 0)
(1.06913e-231 0 0)
(7.89434e-236 0 0)
(5.75857e-240 0 0)
(3.38398e-84 0 0)
(5.56679e-88 0 0)
(8.79224e-92 0 0)
(1.34023e-95 0 0)
(1.97195e-99 0 0)
(2.80498e-103 0 0)
(3.86291e-107 0 0)
(5.1574e-111 0 0)
(6.68374e-115 0 0)
(8.41756e-119 0 0)
(1.03134e-122 0 0)
(1.23056e-126 0 0)
(1.43121e-130 0 0)
(1.62402e-134 0 0)
(1.79941e-138 0 0)
(1.94832e-142 0 0)
(2.06306e-146 0 0)
(2.13788e-150 0 0)
(2.16955e-154 0 0)
(2.15746e-158 0 0)
(2.1036e-162 0 0)
(2.01224e-166 0 0)
(1.88941e-170 0 0)
(1.74232e-174 0 0)
(1.5787e-178 0 0)
(1.40619e-182 0 0)
(1.23184e-186 0 0)
(1.06175e-190 0 0)
(9.00782e-195 0 0)
(7.52528e-199 0 0)
(6.19288e-203 0 0)
(5.02213e-207 0 0)
(4.01475e-211 0 0)
(3.16482e-215 0 0)
(2.46094e-219 0 0)
(1.88819e-223 0 0)
(1.42993e-227 0 0)
(1.06913e-231 0 0)
(7.89434e-236 0 0)
(5.75857e-240 0 0)
(3.38398e-84 0 0)
(5.56679e-88 0 0)
(8.79224e-92 0 0)
(1.34023e-95 0 0)
(1.97195e-99 0 0)
(2.80498e-103 0 0)
(3.86291e-107 0 0)
(5.1574e-111 0 0)
(6.68374e-115 0 0)
(8.41756e-119 0 0)
(1.03134e-122 0 0)
(1.23056e-126 0 0)
(1.43121e-130 0 0)
(1.62402e-134 0 0)
(1.79941e-138 0 0)
(1.94832e-142 0 0)
(2.06306e-146 0 0)
(2.13788e-150 0 0)
(2.16955e-154 0 0)
(2.15746e-158 0 0)
(2.1036e-162 0 0)
(2.01224e-166 0 0)
(1.88941e-170 0 0)
(1.74232e-174 0 0)
(1.5787e-178 0 0)
(1.40619e-182 0 0)
(1.23184e-186 0 0)
(1.06175e-190 0 0)
(9.00782e-195 0 0)
(7.52528e-199 0 0)
(6.19288e-203 0 0)
(5.02213e-207 0 0)
(4.01475e-211 0 0)
(3.16482e-215 0 0)
(2.46094e-219 0 0)
(1.88819e-223 0 0)
(1.42993e-227 0 0)
(1.06913e-231 0 0)
(7.89434e-236 0 0)
(5.75857e-240 0 0)
(3.38398e-84 0 0)
(5.56679e-88 0 0)
(8.79224e-92 0 0)
(1.34023e-95 0 0)
(1.97195e-99 0 0)
(2.80498e-103 0 0)
(3.86291e-107 0 0)
(5.1574e-111 0 0)
(6.68374e-115 0 0)
(8.41756e-119 0 0)
(1.03134e-122 0 0)
(1.23056e-126 0 0)
(1.43121e-130 0 0)
(1.62402e-134 0 0)
(1.79941e-138 0 0)
(1.94832e-142 0 0)
(2.06306e-146 0 0)
(2.13788e-150 0 0)
(2.16955e-154 0 0)
(2.15746e-158 0 0)
(2.1036e-162 0 0)
(2.01224e-166 0 0)
(1.88941e-170 0 0)
(1.74232e-174 0 0)
(1.5787e-178 0 0)
(1.40619e-182 0 0)
(1.23184e-186 0 0)
(1.06175e-190 0 0)
(9.00782e-195 0 0)
(7.52528e-199 0 0)
(6.19288e-203 0 0)
(5.02213e-207 0 0)
(4.01475e-211 0 0)
(3.16482e-215 0 0)
(2.46094e-219 0 0)
(1.88819e-223 0 0)
(1.42993e-227 0 0)
(1.06913e-231 0 0)
(7.89434e-236 0 0)
(5.75857e-240 0 0)
(3.38398e-84 0 0)
(5.56679e-88 0 0)
(8.79224e-92 0 0)
(1.34023e-95 0 0)
(1.97195e-99 0 0)
(2.80498e-103 0 0)
(3.86291e-107 0 0)
(5.1574e-111 0 0)
(6.68374e-115 0 0)
(8.41756e-119 0 0)
(1.03134e-122 0 0)
(1.23056e-126 0 0)
(1.43121e-130 0 0)
(1.62402e-134 0 0)
(1.79941e-138 0 0)
(1.94832e-142 0 0)
(2.06306e-146 0 0)
(2.13788e-150 0 0)
(2.16955e-154 0 0)
(2.15746e-158 0 0)
(2.1036e-162 0 0)
(2.01224e-166 0 0)
(1.88941e-170 0 0)
(1.74232e-174 0 0)
(1.5787e-178 0 0)
(1.40619e-182 0 0)
(1.23184e-186 0 0)
(1.06175e-190 0 0)
(9.00782e-195 0 0)
(7.52528e-199 0 0)
(6.19288e-203 0 0)
(5.02213e-207 0 0)
(4.01475e-211 0 0)
(3.16482e-215 0 0)
(2.46094e-219 0 0)
(1.88819e-223 0 0)
(1.42993e-227 0 0)
(1.06913e-231 0 0)
(7.89434e-236 0 0)
(5.75857e-240 0 0)
(3.38398e-84 0 0)
(5.56679e-88 0 0)
(8.79224e-92 0 0)
(1.34023e-95 0 0)
(1.97195e-99 0 0)
(2.80498e-103 0 0)
(3.86291e-107 0 0)
(5.1574e-111 0 0)
(6.68374e-115 0 0)
(8.41756e-119 0 0)
(1.03134e-122 0 0)
(1.23056e-126 0 0)
(1.43121e-130 0 0)
(1.62402e-134 0 0)
(1.79941e-138 0 0)
(1.94832e-142 0 0)
(2.06306e-146 0 0)
(2.13788e-150 0 0)
(2.16955e-154 0 0)
(2.15746e-158 0 0)
(2.1036e-162 0 0)
(2.01224e-166 0 0)
(1.88941e-170 0 0)
(1.74232e-174 0 0)
(1.5787e-178 0 0)
(1.40619e-182 0 0)
(1.23184e-186 0 0)
(1.06175e-190 0 0)
(9.00782e-195 0 0)
(7.52528e-199 0 0)
(6.19288e-203 0 0)
(5.02213e-207 0 0)
(4.01475e-211 0 0)
(3.16482e-215 0 0)
(2.46094e-219 0 0)
(1.88819e-223 0 0)
(1.42993e-227 0 0)
(1.06913e-231 0 0)
(7.89434e-236 0 0)
(5.75857e-240 0 0)
(3.38398e-84 0 0)
(5.56679e-88 0 0)
(8.79224e-92 0 0)
(1.34023e-95 0 0)
(1.97195e-99 0 0)
(2.80498e-103 0 0)
(3.86291e-107 0 0)
(5.1574e-111 0 0)
(6.68374e-115 0 0)
(8.41756e-119 0 0)
(1.03134e-122 0 0)
(1.23056e-126 0 0)
(1.43121e-130 0 0)
(1.62402e-134 0 0)
(1.79941e-138 0 0)
(1.94832e-142 0 0)
(2.06306e-146 0 0)
(2.13788e-150 0 0)
(2.16955e-154 0 0)
(2.15746e-158 0 0)
(2.1036e-162 0 0)
(2.01224e-166 0 0)
(1.88941e-170 0 0)
(1.74232e-174 0 0)
(1.5787e-178 0 0)
(1.40619e-182 0 0)
(1.23184e-186 0 0)
(1.06175e-190 0 0)
(9.00782e-195 0 0)
(7.52528e-199 0 0)
(6.19288e-203 0 0)
(5.02213e-207 0 0)
(4.01475e-211 0 0)
(3.16482e-215 0 0)
(2.46094e-219 0 0)
(1.88819e-223 0 0)
(1.42993e-227 0 0)
(1.06913e-231 0 0)
(7.89434e-236 0 0)
(5.75857e-240 0 0)
(3.38398e-84 0 0)
(5.56679e-88 0 0)
(8.79224e-92 0 0)
(1.34023e-95 0 0)
(1.97195e-99 0 0)
(2.80498e-103 0 0)
(3.86291e-107 0 0)
(5.1574e-111 0 0)
(6.68374e-115 0 0)
(8.41756e-119 0 0)
(1.03134e-122 0 0)
(1.23056e-126 0 0)
(1.43121e-130 0 0)
(1.62402e-134 0 0)
(1.79941e-138 0 0)
(1.94832e-142 0 0)
(2.06306e-146 0 0)
(2.13788e-150 0 0)
(2.16955e-154 0 0)
(2.15746e-158 0 0)
(2.1036e-162 0 0)
(2.01224e-166 0 0)
(1.88941e-170 0 0)
(1.74232e-174 0 0)
(1.5787e-178 0 0)
(1.40619e-182 0 0)
(1.23184e-186 0 0)
(1.06175e-190 0 0)
(9.00782e-195 0 0)
(7.52528e-199 0 0)
(6.19288e-203 0 0)
(5.02213e-207 0 0)
(4.01475e-211 0 0)
(3.16482e-215 0 0)
(2.46094e-219 0 0)
(1.88819e-223 0 0)
(1.42993e-227 0 0)
(1.06913e-231 0 0)
(7.89434e-236 0 0)
(5.75857e-240 0 0)
(3.38398e-84 0 0)
(5.56679e-88 0 0)
(8.79224e-92 0 0)
(1.34023e-95 0 0)
(1.97195e-99 0 0)
(2.80498e-103 0 0)
(3.86291e-107 0 0)
(5.1574e-111 0 0)
(6.68374e-115 0 0)
(8.41756e-119 0 0)
(1.03134e-122 0 0)
(1.23056e-126 0 0)
(1.43121e-130 0 0)
(1.62402e-134 0 0)
(1.79941e-138 0 0)
(1.94832e-142 0 0)
(2.06306e-146 0 0)
(2.13788e-150 0 0)
(2.16955e-154 0 0)
(2.15746e-158 0 0)
(2.1036e-162 0 0)
(2.01224e-166 0 0)
(1.88941e-170 0 0)
(1.74232e-174 0 0)
(1.5787e-178 0 0)
(1.40619e-182 0 0)
(1.23184e-186 0 0)
(1.06175e-190 0 0)
(9.00782e-195 0 0)
(7.52528e-199 0 0)
(6.19288e-203 0 0)
(5.02213e-207 0 0)
(4.01475e-211 0 0)
(3.16482e-215 0 0)
(2.46094e-219 0 0)
(1.88819e-223 0 0)
(1.42993e-227 0 0)
(1.06913e-231 0 0)
(7.89434e-236 0 0)
(5.75857e-240 0 0)
(3.38398e-84 0 0)
(5.56679e-88 0 0)
(8.79224e-92 0 0)
(1.34023e-95 0 0)
(1.97195e-99 0 0)
(2.80498e-103 0 0)
(3.86291e-107 0 0)
(5.1574e-111 0 0)
(6.68374e-115 0 0)
(8.41756e-119 0 0)
(1.03134e-122 0 0)
(1.23056e-126 0 0)
(1.43121e-130 0 0)
(1.62402e-134 0 0)
(1.79941e-138 0 0)
(1.94832e-142 0 0)
(2.06306e-146 0 0)
(2.13788e-150 0 0)
(2.16955e-154 0 0)
(2.15746e-158 0 0)
(2.1036e-162 0 0)
(2.01224e-166 0 0)
(1.88941e-170 0 0)
(1.74232e-174 0 0)
(1.5787e-178 0 0)
(1.40619e-182 0 0)
(1.23184e-186 0 0)
(1.06175e-190 0 0)
(9.00782e-195 0 0)
(7.52528e-199 0 0)
(6.19288e-203 0 0)
(5.02213e-207 0 0)
(4.01475e-211 0 0)
(3.16482e-215 0 0)
(2.46094e-219 0 0)
(1.88819e-223 0 0)
(1.42993e-227 0 0)
(1.06913e-231 0 0)
(7.89434e-236 0 0)
(5.75857e-240 0 0)
(3.38397e-84 0 0)
(5.56679e-88 0 0)
(8.79223e-92 0 0)
(1.34023e-95 0 0)
(1.97195e-99 0 0)
(2.80498e-103 0 0)
(3.86291e-107 0 0)
(5.15739e-111 0 0)
(6.68374e-115 0 0)
(8.41756e-119 0 0)
(1.03134e-122 0 0)
(1.23056e-126 0 0)
(1.43121e-130 0 0)
(1.62402e-134 0 0)
(1.79941e-138 0 0)
(1.94832e-142 0 0)
(2.06305e-146 0 0)
(2.13788e-150 0 0)
(2.16955e-154 0 0)
(2.15746e-158 0 0)
(2.1036e-162 0 0)
(2.01224e-166 0 0)
(1.88941e-170 0 0)
(1.74232e-174 0 0)
(1.5787e-178 0 0)
(1.40619e-182 0 0)
(1.23184e-186 0 0)
(1.06175e-190 0 0)
(9.00782e-195 0 0)
(7.52528e-199 0 0)
(6.19288e-203 0 0)
(5.02213e-207 0 0)
(4.01475e-211 0 0)
(3.16482e-215 0 0)
(2.46094e-219 0 0)
(1.88819e-223 0 0)
(1.42993e-227 0 0)
(1.06913e-231 0 0)
(7.89434e-236 0 0)
(5.75857e-240 0 0)
(3.38397e-84 0 0)
(5.56679e-88 0 0)
(8.79223e-92 0 0)
(1.34023e-95 0 0)
(1.97194e-99 0 0)
(2.80498e-103 0 0)
(3.8629e-107 0 0)
(5.15739e-111 0 0)
(6.68373e-115 0 0)
(8.41754e-119 0 0)
(1.03133e-122 0 0)
(1.23055e-126 0 0)
(1.43121e-130 0 0)
(1.62401e-134 0 0)
(1.7994e-138 0 0)
(1.94832e-142 0 0)
(2.06305e-146 0 0)
(2.13788e-150 0 0)
(2.16954e-154 0 0)
(2.15745e-158 0 0)
(2.10359e-162 0 0)
(2.01223e-166 0 0)
(1.8894e-170 0 0)
(1.74232e-174 0 0)
(1.57869e-178 0 0)
(1.40618e-182 0 0)
(1.23184e-186 0 0)
(1.06174e-190 0 0)
(9.0078e-195 0 0)
(7.52526e-199 0 0)
(6.19287e-203 0 0)
(5.02212e-207 0 0)
(4.01474e-211 0 0)
(3.16482e-215 0 0)
(2.46093e-219 0 0)
(1.88819e-223 0 0)
(1.42993e-227 0 0)
(1.06913e-231 0 0)
(7.89432e-236 0 0)
(5.75856e-240 0 0)
(3.37842e-84 0 0)
(5.558e-88 0 0)
(8.77885e-92 0 0)
(1.33826e-95 0 0)
(1.96914e-99 0 0)
(2.80113e-103 0 0)
(3.85776e-107 0 0)
(5.15072e-111 0 0)
(6.67533e-115 0 0)
(8.40725e-119 0 0)
(1.03011e-122 0 0)
(1.22913e-126 0 0)
(1.42959e-130 0 0)
(1.62222e-134 0 0)
(1.79746e-138 0 0)
(1.94626e-142 0 0)
(2.06092e-146 0 0)
(2.13571e-150 0 0)
(2.16739e-154 0 0)
(2.15535e-158 0 0)
(2.10158e-162 0 0)
(2.01034e-166 0 0)
(1.88766e-170 0 0)
(1.74074e-174 0 0)
(1.57729e-178 0 0)
(1.40495e-182 0 0)
(1.23078e-186 0 0)
(1.06084e-190 0 0)
(9.00028e-195 0 0)
(7.51907e-199 0 0)
(6.18784e-203 0 0)
(5.0181e-207 0 0)
(4.01157e-211 0 0)
(3.16235e-215 0 0)
(2.45904e-219 0 0)
(1.88676e-223 0 0)
(1.42886e-227 0 0)
(1.06834e-231 0 0)
(7.88855e-236 0 0)
(5.75439e-240 0 0)
(3.3773e-84 0 0)
(5.55448e-88 0 0)
(8.77082e-92 0 0)
(1.33668e-95 0 0)
(1.96635e-99 0 0)
(2.7965e-103 0 0)
(3.85056e-107 0 0)
(5.14006e-111 0 0)
(6.66023e-115 0 0)
(8.38669e-119 0 0)
(1.02741e-122 0 0)
(1.2257e-126 0 0)
(1.42538e-130 0 0)
(1.6172e-134 0 0)
(1.79164e-138 0 0)
(1.93969e-142 0 0)
(2.05368e-146 0 0)
(2.12794e-150 0 0)
(2.15923e-154 0 0)
(2.14698e-158 0 0)
(2.09317e-162 0 0)
(2.00207e-166 0 0)
(1.87969e-170 0 0)
(1.7332e-174 0 0)
(1.5703e-178 0 0)
(1.39858e-182 0 0)
(1.22508e-186 0 0)
(1.05583e-190 0 0)
(8.9569e-195 0 0)
(7.48215e-199 0 0)
(6.15691e-203 0 0)
(4.99258e-207 0 0)
(3.99083e-211 0 0)
(3.14574e-215 0 0)
(2.44592e-219 0 0)
(1.87654e-223 0 0)
(1.42101e-227 0 0)
(1.06239e-231 0 0)
(7.844e-236 0 0)
(5.72147e-240 0 0)
(0.00159614 0 0)
(6.42091e-07 0 0)
(1.73314e-10 0 0)
(3.53063e-14 0 0)
(5.78947e-18 0 0)
(7.95972e-22 0 0)
(9.43718e-26 0 0)
(9.84938e-30 0 0)
(9.1922e-34 0 0)
(7.76699e-38 0 0)
(6.00147e-42 0 0)
(4.27585e-46 0 0)
(2.82852e-50 0 0)
(1.74755e-54 0 0)
(1.01354e-58 0 0)
(5.5426e-63 0 0)
(2.86901e-67 0 0)
(1.41055e-71 0 0)
(6.60708e-76 0 0)
(2.95653e-80 0 0)
(0.00159743 0 0)
(6.42784e-07 0 0)
(1.73526e-10 0 0)
(3.53526e-14 0 0)
(5.79743e-18 0 0)
(7.97104e-22 0 0)
(9.45097e-26 0 0)
(9.86408e-30 0 0)
(9.20618e-34 0 0)
(7.77899e-38 0 0)
(6.01088e-42 0 0)
(4.28264e-46 0 0)
(2.83306e-50 0 0)
(1.75039e-54 0 0)
(1.0152e-58 0 0)
(5.55178e-63 0 0)
(2.8738e-67 0 0)
(1.41293e-71 0 0)
(6.61832e-76 0 0)
(2.9616e-80 0 0)
(0.00159743 0 0)
(6.42784e-07 0 0)
(1.73526e-10 0 0)
(3.53526e-14 0 0)
(5.79743e-18 0 0)
(7.97105e-22 0 0)
(9.45098e-26 0 0)
(9.86409e-30 0 0)
(9.20618e-34 0 0)
(7.779e-38 0 0)
(6.01088e-42 0 0)
(4.28264e-46 0 0)
(2.83307e-50 0 0)
(1.75039e-54 0 0)
(1.0152e-58 0 0)
(5.55178e-63 0 0)
(2.87381e-67 0 0)
(1.41293e-71 0 0)
(6.61832e-76 0 0)
(2.9616e-80 0 0)
(0.00159743 0 0)
(6.42784e-07 0 0)
(1.73526e-10 0 0)
(3.53526e-14 0 0)
(5.79743e-18 0 0)
(7.97105e-22 0 0)
(9.45098e-26 0 0)
(9.86409e-30 0 0)
(9.20618e-34 0 0)
(7.779e-38 0 0)
(6.01088e-42 0 0)
(4.28264e-46 0 0)
(2.83307e-50 0 0)
(1.75039e-54 0 0)
(1.0152e-58 0 0)
(5.55178e-63 0 0)
(2.87381e-67 0 0)
(1.41293e-71 0 0)
(6.61832e-76 0 0)
(2.9616e-80 0 0)
(0.00159743 0 0)
(6.42784e-07 0 0)
(1.73526e-10 0 0)
(3.53526e-14 0 0)
(5.79743e-18 0 0)
(7.97105e-22 0 0)
(9.45098e-26 0 0)
(9.86409e-30 0 0)
(9.20618e-34 0 0)
(7.779e-38 0 0)
(6.01088e-42 0 0)
(4.28264e-46 0 0)
(2.83307e-50 0 0)
(1.75039e-54 0 0)
(1.0152e-58 0 0)
(5.55178e-63 0 0)
(2.87381e-67 0 0)
(1.41293e-71 0 0)
(6.61832e-76 0 0)
(2.9616e-80 0 0)
(0.00159743 0 0)
(6.42784e-07 0 0)
(1.73526e-10 0 0)
(3.53526e-14 0 0)
(5.79743e-18 0 0)
(7.97105e-22 0 0)
(9.45098e-26 0 0)
(9.86409e-30 0 0)
(9.20618e-34 0 0)
(7.779e-38 0 0)
(6.01088e-42 0 0)
(4.28264e-46 0 0)
(2.83307e-50 0 0)
(1.75039e-54 0 0)
(1.0152e-58 0 0)
(5.55178e-63 0 0)
(2.87381e-67 0 0)
(1.41293e-71 0 0)
(6.61832e-76 0 0)
(2.9616e-80 0 0)
(0.00159743 0 0)
(6.42784e-07 0 0)
(1.73526e-10 0 0)
(3.53526e-14 0 0)
(5.79743e-18 0 0)
(7.97105e-22 0 0)
(9.45098e-26 0 0)
(9.86409e-30 0 0)
(9.20618e-34 0 0)
(7.779e-38 0 0)
(6.01088e-42 0 0)
(4.28264e-46 0 0)
(2.83307e-50 0 0)
(1.75039e-54 0 0)
(1.0152e-58 0 0)
(5.55178e-63 0 0)
(2.87381e-67 0 0)
(1.41293e-71 0 0)
(6.61832e-76 0 0)
(2.9616e-80 0 0)
(0.00159743 0 0)
(6.42784e-07 0 0)
(1.73526e-10 0 0)
(3.53526e-14 0 0)
(5.79743e-18 0 0)
(7.97105e-22 0 0)
(9.45098e-26 0 0)
(9.86409e-30 0 0)
(9.20618e-34 0 0)
(7.779e-38 0 0)
(6.01088e-42 0 0)
(4.28264e-46 0 0)
(2.83307e-50 0 0)
(1.75039e-54 0 0)
(1.0152e-58 0 0)
(5.55178e-63 0 0)
(2.87381e-67 0 0)
(1.41293e-71 0 0)
(6.61832e-76 0 0)
(2.9616e-80 0 0)
(0.00159743 0 0)
(6.42784e-07 0 0)
(1.73526e-10 0 0)
(3.53526e-14 0 0)
(5.79743e-18 0 0)
(7.97105e-22 0 0)
(9.45098e-26 0 0)
(9.86409e-30 0 0)
(9.20618e-34 0 0)
(7.779e-38 0 0)
(6.01088e-42 0 0)
(4.28264e-46 0 0)
(2.83307e-50 0 0)
(1.75039e-54 0 0)
(1.0152e-58 0 0)
(5.55178e-63 0 0)
(2.87381e-67 0 0)
(1.41293e-71 0 0)
(6.61832e-76 0 0)
(2.9616e-80 0 0)
(0.00159743 0 0)
(6.42784e-07 0 0)
(1.73526e-10 0 0)
(3.53526e-14 0 0)
(5.79743e-18 0 0)
(7.97105e-22 0 0)
(9.45098e-26 0 0)
(9.86409e-30 0 0)
(9.20618e-34 0 0)
(7.779e-38 0 0)
(6.01088e-42 0 0)
(4.28264e-46 0 0)
(2.83307e-50 0 0)
(1.75039e-54 0 0)
(1.0152e-58 0 0)
(5.55178e-63 0 0)
(2.87381e-67 0 0)
(1.41293e-71 0 0)
(6.61832e-76 0 0)
(2.9616e-80 0 0)
(0.00159743 0 0)
(6.42784e-07 0 0)
(1.73526e-10 0 0)
(3.53526e-14 0 0)
(5.79743e-18 0 0)
(7.97105e-22 0 0)
(9.45098e-26 0 0)
(9.86409e-30 0 0)
(9.20618e-34 0 0)
(7.779e-38 0 0)
(6.01088e-42 0 0)
(4.28264e-46 0 0)
(2.83307e-50 0 0)
(1.75039e-54 0 0)
(1.0152e-58 0 0)
(5.55178e-63 0 0)
(2.87381e-67 0 0)
(1.41293e-71 0 0)
(6.61832e-76 0 0)
(2.9616e-80 0 0)
(0.00159743 0 0)
(6.42784e-07 0 0)
(1.73526e-10 0 0)
(3.53526e-14 0 0)
(5.79743e-18 0 0)
(7.97105e-22 0 0)
(9.45098e-26 0 0)
(9.86409e-30 0 0)
(9.20618e-34 0 0)
(7.779e-38 0 0)
(6.01088e-42 0 0)
(4.28264e-46 0 0)
(2.83307e-50 0 0)
(1.75039e-54 0 0)
(1.0152e-58 0 0)
(5.55178e-63 0 0)
(2.87381e-67 0 0)
(1.41293e-71 0 0)
(6.61832e-76 0 0)
(2.9616e-80 0 0)
(0.00159743 0 0)
(6.42784e-07 0 0)
(1.73526e-10 0 0)
(3.53526e-14 0 0)
(5.79743e-18 0 0)
(7.97105e-22 0 0)
(9.45098e-26 0 0)
(9.86409e-30 0 0)
(9.20618e-34 0 0)
(7.779e-38 0 0)
(6.01088e-42 0 0)
(4.28264e-46 0 0)
(2.83307e-50 0 0)
(1.75039e-54 0 0)
(1.0152e-58 0 0)
(5.55178e-63 0 0)
(2.87381e-67 0 0)
(1.41293e-71 0 0)
(6.61832e-76 0 0)
(2.9616e-80 0 0)
(0.00159743 0 0)
(6.42784e-07 0 0)
(1.73526e-10 0 0)
(3.53526e-14 0 0)
(5.79743e-18 0 0)
(7.97105e-22 0 0)
(9.45098e-26 0 0)
(9.86409e-30 0 0)
(9.20618e-34 0 0)
(7.779e-38 0 0)
(6.01088e-42 0 0)
(4.28264e-46 0 0)
(2.83307e-50 0 0)
(1.75039e-54 0 0)
(1.0152e-58 0 0)
(5.55178e-63 0 0)
(2.87381e-67 0 0)
(1.41293e-71 0 0)
(6.61832e-76 0 0)
(2.9616e-80 0 0)
(0.00159743 0 0)
(6.42784e-07 0 0)
(1.73526e-10 0 0)
(3.53526e-14 0 0)
(5.79743e-18 0 0)
(7.97105e-22 0 0)
(9.45098e-26 0 0)
(9.86409e-30 0 0)
(9.20618e-34 0 0)
(7.779e-38 0 0)
(6.01088e-42 0 0)
(4.28264e-46 0 0)
(2.83307e-50 0 0)
(1.75039e-54 0 0)
(1.0152e-58 0 0)
(5.55178e-63 0 0)
(2.87381e-67 0 0)
(1.41293e-71 0 0)
(6.61832e-76 0 0)
(2.9616e-80 0 0)
(0.00159743 0 0)
(6.42784e-07 0 0)
(1.73526e-10 0 0)
(3.53526e-14 0 0)
(5.79743e-18 0 0)
(7.97105e-22 0 0)
(9.45098e-26 0 0)
(9.86409e-30 0 0)
(9.20618e-34 0 0)
(7.779e-38 0 0)
(6.01088e-42 0 0)
(4.28264e-46 0 0)
(2.83307e-50 0 0)
(1.75039e-54 0 0)
(1.0152e-58 0 0)
(5.55178e-63 0 0)
(2.87381e-67 0 0)
(1.41293e-71 0 0)
(6.61832e-76 0 0)
(2.9616e-80 0 0)
(0.00159743 0 0)
(6.42784e-07 0 0)
(1.73526e-10 0 0)
(3.53526e-14 0 0)
(5.79743e-18 0 0)
(7.97105e-22 0 0)
(9.45098e-26 0 0)
(9.86409e-30 0 0)
(9.20618e-34 0 0)
(7.779e-38 0 0)
(6.01088e-42 0 0)
(4.28264e-46 0 0)
(2.83307e-50 0 0)
(1.75039e-54 0 0)
(1.0152e-58 0 0)
(5.55178e-63 0 0)
(2.87381e-67 0 0)
(1.41293e-71 0 0)
(6.61832e-76 0 0)
(2.9616e-80 0 0)
(0.00159743 0 0)
(6.42784e-07 0 0)
(1.73526e-10 0 0)
(3.53526e-14 0 0)
(5.79743e-18 0 0)
(7.97105e-22 0 0)
(9.45098e-26 0 0)
(9.86409e-30 0 0)
(9.20618e-34 0 0)
(7.779e-38 0 0)
(6.01088e-42 0 0)
(4.28264e-46 0 0)
(2.83307e-50 0 0)
(1.75039e-54 0 0)
(1.0152e-58 0 0)
(5.55178e-63 0 0)
(2.87381e-67 0 0)
(1.41293e-71 0 0)
(6.61832e-76 0 0)
(2.9616e-80 0 0)
(0.00159743 0 0)
(6.42784e-07 0 0)
(1.73526e-10 0 0)
(3.53526e-14 0 0)
(5.79743e-18 0 0)
(7.97104e-22 0 0)
(9.45097e-26 0 0)
(9.86408e-30 0 0)
(9.20618e-34 0 0)
(7.77899e-38 0 0)
(6.01088e-42 0 0)
(4.28264e-46 0 0)
(2.83306e-50 0 0)
(1.75039e-54 0 0)
(1.0152e-58 0 0)
(5.55178e-63 0 0)
(2.8738e-67 0 0)
(1.41293e-71 0 0)
(6.61832e-76 0 0)
(2.9616e-80 0 0)
(0.00159614 0 0)
(6.42091e-07 0 0)
(1.73314e-10 0 0)
(3.53063e-14 0 0)
(5.78947e-18 0 0)
(7.95972e-22 0 0)
(9.43718e-26 0 0)
(9.84938e-30 0 0)
(9.1922e-34 0 0)
(7.76699e-38 0 0)
(6.00147e-42 0 0)
(4.27585e-46 0 0)
(2.82852e-50 0 0)
(1.74755e-54 0 0)
(1.01354e-58 0 0)
(5.5426e-63 0 0)
(2.86901e-67 0 0)
(1.41055e-71 0 0)
(6.60708e-76 0 0)
(2.95653e-80 0 0)
)
;

boundaryField
{
    leftRightWallsright
    {
        type            cyclicAMI;
        value           nonuniform List<vector> 
40
(
(9.85735e-81 0 0)
(9.85735e-81 0 0)
(9.87425e-81 0 0)
(9.87425e-81 0 0)
(9.87426e-81 0 0)
(9.87426e-81 0 0)
(9.87426e-81 0 0)
(9.87426e-81 0 0)
(9.87426e-81 0 0)
(9.87426e-81 0 0)
(9.87426e-81 0 0)
(9.87426e-81 0 0)
(9.87426e-81 0 0)
(9.87426e-81 0 0)
(9.87426e-81 0 0)
(9.87426e-81 0 0)
(9.87426e-81 0 0)
(9.87426e-81 0 0)
(9.87426e-81 0 0)
(9.87426e-81 0 0)
(9.87426e-81 0 0)
(9.87426e-81 0 0)
(9.87426e-81 0 0)
(9.87426e-81 0 0)
(9.87426e-81 0 0)
(9.87426e-81 0 0)
(9.87426e-81 0 0)
(9.87426e-81 0 0)
(9.87426e-81 0 0)
(9.87426e-81 0 0)
(9.87426e-81 0 0)
(9.87426e-81 0 0)
(9.87426e-81 0 0)
(9.87426e-81 0 0)
(9.87426e-81 0 0)
(9.87426e-81 0 0)
(9.87425e-81 0 0)
(9.87425e-81 0 0)
(9.85736e-81 0 0)
(9.85735e-81 0 0)
)
;
    }
    outlet
    {
        type            zeroGradient;
    }
    channelWallsright
    {
        type            noSlip;
    }
    destinationFaceright
    {
        type            noSlip;
    }
    sourceFaceright
    {
        type            noSlip;
    }
    sourceFaceleft
    {
        type            noSlip;
    }
    destinationFaceleft
    {
        type            noSlip;
    }
    channelWallsleft
    {
        type            noSlip;
    }
    leftRightWallleft
    {
        type            cyclicAMI;
        value           nonuniform List<vector> 
20
(
(9.85735e-81 0 0)
(9.87425e-81 0 0)
(9.87426e-81 0 0)
(9.87426e-81 0 0)
(9.87426e-81 0 0)
(9.87426e-81 0 0)
(9.87426e-81 0 0)
(9.87426e-81 0 0)
(9.87426e-81 0 0)
(9.87426e-81 0 0)
(9.87426e-81 0 0)
(9.87426e-81 0 0)
(9.87426e-81 0 0)
(9.87426e-81 0 0)
(9.87426e-81 0 0)
(9.87426e-81 0 0)
(9.87426e-81 0 0)
(9.87426e-81 0 0)
(9.87425e-81 0 0)
(9.85735e-81 0 0)
)
;
    }
    inlet
    {
        type            fixedValue;
        value           uniform (1 0 0);
    }
}


// ************************************************************************* //
