/*--------------------------------*- C++ -*----------------------------------*\
| =========                 |                                                 |
| \\      /  F ield         | OpenFOAM: The Open Source CFD Toolbox           |
|  \\    /   O peration     | Version:  4.1                                   |
|   \\  /    A nd           | Web:      www.OpenFOAM.org                      |
|    \\/     M anipulation  |                                                 |
\*---------------------------------------------------------------------------*/
FoamFile
{
    version     2.0;
    format      ascii;
    class       volVectorField;
    location    "3";
    object      U;
}
// * * * * * * * * * * * * * * * * * * * * * * * * * * * * * * * * * * * * * //

dimensions      [0 1 -1 0 0 0 0];

internalField   nonuniform List<vector> 
2000
(
(2.56326e-92 0 0)
(1.88704e-96 0 0)
(1.31834e-100 0 0)
(9.09769e-105 0 0)
(6.09922e-109 0 0)
(3.97825e-113 0 0)
(2.52795e-117 0 0)
(1.5669e-121 0 0)
(9.48434e-126 0 0)
(5.61216e-130 0 0)
(3.24966e-134 0 0)
(1.84302e-138 0 0)
(1.02466e-142 0 0)
(5.58902e-147 0 0)
(2.99312e-151 0 0)
(1.5749e-155 0 0)
(8.1472e-160 0 0)
(4.14632e-164 0 0)
(2.07716e-168 0 0)
(1.02488e-172 0 0)
(4.98312e-177 0 0)
(2.38873e-181 0 0)
(1.12948e-185 0 0)
(5.27018e-190 0 0)
(2.4277e-194 0 0)
(1.10449e-198 0 0)
(4.9647e-203 0 0)
(2.2057e-207 0 0)
(9.68884e-212 0 0)
(4.20936e-216 0 0)
(1.80932e-220 0 0)
(7.69667e-225 0 0)
(3.24118e-229 0 0)
(1.35157e-233 0 0)
(5.5824e-238 0 0)
(2.28436e-242 0 0)
(9.26347e-247 0 0)
(3.7235e-251 0 0)
(1.48387e-255 0 0)
(5.86428e-260 0 0)
(2.56364e-92 0 0)
(1.88758e-96 0 0)
(1.31889e-100 0 0)
(9.10259e-105 0 0)
(6.10322e-109 0 0)
(3.9813e-113 0 0)
(2.53015e-117 0 0)
(1.56842e-121 0 0)
(9.49447e-126 0 0)
(5.61868e-130 0 0)
(3.25372e-134 0 0)
(1.84549e-138 0 0)
(1.02612e-142 0 0)
(5.59743e-147 0 0)
(2.99786e-151 0 0)
(1.57751e-155 0 0)
(8.16133e-160 0 0)
(4.15381e-164 0 0)
(2.08107e-168 0 0)
(1.02688e-172 0 0)
(4.99318e-177 0 0)
(2.39371e-181 0 0)
(1.13191e-185 0 0)
(5.28186e-190 0 0)
(2.43324e-194 0 0)
(1.10708e-198 0 0)
(4.97663e-203 0 0)
(2.21113e-207 0 0)
(9.71331e-212 0 0)
(4.22024e-216 0 0)
(1.8141e-220 0 0)
(7.71746e-225 0 0)
(3.25012e-229 0 0)
(1.35537e-233 0 0)
(5.59842e-238 0 0)
(2.29104e-242 0 0)
(9.29108e-247 0 0)
(3.7348e-251 0 0)
(1.48845e-255 0 0)
(5.88271e-260 0 0)
(2.56553e-92 0 0)
(1.88892e-96 0 0)
(1.3198e-100 0 0)
(9.10869e-105 0 0)
(6.1072e-109 0 0)
(3.98383e-113 0 0)
(2.53172e-117 0 0)
(1.56937e-121 0 0)
(9.50009e-126 0 0)
(5.62193e-130 0 0)
(3.25557e-134 0 0)
(1.84651e-138 0 0)
(1.02668e-142 0 0)
(5.60042e-147 0 0)
(2.99944e-151 0 0)
(1.57833e-155 0 0)
(8.16549e-160 0 0)
(4.15589e-164 0 0)
(2.08209e-168 0 0)
(1.02738e-172 0 0)
(4.99557e-177 0 0)
(2.39485e-181 0 0)
(1.13244e-185 0 0)
(5.2843e-190 0 0)
(2.43435e-194 0 0)
(1.10758e-198 0 0)
(4.97885e-203 0 0)
(2.21211e-207 0 0)
(9.71753e-212 0 0)
(4.22205e-216 0 0)
(1.81488e-220 0 0)
(7.72071e-225 0 0)
(3.25148e-229 0 0)
(1.35593e-233 0 0)
(5.60072e-238 0 0)
(2.29197e-242 0 0)
(9.29483e-247 0 0)
(3.73629e-251 0 0)
(1.48904e-255 0 0)
(5.88502e-260 0 0)
(2.56553e-92 0 0)
(1.88892e-96 0 0)
(1.3198e-100 0 0)
(9.10869e-105 0 0)
(6.1072e-109 0 0)
(3.98383e-113 0 0)
(2.53172e-117 0 0)
(1.56937e-121 0 0)
(9.50009e-126 0 0)
(5.62193e-130 0 0)
(3.25557e-134 0 0)
(1.84651e-138 0 0)
(1.02668e-142 0 0)
(5.60042e-147 0 0)
(2.99944e-151 0 0)
(1.57833e-155 0 0)
(8.16549e-160 0 0)
(4.1559e-164 0 0)
(2.0821e-168 0 0)
(1.02738e-172 0 0)
(4.99557e-177 0 0)
(2.39485e-181 0 0)
(1.13244e-185 0 0)
(5.2843e-190 0 0)
(2.43435e-194 0 0)
(1.10758e-198 0 0)
(4.97885e-203 0 0)
(2.21211e-207 0 0)
(9.71754e-212 0 0)
(4.22206e-216 0 0)
(1.81488e-220 0 0)
(7.72072e-225 0 0)
(3.25148e-229 0 0)
(1.35593e-233 0 0)
(5.60072e-238 0 0)
(2.29198e-242 0 0)
(9.29483e-247 0 0)
(3.7363e-251 0 0)
(1.48904e-255 0 0)
(5.88503e-260 0 0)
(2.56553e-92 0 0)
(1.88892e-96 0 0)
(1.3198e-100 0 0)
(9.1087e-105 0 0)
(6.1072e-109 0 0)
(3.98383e-113 0 0)
(2.53172e-117 0 0)
(1.56937e-121 0 0)
(9.50009e-126 0 0)
(5.62193e-130 0 0)
(3.25557e-134 0 0)
(1.84651e-138 0 0)
(1.02668e-142 0 0)
(5.60043e-147 0 0)
(2.99944e-151 0 0)
(1.57833e-155 0 0)
(8.16549e-160 0 0)
(4.1559e-164 0 0)
(2.0821e-168 0 0)
(1.02738e-172 0 0)
(4.99557e-177 0 0)
(2.39485e-181 0 0)
(1.13244e-185 0 0)
(5.2843e-190 0 0)
(2.43435e-194 0 0)
(1.10758e-198 0 0)
(4.97885e-203 0 0)
(2.21211e-207 0 0)
(9.71754e-212 0 0)
(4.22206e-216 0 0)
(1.81488e-220 0 0)
(7.72072e-225 0 0)
(3.25148e-229 0 0)
(1.35593e-233 0 0)
(5.60072e-238 0 0)
(2.29198e-242 0 0)
(9.29483e-247 0 0)
(3.7363e-251 0 0)
(1.48904e-255 0 0)
(5.88503e-260 0 0)
(2.56553e-92 0 0)
(1.88892e-96 0 0)
(1.3198e-100 0 0)
(9.1087e-105 0 0)
(6.1072e-109 0 0)
(3.98383e-113 0 0)
(2.53172e-117 0 0)
(1.56937e-121 0 0)
(9.50009e-126 0 0)
(5.62193e-130 0 0)
(3.25557e-134 0 0)
(1.84651e-138 0 0)
(1.02668e-142 0 0)
(5.60043e-147 0 0)
(2.99944e-151 0 0)
(1.57833e-155 0 0)
(8.16549e-160 0 0)
(4.1559e-164 0 0)
(2.0821e-168 0 0)
(1.02738e-172 0 0)
(4.99557e-177 0 0)
(2.39485e-181 0 0)
(1.13244e-185 0 0)
(5.2843e-190 0 0)
(2.43435e-194 0 0)
(1.10758e-198 0 0)
(4.97885e-203 0 0)
(2.21211e-207 0 0)
(9.71754e-212 0 0)
(4.22206e-216 0 0)
(1.81488e-220 0 0)
(7.72072e-225 0 0)
(3.25148e-229 0 0)
(1.35593e-233 0 0)
(5.60072e-238 0 0)
(2.29198e-242 0 0)
(9.29483e-247 0 0)
(3.7363e-251 0 0)
(1.48904e-255 0 0)
(5.88503e-260 0 0)
(2.56553e-92 0 0)
(1.88892e-96 0 0)
(1.3198e-100 0 0)
(9.1087e-105 0 0)
(6.1072e-109 0 0)
(3.98383e-113 0 0)
(2.53172e-117 0 0)
(1.56937e-121 0 0)
(9.50009e-126 0 0)
(5.62193e-130 0 0)
(3.25557e-134 0 0)
(1.84651e-138 0 0)
(1.02668e-142 0 0)
(5.60043e-147 0 0)
(2.99944e-151 0 0)
(1.57833e-155 0 0)
(8.16549e-160 0 0)
(4.1559e-164 0 0)
(2.0821e-168 0 0)
(1.02738e-172 0 0)
(4.99557e-177 0 0)
(2.39485e-181 0 0)
(1.13244e-185 0 0)
(5.2843e-190 0 0)
(2.43435e-194 0 0)
(1.10758e-198 0 0)
(4.97885e-203 0 0)
(2.21211e-207 0 0)
(9.71754e-212 0 0)
(4.22206e-216 0 0)
(1.81488e-220 0 0)
(7.72072e-225 0 0)
(3.25148e-229 0 0)
(1.35593e-233 0 0)
(5.60072e-238 0 0)
(2.29198e-242 0 0)
(9.29483e-247 0 0)
(3.7363e-251 0 0)
(1.48904e-255 0 0)
(5.88503e-260 0 0)
(2.56553e-92 0 0)
(1.88892e-96 0 0)
(1.3198e-100 0 0)
(9.1087e-105 0 0)
(6.1072e-109 0 0)
(3.98383e-113 0 0)
(2.53172e-117 0 0)
(1.56937e-121 0 0)
(9.50009e-126 0 0)
(5.62193e-130 0 0)
(3.25557e-134 0 0)
(1.84651e-138 0 0)
(1.02668e-142 0 0)
(5.60043e-147 0 0)
(2.99944e-151 0 0)
(1.57833e-155 0 0)
(8.16549e-160 0 0)
(4.1559e-164 0 0)
(2.0821e-168 0 0)
(1.02738e-172 0 0)
(4.99557e-177 0 0)
(2.39485e-181 0 0)
(1.13244e-185 0 0)
(5.2843e-190 0 0)
(2.43435e-194 0 0)
(1.10758e-198 0 0)
(4.97885e-203 0 0)
(2.21211e-207 0 0)
(9.71754e-212 0 0)
(4.22206e-216 0 0)
(1.81488e-220 0 0)
(7.72072e-225 0 0)
(3.25148e-229 0 0)
(1.35593e-233 0 0)
(5.60072e-238 0 0)
(2.29198e-242 0 0)
(9.29483e-247 0 0)
(3.7363e-251 0 0)
(1.48904e-255 0 0)
(5.88503e-260 0 0)
(2.56553e-92 0 0)
(1.88892e-96 0 0)
(1.3198e-100 0 0)
(9.1087e-105 0 0)
(6.1072e-109 0 0)
(3.98383e-113 0 0)
(2.53172e-117 0 0)
(1.56937e-121 0 0)
(9.50009e-126 0 0)
(5.62193e-130 0 0)
(3.25557e-134 0 0)
(1.84651e-138 0 0)
(1.02668e-142 0 0)
(5.60043e-147 0 0)
(2.99944e-151 0 0)
(1.57833e-155 0 0)
(8.16549e-160 0 0)
(4.1559e-164 0 0)
(2.0821e-168 0 0)
(1.02738e-172 0 0)
(4.99557e-177 0 0)
(2.39485e-181 0 0)
(1.13244e-185 0 0)
(5.2843e-190 0 0)
(2.43435e-194 0 0)
(1.10758e-198 0 0)
(4.97885e-203 0 0)
(2.21211e-207 0 0)
(9.71754e-212 0 0)
(4.22206e-216 0 0)
(1.81488e-220 0 0)
(7.72072e-225 0 0)
(3.25148e-229 0 0)
(1.35593e-233 0 0)
(5.60072e-238 0 0)
(2.29198e-242 0 0)
(9.29483e-247 0 0)
(3.7363e-251 0 0)
(1.48904e-255 0 0)
(5.88503e-260 0 0)
(2.56553e-92 0 0)
(1.88892e-96 0 0)
(1.3198e-100 0 0)
(9.1087e-105 0 0)
(6.1072e-109 0 0)
(3.98383e-113 0 0)
(2.53172e-117 0 0)
(1.56937e-121 0 0)
(9.50009e-126 0 0)
(5.62193e-130 0 0)
(3.25557e-134 0 0)
(1.84651e-138 0 0)
(1.02668e-142 0 0)
(5.60043e-147 0 0)
(2.99944e-151 0 0)
(1.57833e-155 0 0)
(8.16549e-160 0 0)
(4.1559e-164 0 0)
(2.0821e-168 0 0)
(1.02738e-172 0 0)
(4.99557e-177 0 0)
(2.39485e-181 0 0)
(1.13244e-185 0 0)
(5.2843e-190 0 0)
(2.43435e-194 0 0)
(1.10758e-198 0 0)
(4.97885e-203 0 0)
(2.21211e-207 0 0)
(9.71754e-212 0 0)
(4.22206e-216 0 0)
(1.81488e-220 0 0)
(7.72072e-225 0 0)
(3.25148e-229 0 0)
(1.35593e-233 0 0)
(5.60072e-238 0 0)
(2.29198e-242 0 0)
(9.29483e-247 0 0)
(3.7363e-251 0 0)
(1.48904e-255 0 0)
(5.88503e-260 0 0)
(2.56553e-92 0 0)
(1.88892e-96 0 0)
(1.3198e-100 0 0)
(9.1087e-105 0 0)
(6.1072e-109 0 0)
(3.98383e-113 0 0)
(2.53172e-117 0 0)
(1.56937e-121 0 0)
(9.50009e-126 0 0)
(5.62193e-130 0 0)
(3.25557e-134 0 0)
(1.84651e-138 0 0)
(1.02668e-142 0 0)
(5.60043e-147 0 0)
(2.99944e-151 0 0)
(1.57833e-155 0 0)
(8.16549e-160 0 0)
(4.1559e-164 0 0)
(2.0821e-168 0 0)
(1.02738e-172 0 0)
(4.99557e-177 0 0)
(2.39485e-181 0 0)
(1.13244e-185 0 0)
(5.2843e-190 0 0)
(2.43435e-194 0 0)
(1.10758e-198 0 0)
(4.97885e-203 0 0)
(2.21211e-207 0 0)
(9.71754e-212 0 0)
(4.22206e-216 0 0)
(1.81488e-220 0 0)
(7.72072e-225 0 0)
(3.25148e-229 0 0)
(1.35593e-233 0 0)
(5.60072e-238 0 0)
(2.29198e-242 0 0)
(9.29483e-247 0 0)
(3.7363e-251 0 0)
(1.48904e-255 0 0)
(5.88503e-260 0 0)
(2.56553e-92 0 0)
(1.88892e-96 0 0)
(1.3198e-100 0 0)
(9.1087e-105 0 0)
(6.1072e-109 0 0)
(3.98383e-113 0 0)
(2.53172e-117 0 0)
(1.56937e-121 0 0)
(9.50009e-126 0 0)
(5.62193e-130 0 0)
(3.25557e-134 0 0)
(1.84651e-138 0 0)
(1.02668e-142 0 0)
(5.60043e-147 0 0)
(2.99944e-151 0 0)
(1.57833e-155 0 0)
(8.16549e-160 0 0)
(4.1559e-164 0 0)
(2.0821e-168 0 0)
(1.02738e-172 0 0)
(4.99557e-177 0 0)
(2.39485e-181 0 0)
(1.13244e-185 0 0)
(5.2843e-190 0 0)
(2.43435e-194 0 0)
(1.10758e-198 0 0)
(4.97885e-203 0 0)
(2.21211e-207 0 0)
(9.71754e-212 0 0)
(4.22206e-216 0 0)
(1.81488e-220 0 0)
(7.72072e-225 0 0)
(3.25148e-229 0 0)
(1.35593e-233 0 0)
(5.60072e-238 0 0)
(2.29198e-242 0 0)
(9.29483e-247 0 0)
(3.7363e-251 0 0)
(1.48904e-255 0 0)
(5.88503e-260 0 0)
(2.56553e-92 0 0)
(1.88892e-96 0 0)
(1.3198e-100 0 0)
(9.1087e-105 0 0)
(6.1072e-109 0 0)
(3.98383e-113 0 0)
(2.53172e-117 0 0)
(1.56937e-121 0 0)
(9.50009e-126 0 0)
(5.62193e-130 0 0)
(3.25557e-134 0 0)
(1.84651e-138 0 0)
(1.02668e-142 0 0)
(5.60043e-147 0 0)
(2.99944e-151 0 0)
(1.57833e-155 0 0)
(8.16549e-160 0 0)
(4.1559e-164 0 0)
(2.0821e-168 0 0)
(1.02738e-172 0 0)
(4.99557e-177 0 0)
(2.39485e-181 0 0)
(1.13244e-185 0 0)
(5.2843e-190 0 0)
(2.43435e-194 0 0)
(1.10758e-198 0 0)
(4.97885e-203 0 0)
(2.21211e-207 0 0)
(9.71754e-212 0 0)
(4.22206e-216 0 0)
(1.81488e-220 0 0)
(7.72072e-225 0 0)
(3.25148e-229 0 0)
(1.35593e-233 0 0)
(5.60072e-238 0 0)
(2.29198e-242 0 0)
(9.29483e-247 0 0)
(3.7363e-251 0 0)
(1.48904e-255 0 0)
(5.88503e-260 0 0)
(2.56553e-92 0 0)
(1.88892e-96 0 0)
(1.3198e-100 0 0)
(9.1087e-105 0 0)
(6.1072e-109 0 0)
(3.98383e-113 0 0)
(2.53172e-117 0 0)
(1.56937e-121 0 0)
(9.50009e-126 0 0)
(5.62193e-130 0 0)
(3.25557e-134 0 0)
(1.84651e-138 0 0)
(1.02668e-142 0 0)
(5.60043e-147 0 0)
(2.99944e-151 0 0)
(1.57833e-155 0 0)
(8.16549e-160 0 0)
(4.1559e-164 0 0)
(2.0821e-168 0 0)
(1.02738e-172 0 0)
(4.99557e-177 0 0)
(2.39485e-181 0 0)
(1.13244e-185 0 0)
(5.2843e-190 0 0)
(2.43435e-194 0 0)
(1.10758e-198 0 0)
(4.97885e-203 0 0)
(2.21211e-207 0 0)
(9.71754e-212 0 0)
(4.22206e-216 0 0)
(1.81488e-220 0 0)
(7.72072e-225 0 0)
(3.25148e-229 0 0)
(1.35593e-233 0 0)
(5.60072e-238 0 0)
(2.29198e-242 0 0)
(9.29483e-247 0 0)
(3.7363e-251 0 0)
(1.48904e-255 0 0)
(5.88503e-260 0 0)
(2.56553e-92 0 0)
(1.88892e-96 0 0)
(1.3198e-100 0 0)
(9.1087e-105 0 0)
(6.1072e-109 0 0)
(3.98383e-113 0 0)
(2.53172e-117 0 0)
(1.56937e-121 0 0)
(9.50009e-126 0 0)
(5.62193e-130 0 0)
(3.25557e-134 0 0)
(1.84651e-138 0 0)
(1.02668e-142 0 0)
(5.60043e-147 0 0)
(2.99944e-151 0 0)
(1.57833e-155 0 0)
(8.16549e-160 0 0)
(4.1559e-164 0 0)
(2.0821e-168 0 0)
(1.02738e-172 0 0)
(4.99557e-177 0 0)
(2.39485e-181 0 0)
(1.13244e-185 0 0)
(5.2843e-190 0 0)
(2.43435e-194 0 0)
(1.10758e-198 0 0)
(4.97885e-203 0 0)
(2.21211e-207 0 0)
(9.71754e-212 0 0)
(4.22206e-216 0 0)
(1.81488e-220 0 0)
(7.72072e-225 0 0)
(3.25148e-229 0 0)
(1.35593e-233 0 0)
(5.60072e-238 0 0)
(2.29198e-242 0 0)
(9.29483e-247 0 0)
(3.7363e-251 0 0)
(1.48904e-255 0 0)
(5.88503e-260 0 0)
(2.56553e-92 0 0)
(1.88892e-96 0 0)
(1.3198e-100 0 0)
(9.1087e-105 0 0)
(6.1072e-109 0 0)
(3.98383e-113 0 0)
(2.53172e-117 0 0)
(1.56937e-121 0 0)
(9.50009e-126 0 0)
(5.62193e-130 0 0)
(3.25557e-134 0 0)
(1.84651e-138 0 0)
(1.02668e-142 0 0)
(5.60043e-147 0 0)
(2.99944e-151 0 0)
(1.57833e-155 0 0)
(8.16549e-160 0 0)
(4.1559e-164 0 0)
(2.0821e-168 0 0)
(1.02738e-172 0 0)
(4.99557e-177 0 0)
(2.39485e-181 0 0)
(1.13244e-185 0 0)
(5.2843e-190 0 0)
(2.43435e-194 0 0)
(1.10758e-198 0 0)
(4.97885e-203 0 0)
(2.21211e-207 0 0)
(9.71754e-212 0 0)
(4.22206e-216 0 0)
(1.81488e-220 0 0)
(7.72072e-225 0 0)
(3.25148e-229 0 0)
(1.35593e-233 0 0)
(5.60072e-238 0 0)
(2.29198e-242 0 0)
(9.29483e-247 0 0)
(3.7363e-251 0 0)
(1.48904e-255 0 0)
(5.88503e-260 0 0)
(2.56553e-92 0 0)
(1.88892e-96 0 0)
(1.3198e-100 0 0)
(9.1087e-105 0 0)
(6.1072e-109 0 0)
(3.98383e-113 0 0)
(2.53172e-117 0 0)
(1.56937e-121 0 0)
(9.50009e-126 0 0)
(5.62193e-130 0 0)
(3.25557e-134 0 0)
(1.84651e-138 0 0)
(1.02668e-142 0 0)
(5.60043e-147 0 0)
(2.99944e-151 0 0)
(1.57833e-155 0 0)
(8.16549e-160 0 0)
(4.1559e-164 0 0)
(2.0821e-168 0 0)
(1.02738e-172 0 0)
(4.99557e-177 0 0)
(2.39485e-181 0 0)
(1.13244e-185 0 0)
(5.2843e-190 0 0)
(2.43435e-194 0 0)
(1.10758e-198 0 0)
(4.97885e-203 0 0)
(2.21211e-207 0 0)
(9.71754e-212 0 0)
(4.22206e-216 0 0)
(1.81488e-220 0 0)
(7.72072e-225 0 0)
(3.25148e-229 0 0)
(1.35593e-233 0 0)
(5.60072e-238 0 0)
(2.29198e-242 0 0)
(9.29483e-247 0 0)
(3.7363e-251 0 0)
(1.48904e-255 0 0)
(5.88503e-260 0 0)
(2.56553e-92 0 0)
(1.88892e-96 0 0)
(1.3198e-100 0 0)
(9.1087e-105 0 0)
(6.1072e-109 0 0)
(3.98383e-113 0 0)
(2.53172e-117 0 0)
(1.56937e-121 0 0)
(9.50009e-126 0 0)
(5.62193e-130 0 0)
(3.25557e-134 0 0)
(1.84651e-138 0 0)
(1.02668e-142 0 0)
(5.60043e-147 0 0)
(2.99944e-151 0 0)
(1.57833e-155 0 0)
(8.16549e-160 0 0)
(4.1559e-164 0 0)
(2.0821e-168 0 0)
(1.02738e-172 0 0)
(4.99557e-177 0 0)
(2.39485e-181 0 0)
(1.13244e-185 0 0)
(5.2843e-190 0 0)
(2.43435e-194 0 0)
(1.10758e-198 0 0)
(4.97885e-203 0 0)
(2.21211e-207 0 0)
(9.71754e-212 0 0)
(4.22206e-216 0 0)
(1.81488e-220 0 0)
(7.72072e-225 0 0)
(3.25148e-229 0 0)
(1.35593e-233 0 0)
(5.60072e-238 0 0)
(2.29198e-242 0 0)
(9.29483e-247 0 0)
(3.7363e-251 0 0)
(1.48904e-255 0 0)
(5.88503e-260 0 0)
(2.56553e-92 0 0)
(1.88892e-96 0 0)
(1.3198e-100 0 0)
(9.1087e-105 0 0)
(6.1072e-109 0 0)
(3.98383e-113 0 0)
(2.53172e-117 0 0)
(1.56937e-121 0 0)
(9.50009e-126 0 0)
(5.62193e-130 0 0)
(3.25557e-134 0 0)
(1.84651e-138 0 0)
(1.02668e-142 0 0)
(5.60043e-147 0 0)
(2.99944e-151 0 0)
(1.57833e-155 0 0)
(8.16549e-160 0 0)
(4.1559e-164 0 0)
(2.0821e-168 0 0)
(1.02738e-172 0 0)
(4.99557e-177 0 0)
(2.39485e-181 0 0)
(1.13244e-185 0 0)
(5.2843e-190 0 0)
(2.43435e-194 0 0)
(1.10758e-198 0 0)
(4.97885e-203 0 0)
(2.21211e-207 0 0)
(9.71754e-212 0 0)
(4.22206e-216 0 0)
(1.81488e-220 0 0)
(7.72072e-225 0 0)
(3.25148e-229 0 0)
(1.35593e-233 0 0)
(5.60072e-238 0 0)
(2.29198e-242 0 0)
(9.29483e-247 0 0)
(3.7363e-251 0 0)
(1.48904e-255 0 0)
(5.88503e-260 0 0)
(2.56553e-92 0 0)
(1.88892e-96 0 0)
(1.3198e-100 0 0)
(9.1087e-105 0 0)
(6.1072e-109 0 0)
(3.98383e-113 0 0)
(2.53172e-117 0 0)
(1.56937e-121 0 0)
(9.50009e-126 0 0)
(5.62193e-130 0 0)
(3.25557e-134 0 0)
(1.84651e-138 0 0)
(1.02668e-142 0 0)
(5.60043e-147 0 0)
(2.99944e-151 0 0)
(1.57833e-155 0 0)
(8.16549e-160 0 0)
(4.1559e-164 0 0)
(2.0821e-168 0 0)
(1.02738e-172 0 0)
(4.99557e-177 0 0)
(2.39485e-181 0 0)
(1.13244e-185 0 0)
(5.2843e-190 0 0)
(2.43435e-194 0 0)
(1.10758e-198 0 0)
(4.97885e-203 0 0)
(2.21211e-207 0 0)
(9.71754e-212 0 0)
(4.22206e-216 0 0)
(1.81488e-220 0 0)
(7.72072e-225 0 0)
(3.25148e-229 0 0)
(1.35593e-233 0 0)
(5.60072e-238 0 0)
(2.29198e-242 0 0)
(9.29483e-247 0 0)
(3.7363e-251 0 0)
(1.48904e-255 0 0)
(5.88503e-260 0 0)
(2.56553e-92 0 0)
(1.88892e-96 0 0)
(1.3198e-100 0 0)
(9.1087e-105 0 0)
(6.1072e-109 0 0)
(3.98383e-113 0 0)
(2.53172e-117 0 0)
(1.56937e-121 0 0)
(9.50009e-126 0 0)
(5.62193e-130 0 0)
(3.25557e-134 0 0)
(1.84651e-138 0 0)
(1.02668e-142 0 0)
(5.60043e-147 0 0)
(2.99944e-151 0 0)
(1.57833e-155 0 0)
(8.16549e-160 0 0)
(4.1559e-164 0 0)
(2.0821e-168 0 0)
(1.02738e-172 0 0)
(4.99557e-177 0 0)
(2.39485e-181 0 0)
(1.13244e-185 0 0)
(5.2843e-190 0 0)
(2.43435e-194 0 0)
(1.10758e-198 0 0)
(4.97885e-203 0 0)
(2.21211e-207 0 0)
(9.71754e-212 0 0)
(4.22206e-216 0 0)
(1.81488e-220 0 0)
(7.72072e-225 0 0)
(3.25148e-229 0 0)
(1.35593e-233 0 0)
(5.60072e-238 0 0)
(2.29198e-242 0 0)
(9.29483e-247 0 0)
(3.7363e-251 0 0)
(1.48904e-255 0 0)
(5.88503e-260 0 0)
(2.56553e-92 0 0)
(1.88892e-96 0 0)
(1.3198e-100 0 0)
(9.1087e-105 0 0)
(6.1072e-109 0 0)
(3.98383e-113 0 0)
(2.53172e-117 0 0)
(1.56937e-121 0 0)
(9.50009e-126 0 0)
(5.62193e-130 0 0)
(3.25557e-134 0 0)
(1.84651e-138 0 0)
(1.02668e-142 0 0)
(5.60043e-147 0 0)
(2.99944e-151 0 0)
(1.57833e-155 0 0)
(8.16549e-160 0 0)
(4.1559e-164 0 0)
(2.0821e-168 0 0)
(1.02738e-172 0 0)
(4.99557e-177 0 0)
(2.39485e-181 0 0)
(1.13244e-185 0 0)
(5.2843e-190 0 0)
(2.43435e-194 0 0)
(1.10758e-198 0 0)
(4.97885e-203 0 0)
(2.21211e-207 0 0)
(9.71754e-212 0 0)
(4.22206e-216 0 0)
(1.81488e-220 0 0)
(7.72072e-225 0 0)
(3.25148e-229 0 0)
(1.35593e-233 0 0)
(5.60072e-238 0 0)
(2.29198e-242 0 0)
(9.29483e-247 0 0)
(3.7363e-251 0 0)
(1.48904e-255 0 0)
(5.88503e-260 0 0)
(2.56553e-92 0 0)
(1.88892e-96 0 0)
(1.3198e-100 0 0)
(9.1087e-105 0 0)
(6.1072e-109 0 0)
(3.98383e-113 0 0)
(2.53172e-117 0 0)
(1.56937e-121 0 0)
(9.50009e-126 0 0)
(5.62193e-130 0 0)
(3.25557e-134 0 0)
(1.84651e-138 0 0)
(1.02668e-142 0 0)
(5.60043e-147 0 0)
(2.99944e-151 0 0)
(1.57833e-155 0 0)
(8.16549e-160 0 0)
(4.1559e-164 0 0)
(2.0821e-168 0 0)
(1.02738e-172 0 0)
(4.99557e-177 0 0)
(2.39485e-181 0 0)
(1.13244e-185 0 0)
(5.2843e-190 0 0)
(2.43435e-194 0 0)
(1.10758e-198 0 0)
(4.97885e-203 0 0)
(2.21211e-207 0 0)
(9.71754e-212 0 0)
(4.22206e-216 0 0)
(1.81488e-220 0 0)
(7.72072e-225 0 0)
(3.25148e-229 0 0)
(1.35593e-233 0 0)
(5.60072e-238 0 0)
(2.29198e-242 0 0)
(9.29483e-247 0 0)
(3.7363e-251 0 0)
(1.48904e-255 0 0)
(5.88503e-260 0 0)
(2.56553e-92 0 0)
(1.88892e-96 0 0)
(1.3198e-100 0 0)
(9.1087e-105 0 0)
(6.1072e-109 0 0)
(3.98383e-113 0 0)
(2.53172e-117 0 0)
(1.56937e-121 0 0)
(9.50009e-126 0 0)
(5.62193e-130 0 0)
(3.25557e-134 0 0)
(1.84651e-138 0 0)
(1.02668e-142 0 0)
(5.60043e-147 0 0)
(2.99944e-151 0 0)
(1.57833e-155 0 0)
(8.16549e-160 0 0)
(4.1559e-164 0 0)
(2.0821e-168 0 0)
(1.02738e-172 0 0)
(4.99557e-177 0 0)
(2.39485e-181 0 0)
(1.13244e-185 0 0)
(5.2843e-190 0 0)
(2.43435e-194 0 0)
(1.10758e-198 0 0)
(4.97885e-203 0 0)
(2.21211e-207 0 0)
(9.71754e-212 0 0)
(4.22206e-216 0 0)
(1.81488e-220 0 0)
(7.72072e-225 0 0)
(3.25148e-229 0 0)
(1.35593e-233 0 0)
(5.60072e-238 0 0)
(2.29198e-242 0 0)
(9.29483e-247 0 0)
(3.7363e-251 0 0)
(1.48904e-255 0 0)
(5.88503e-260 0 0)
(2.56553e-92 0 0)
(1.88892e-96 0 0)
(1.3198e-100 0 0)
(9.1087e-105 0 0)
(6.1072e-109 0 0)
(3.98383e-113 0 0)
(2.53172e-117 0 0)
(1.56937e-121 0 0)
(9.50009e-126 0 0)
(5.62193e-130 0 0)
(3.25557e-134 0 0)
(1.84651e-138 0 0)
(1.02668e-142 0 0)
(5.60043e-147 0 0)
(2.99944e-151 0 0)
(1.57833e-155 0 0)
(8.16549e-160 0 0)
(4.1559e-164 0 0)
(2.0821e-168 0 0)
(1.02738e-172 0 0)
(4.99557e-177 0 0)
(2.39485e-181 0 0)
(1.13244e-185 0 0)
(5.2843e-190 0 0)
(2.43435e-194 0 0)
(1.10758e-198 0 0)
(4.97885e-203 0 0)
(2.21211e-207 0 0)
(9.71754e-212 0 0)
(4.22206e-216 0 0)
(1.81488e-220 0 0)
(7.72072e-225 0 0)
(3.25148e-229 0 0)
(1.35593e-233 0 0)
(5.60072e-238 0 0)
(2.29198e-242 0 0)
(9.29483e-247 0 0)
(3.7363e-251 0 0)
(1.48904e-255 0 0)
(5.88503e-260 0 0)
(2.56553e-92 0 0)
(1.88892e-96 0 0)
(1.3198e-100 0 0)
(9.1087e-105 0 0)
(6.1072e-109 0 0)
(3.98383e-113 0 0)
(2.53172e-117 0 0)
(1.56937e-121 0 0)
(9.50009e-126 0 0)
(5.62193e-130 0 0)
(3.25557e-134 0 0)
(1.84651e-138 0 0)
(1.02668e-142 0 0)
(5.60043e-147 0 0)
(2.99944e-151 0 0)
(1.57833e-155 0 0)
(8.16549e-160 0 0)
(4.1559e-164 0 0)
(2.0821e-168 0 0)
(1.02738e-172 0 0)
(4.99557e-177 0 0)
(2.39485e-181 0 0)
(1.13244e-185 0 0)
(5.2843e-190 0 0)
(2.43435e-194 0 0)
(1.10758e-198 0 0)
(4.97885e-203 0 0)
(2.21211e-207 0 0)
(9.71754e-212 0 0)
(4.22206e-216 0 0)
(1.81488e-220 0 0)
(7.72072e-225 0 0)
(3.25148e-229 0 0)
(1.35593e-233 0 0)
(5.60072e-238 0 0)
(2.29198e-242 0 0)
(9.29483e-247 0 0)
(3.7363e-251 0 0)
(1.48904e-255 0 0)
(5.88503e-260 0 0)
(2.56553e-92 0 0)
(1.88892e-96 0 0)
(1.3198e-100 0 0)
(9.1087e-105 0 0)
(6.1072e-109 0 0)
(3.98383e-113 0 0)
(2.53172e-117 0 0)
(1.56937e-121 0 0)
(9.50009e-126 0 0)
(5.62193e-130 0 0)
(3.25557e-134 0 0)
(1.84651e-138 0 0)
(1.02668e-142 0 0)
(5.60043e-147 0 0)
(2.99944e-151 0 0)
(1.57833e-155 0 0)
(8.16549e-160 0 0)
(4.1559e-164 0 0)
(2.0821e-168 0 0)
(1.02738e-172 0 0)
(4.99557e-177 0 0)
(2.39485e-181 0 0)
(1.13244e-185 0 0)
(5.2843e-190 0 0)
(2.43435e-194 0 0)
(1.10758e-198 0 0)
(4.97885e-203 0 0)
(2.21211e-207 0 0)
(9.71754e-212 0 0)
(4.22206e-216 0 0)
(1.81488e-220 0 0)
(7.72072e-225 0 0)
(3.25148e-229 0 0)
(1.35593e-233 0 0)
(5.60072e-238 0 0)
(2.29198e-242 0 0)
(9.29483e-247 0 0)
(3.7363e-251 0 0)
(1.48904e-255 0 0)
(5.88503e-260 0 0)
(2.56553e-92 0 0)
(1.88892e-96 0 0)
(1.3198e-100 0 0)
(9.1087e-105 0 0)
(6.1072e-109 0 0)
(3.98383e-113 0 0)
(2.53172e-117 0 0)
(1.56937e-121 0 0)
(9.50009e-126 0 0)
(5.62193e-130 0 0)
(3.25557e-134 0 0)
(1.84651e-138 0 0)
(1.02668e-142 0 0)
(5.60043e-147 0 0)
(2.99944e-151 0 0)
(1.57833e-155 0 0)
(8.16549e-160 0 0)
(4.1559e-164 0 0)
(2.0821e-168 0 0)
(1.02738e-172 0 0)
(4.99557e-177 0 0)
(2.39485e-181 0 0)
(1.13244e-185 0 0)
(5.2843e-190 0 0)
(2.43435e-194 0 0)
(1.10758e-198 0 0)
(4.97885e-203 0 0)
(2.21211e-207 0 0)
(9.71754e-212 0 0)
(4.22206e-216 0 0)
(1.81488e-220 0 0)
(7.72072e-225 0 0)
(3.25148e-229 0 0)
(1.35593e-233 0 0)
(5.60072e-238 0 0)
(2.29198e-242 0 0)
(9.29483e-247 0 0)
(3.7363e-251 0 0)
(1.48904e-255 0 0)
(5.88503e-260 0 0)
(2.56553e-92 0 0)
(1.88892e-96 0 0)
(1.3198e-100 0 0)
(9.1087e-105 0 0)
(6.1072e-109 0 0)
(3.98383e-113 0 0)
(2.53172e-117 0 0)
(1.56937e-121 0 0)
(9.50009e-126 0 0)
(5.62193e-130 0 0)
(3.25557e-134 0 0)
(1.84651e-138 0 0)
(1.02668e-142 0 0)
(5.60043e-147 0 0)
(2.99944e-151 0 0)
(1.57833e-155 0 0)
(8.16549e-160 0 0)
(4.1559e-164 0 0)
(2.0821e-168 0 0)
(1.02738e-172 0 0)
(4.99557e-177 0 0)
(2.39485e-181 0 0)
(1.13244e-185 0 0)
(5.2843e-190 0 0)
(2.43435e-194 0 0)
(1.10758e-198 0 0)
(4.97885e-203 0 0)
(2.21211e-207 0 0)
(9.71754e-212 0 0)
(4.22206e-216 0 0)
(1.81488e-220 0 0)
(7.72072e-225 0 0)
(3.25148e-229 0 0)
(1.35593e-233 0 0)
(5.60072e-238 0 0)
(2.29198e-242 0 0)
(9.29483e-247 0 0)
(3.7363e-251 0 0)
(1.48904e-255 0 0)
(5.88503e-260 0 0)
(2.56553e-92 0 0)
(1.88892e-96 0 0)
(1.3198e-100 0 0)
(9.1087e-105 0 0)
(6.1072e-109 0 0)
(3.98383e-113 0 0)
(2.53172e-117 0 0)
(1.56937e-121 0 0)
(9.50009e-126 0 0)
(5.62193e-130 0 0)
(3.25557e-134 0 0)
(1.84651e-138 0 0)
(1.02668e-142 0 0)
(5.60043e-147 0 0)
(2.99944e-151 0 0)
(1.57833e-155 0 0)
(8.16549e-160 0 0)
(4.1559e-164 0 0)
(2.0821e-168 0 0)
(1.02738e-172 0 0)
(4.99557e-177 0 0)
(2.39485e-181 0 0)
(1.13244e-185 0 0)
(5.2843e-190 0 0)
(2.43435e-194 0 0)
(1.10758e-198 0 0)
(4.97885e-203 0 0)
(2.21211e-207 0 0)
(9.71754e-212 0 0)
(4.22206e-216 0 0)
(1.81488e-220 0 0)
(7.72072e-225 0 0)
(3.25148e-229 0 0)
(1.35593e-233 0 0)
(5.60072e-238 0 0)
(2.29198e-242 0 0)
(9.29483e-247 0 0)
(3.7363e-251 0 0)
(1.48904e-255 0 0)
(5.88503e-260 0 0)
(2.56553e-92 0 0)
(1.88892e-96 0 0)
(1.3198e-100 0 0)
(9.1087e-105 0 0)
(6.1072e-109 0 0)
(3.98383e-113 0 0)
(2.53172e-117 0 0)
(1.56937e-121 0 0)
(9.50009e-126 0 0)
(5.62193e-130 0 0)
(3.25557e-134 0 0)
(1.84651e-138 0 0)
(1.02668e-142 0 0)
(5.60043e-147 0 0)
(2.99944e-151 0 0)
(1.57833e-155 0 0)
(8.16549e-160 0 0)
(4.1559e-164 0 0)
(2.0821e-168 0 0)
(1.02738e-172 0 0)
(4.99557e-177 0 0)
(2.39485e-181 0 0)
(1.13244e-185 0 0)
(5.2843e-190 0 0)
(2.43435e-194 0 0)
(1.10758e-198 0 0)
(4.97885e-203 0 0)
(2.21211e-207 0 0)
(9.71754e-212 0 0)
(4.22206e-216 0 0)
(1.81488e-220 0 0)
(7.72072e-225 0 0)
(3.25148e-229 0 0)
(1.35593e-233 0 0)
(5.60072e-238 0 0)
(2.29198e-242 0 0)
(9.29483e-247 0 0)
(3.7363e-251 0 0)
(1.48904e-255 0 0)
(5.88503e-260 0 0)
(2.56553e-92 0 0)
(1.88892e-96 0 0)
(1.3198e-100 0 0)
(9.1087e-105 0 0)
(6.1072e-109 0 0)
(3.98383e-113 0 0)
(2.53172e-117 0 0)
(1.56937e-121 0 0)
(9.50009e-126 0 0)
(5.62193e-130 0 0)
(3.25557e-134 0 0)
(1.84651e-138 0 0)
(1.02668e-142 0 0)
(5.60043e-147 0 0)
(2.99944e-151 0 0)
(1.57833e-155 0 0)
(8.16549e-160 0 0)
(4.1559e-164 0 0)
(2.0821e-168 0 0)
(1.02738e-172 0 0)
(4.99557e-177 0 0)
(2.39485e-181 0 0)
(1.13244e-185 0 0)
(5.2843e-190 0 0)
(2.43435e-194 0 0)
(1.10758e-198 0 0)
(4.97885e-203 0 0)
(2.21211e-207 0 0)
(9.71754e-212 0 0)
(4.22206e-216 0 0)
(1.81488e-220 0 0)
(7.72072e-225 0 0)
(3.25148e-229 0 0)
(1.35593e-233 0 0)
(5.60072e-238 0 0)
(2.29198e-242 0 0)
(9.29483e-247 0 0)
(3.7363e-251 0 0)
(1.48904e-255 0 0)
(5.88503e-260 0 0)
(2.56553e-92 0 0)
(1.88892e-96 0 0)
(1.3198e-100 0 0)
(9.1087e-105 0 0)
(6.1072e-109 0 0)
(3.98383e-113 0 0)
(2.53172e-117 0 0)
(1.56937e-121 0 0)
(9.50009e-126 0 0)
(5.62193e-130 0 0)
(3.25557e-134 0 0)
(1.84651e-138 0 0)
(1.02668e-142 0 0)
(5.60043e-147 0 0)
(2.99944e-151 0 0)
(1.57833e-155 0 0)
(8.16549e-160 0 0)
(4.1559e-164 0 0)
(2.0821e-168 0 0)
(1.02738e-172 0 0)
(4.99557e-177 0 0)
(2.39485e-181 0 0)
(1.13244e-185 0 0)
(5.2843e-190 0 0)
(2.43435e-194 0 0)
(1.10758e-198 0 0)
(4.97885e-203 0 0)
(2.21211e-207 0 0)
(9.71754e-212 0 0)
(4.22206e-216 0 0)
(1.81488e-220 0 0)
(7.72072e-225 0 0)
(3.25148e-229 0 0)
(1.35593e-233 0 0)
(5.60072e-238 0 0)
(2.29198e-242 0 0)
(9.29483e-247 0 0)
(3.7363e-251 0 0)
(1.48904e-255 0 0)
(5.88503e-260 0 0)
(2.56553e-92 0 0)
(1.88892e-96 0 0)
(1.3198e-100 0 0)
(9.1087e-105 0 0)
(6.1072e-109 0 0)
(3.98383e-113 0 0)
(2.53172e-117 0 0)
(1.56937e-121 0 0)
(9.50009e-126 0 0)
(5.62193e-130 0 0)
(3.25557e-134 0 0)
(1.84651e-138 0 0)
(1.02668e-142 0 0)
(5.60043e-147 0 0)
(2.99944e-151 0 0)
(1.57833e-155 0 0)
(8.16549e-160 0 0)
(4.1559e-164 0 0)
(2.0821e-168 0 0)
(1.02738e-172 0 0)
(4.99557e-177 0 0)
(2.39485e-181 0 0)
(1.13244e-185 0 0)
(5.2843e-190 0 0)
(2.43435e-194 0 0)
(1.10758e-198 0 0)
(4.97885e-203 0 0)
(2.21211e-207 0 0)
(9.71754e-212 0 0)
(4.22206e-216 0 0)
(1.81488e-220 0 0)
(7.72072e-225 0 0)
(3.25148e-229 0 0)
(1.35593e-233 0 0)
(5.60072e-238 0 0)
(2.29198e-242 0 0)
(9.29483e-247 0 0)
(3.7363e-251 0 0)
(1.48904e-255 0 0)
(5.88503e-260 0 0)
(2.56553e-92 0 0)
(1.88892e-96 0 0)
(1.3198e-100 0 0)
(9.1087e-105 0 0)
(6.1072e-109 0 0)
(3.98383e-113 0 0)
(2.53172e-117 0 0)
(1.56937e-121 0 0)
(9.50009e-126 0 0)
(5.62193e-130 0 0)
(3.25557e-134 0 0)
(1.84651e-138 0 0)
(1.02668e-142 0 0)
(5.60043e-147 0 0)
(2.99944e-151 0 0)
(1.57833e-155 0 0)
(8.16549e-160 0 0)
(4.1559e-164 0 0)
(2.0821e-168 0 0)
(1.02738e-172 0 0)
(4.99557e-177 0 0)
(2.39485e-181 0 0)
(1.13244e-185 0 0)
(5.2843e-190 0 0)
(2.43435e-194 0 0)
(1.10758e-198 0 0)
(4.97885e-203 0 0)
(2.21211e-207 0 0)
(9.71754e-212 0 0)
(4.22206e-216 0 0)
(1.81488e-220 0 0)
(7.72072e-225 0 0)
(3.25148e-229 0 0)
(1.35593e-233 0 0)
(5.60072e-238 0 0)
(2.29198e-242 0 0)
(9.29483e-247 0 0)
(3.7363e-251 0 0)
(1.48904e-255 0 0)
(5.88503e-260 0 0)
(2.56553e-92 0 0)
(1.88892e-96 0 0)
(1.3198e-100 0 0)
(9.1087e-105 0 0)
(6.1072e-109 0 0)
(3.98383e-113 0 0)
(2.53172e-117 0 0)
(1.56937e-121 0 0)
(9.50009e-126 0 0)
(5.62193e-130 0 0)
(3.25557e-134 0 0)
(1.84651e-138 0 0)
(1.02668e-142 0 0)
(5.60043e-147 0 0)
(2.99944e-151 0 0)
(1.57833e-155 0 0)
(8.16549e-160 0 0)
(4.1559e-164 0 0)
(2.0821e-168 0 0)
(1.02738e-172 0 0)
(4.99557e-177 0 0)
(2.39485e-181 0 0)
(1.13244e-185 0 0)
(5.2843e-190 0 0)
(2.43435e-194 0 0)
(1.10758e-198 0 0)
(4.97885e-203 0 0)
(2.21211e-207 0 0)
(9.71754e-212 0 0)
(4.22206e-216 0 0)
(1.81488e-220 0 0)
(7.72072e-225 0 0)
(3.25148e-229 0 0)
(1.35593e-233 0 0)
(5.60072e-238 0 0)
(2.29198e-242 0 0)
(9.29483e-247 0 0)
(3.7363e-251 0 0)
(1.48904e-255 0 0)
(5.88503e-260 0 0)
(2.56553e-92 0 0)
(1.88892e-96 0 0)
(1.3198e-100 0 0)
(9.10869e-105 0 0)
(6.1072e-109 0 0)
(3.98383e-113 0 0)
(2.53172e-117 0 0)
(1.56937e-121 0 0)
(9.50009e-126 0 0)
(5.62193e-130 0 0)
(3.25557e-134 0 0)
(1.84651e-138 0 0)
(1.02668e-142 0 0)
(5.60042e-147 0 0)
(2.99944e-151 0 0)
(1.57833e-155 0 0)
(8.16549e-160 0 0)
(4.1559e-164 0 0)
(2.0821e-168 0 0)
(1.02738e-172 0 0)
(4.99557e-177 0 0)
(2.39485e-181 0 0)
(1.13244e-185 0 0)
(5.2843e-190 0 0)
(2.43435e-194 0 0)
(1.10758e-198 0 0)
(4.97885e-203 0 0)
(2.21211e-207 0 0)
(9.71754e-212 0 0)
(4.22206e-216 0 0)
(1.81488e-220 0 0)
(7.72072e-225 0 0)
(3.25148e-229 0 0)
(1.35593e-233 0 0)
(5.60072e-238 0 0)
(2.29198e-242 0 0)
(9.29483e-247 0 0)
(3.7363e-251 0 0)
(1.48904e-255 0 0)
(5.88503e-260 0 0)
(2.56553e-92 0 0)
(1.88892e-96 0 0)
(1.3198e-100 0 0)
(9.10869e-105 0 0)
(6.1072e-109 0 0)
(3.98383e-113 0 0)
(2.53172e-117 0 0)
(1.56937e-121 0 0)
(9.50009e-126 0 0)
(5.62193e-130 0 0)
(3.25557e-134 0 0)
(1.84651e-138 0 0)
(1.02668e-142 0 0)
(5.60042e-147 0 0)
(2.99944e-151 0 0)
(1.57833e-155 0 0)
(8.16549e-160 0 0)
(4.15589e-164 0 0)
(2.08209e-168 0 0)
(1.02738e-172 0 0)
(4.99557e-177 0 0)
(2.39485e-181 0 0)
(1.13244e-185 0 0)
(5.2843e-190 0 0)
(2.43435e-194 0 0)
(1.10758e-198 0 0)
(4.97885e-203 0 0)
(2.21211e-207 0 0)
(9.71753e-212 0 0)
(4.22205e-216 0 0)
(1.81488e-220 0 0)
(7.72071e-225 0 0)
(3.25148e-229 0 0)
(1.35593e-233 0 0)
(5.60072e-238 0 0)
(2.29197e-242 0 0)
(9.29483e-247 0 0)
(3.73629e-251 0 0)
(1.48904e-255 0 0)
(5.88502e-260 0 0)
(2.56364e-92 0 0)
(1.88758e-96 0 0)
(1.31889e-100 0 0)
(9.10261e-105 0 0)
(6.10323e-109 0 0)
(3.98131e-113 0 0)
(2.53016e-117 0 0)
(1.56842e-121 0 0)
(9.4945e-126 0 0)
(5.61869e-130 0 0)
(3.25374e-134 0 0)
(1.84549e-138 0 0)
(1.02612e-142 0 0)
(5.59745e-147 0 0)
(2.99787e-151 0 0)
(1.57752e-155 0 0)
(8.16138e-160 0 0)
(4.15384e-164 0 0)
(2.08108e-168 0 0)
(1.02689e-172 0 0)
(4.99321e-177 0 0)
(2.39373e-181 0 0)
(1.13192e-185 0 0)
(5.2819e-190 0 0)
(2.43326e-194 0 0)
(1.10709e-198 0 0)
(4.97667e-203 0 0)
(2.21115e-207 0 0)
(9.71339e-212 0 0)
(4.22028e-216 0 0)
(1.81412e-220 0 0)
(7.71753e-225 0 0)
(3.25015e-229 0 0)
(1.35538e-233 0 0)
(5.59848e-238 0 0)
(2.29107e-242 0 0)
(9.29119e-247 0 0)
(3.73484e-251 0 0)
(1.48847e-255 0 0)
(5.88278e-260 0 0)
(2.56327e-92 0 0)
(1.88705e-96 0 0)
(1.31834e-100 0 0)
(9.09771e-105 0 0)
(6.09924e-109 0 0)
(3.97827e-113 0 0)
(2.52796e-117 0 0)
(1.56691e-121 0 0)
(9.48441e-126 0 0)
(5.6122e-130 0 0)
(3.24969e-134 0 0)
(1.84304e-138 0 0)
(1.02467e-142 0 0)
(5.5891e-147 0 0)
(2.99317e-151 0 0)
(1.57493e-155 0 0)
(8.14736e-160 0 0)
(4.14641e-164 0 0)
(2.07721e-168 0 0)
(1.02491e-172 0 0)
(4.98327e-177 0 0)
(2.38881e-181 0 0)
(1.12952e-185 0 0)
(5.27038e-190 0 0)
(2.4278e-194 0 0)
(1.10454e-198 0 0)
(4.96493e-203 0 0)
(2.20581e-207 0 0)
(9.68937e-212 0 0)
(4.20961e-216 0 0)
(1.80943e-220 0 0)
(7.69718e-225 0 0)
(3.24141e-229 0 0)
(1.35167e-233 0 0)
(5.58284e-238 0 0)
(2.28455e-242 0 0)
(9.26429e-247 0 0)
(3.72385e-251 0 0)
(1.48401e-255 0 0)
(5.86489e-260 0 0)
(0.000599451 0 0)
(9.13961e-08 0 0)
(9.4431e-12 0 0)
(7.43581e-16 0 0)
(4.75861e-20 0 0)
(2.57745e-24 0 0)
(1.21503e-28 0 0)
(5.08771e-33 0 0)
(1.92195e-37 0 0)
(6.63049e-42 0 0)
(2.10963e-46 0 0)
(6.24079e-51 0 0)
(1.72816e-55 0 0)
(4.50543e-60 0 0)
(1.11131e-64 0 0)
(2.60455e-69 0 0)
(5.82176e-74 0 0)
(1.24517e-78 0 0)
(2.55581e-83 0 0)
(5.04755e-88 0 0)
(0.000599634 0 0)
(9.14338e-08 0 0)
(9.44756e-12 0 0)
(7.43962e-16 0 0)
(4.76119e-20 0 0)
(2.5789e-24 0 0)
(1.21574e-28 0 0)
(5.09078e-33 0 0)
(1.92314e-37 0 0)
(6.63471e-42 0 0)
(2.111e-46 0 0)
(6.24493e-51 0 0)
(1.72933e-55 0 0)
(4.50854e-60 0 0)
(1.11209e-64 0 0)
(2.60641e-69 0 0)
(5.82599e-74 0 0)
(1.24609e-78 0 0)
(2.55773e-83 0 0)
(5.0514e-88 0 0)
(0.000599634 0 0)
(9.14338e-08 0 0)
(9.44756e-12 0 0)
(7.43962e-16 0 0)
(4.76119e-20 0 0)
(2.5789e-24 0 0)
(1.21574e-28 0 0)
(5.09078e-33 0 0)
(1.92314e-37 0 0)
(6.63471e-42 0 0)
(2.111e-46 0 0)
(6.24493e-51 0 0)
(1.72933e-55 0 0)
(4.50854e-60 0 0)
(1.11209e-64 0 0)
(2.60641e-69 0 0)
(5.82599e-74 0 0)
(1.24609e-78 0 0)
(2.55773e-83 0 0)
(5.0514e-88 0 0)
(0.000599634 0 0)
(9.14338e-08 0 0)
(9.44756e-12 0 0)
(7.43962e-16 0 0)
(4.76119e-20 0 0)
(2.5789e-24 0 0)
(1.21574e-28 0 0)
(5.09078e-33 0 0)
(1.92314e-37 0 0)
(6.63471e-42 0 0)
(2.111e-46 0 0)
(6.24493e-51 0 0)
(1.72933e-55 0 0)
(4.50854e-60 0 0)
(1.11209e-64 0 0)
(2.60641e-69 0 0)
(5.82599e-74 0 0)
(1.24609e-78 0 0)
(2.55773e-83 0 0)
(5.0514e-88 0 0)
(0.000599634 0 0)
(9.14338e-08 0 0)
(9.44756e-12 0 0)
(7.43962e-16 0 0)
(4.76119e-20 0 0)
(2.5789e-24 0 0)
(1.21574e-28 0 0)
(5.09078e-33 0 0)
(1.92314e-37 0 0)
(6.63471e-42 0 0)
(2.111e-46 0 0)
(6.24493e-51 0 0)
(1.72933e-55 0 0)
(4.50854e-60 0 0)
(1.11209e-64 0 0)
(2.60641e-69 0 0)
(5.82599e-74 0 0)
(1.24609e-78 0 0)
(2.55773e-83 0 0)
(5.0514e-88 0 0)
(0.000599634 0 0)
(9.14338e-08 0 0)
(9.44756e-12 0 0)
(7.43962e-16 0 0)
(4.76119e-20 0 0)
(2.5789e-24 0 0)
(1.21574e-28 0 0)
(5.09078e-33 0 0)
(1.92314e-37 0 0)
(6.63471e-42 0 0)
(2.111e-46 0 0)
(6.24493e-51 0 0)
(1.72933e-55 0 0)
(4.50854e-60 0 0)
(1.11209e-64 0 0)
(2.60641e-69 0 0)
(5.82599e-74 0 0)
(1.24609e-78 0 0)
(2.55773e-83 0 0)
(5.0514e-88 0 0)
(0.000599634 0 0)
(9.14338e-08 0 0)
(9.44756e-12 0 0)
(7.43962e-16 0 0)
(4.76119e-20 0 0)
(2.5789e-24 0 0)
(1.21574e-28 0 0)
(5.09078e-33 0 0)
(1.92314e-37 0 0)
(6.63471e-42 0 0)
(2.111e-46 0 0)
(6.24493e-51 0 0)
(1.72933e-55 0 0)
(4.50854e-60 0 0)
(1.11209e-64 0 0)
(2.60641e-69 0 0)
(5.82599e-74 0 0)
(1.24609e-78 0 0)
(2.55773e-83 0 0)
(5.0514e-88 0 0)
(0.000599634 0 0)
(9.14338e-08 0 0)
(9.44756e-12 0 0)
(7.43962e-16 0 0)
(4.76119e-20 0 0)
(2.5789e-24 0 0)
(1.21574e-28 0 0)
(5.09078e-33 0 0)
(1.92314e-37 0 0)
(6.63471e-42 0 0)
(2.111e-46 0 0)
(6.24493e-51 0 0)
(1.72933e-55 0 0)
(4.50854e-60 0 0)
(1.11209e-64 0 0)
(2.60641e-69 0 0)
(5.82599e-74 0 0)
(1.24609e-78 0 0)
(2.55773e-83 0 0)
(5.0514e-88 0 0)
(0.000599634 0 0)
(9.14338e-08 0 0)
(9.44756e-12 0 0)
(7.43962e-16 0 0)
(4.76119e-20 0 0)
(2.5789e-24 0 0)
(1.21574e-28 0 0)
(5.09078e-33 0 0)
(1.92314e-37 0 0)
(6.63471e-42 0 0)
(2.111e-46 0 0)
(6.24493e-51 0 0)
(1.72933e-55 0 0)
(4.50854e-60 0 0)
(1.11209e-64 0 0)
(2.60641e-69 0 0)
(5.82599e-74 0 0)
(1.24609e-78 0 0)
(2.55773e-83 0 0)
(5.0514e-88 0 0)
(0.000599634 0 0)
(9.14338e-08 0 0)
(9.44756e-12 0 0)
(7.43962e-16 0 0)
(4.76119e-20 0 0)
(2.5789e-24 0 0)
(1.21574e-28 0 0)
(5.09078e-33 0 0)
(1.92314e-37 0 0)
(6.63471e-42 0 0)
(2.111e-46 0 0)
(6.24493e-51 0 0)
(1.72933e-55 0 0)
(4.50854e-60 0 0)
(1.11209e-64 0 0)
(2.60641e-69 0 0)
(5.82599e-74 0 0)
(1.24609e-78 0 0)
(2.55773e-83 0 0)
(5.0514e-88 0 0)
(0.000599634 0 0)
(9.14338e-08 0 0)
(9.44756e-12 0 0)
(7.43962e-16 0 0)
(4.76119e-20 0 0)
(2.5789e-24 0 0)
(1.21574e-28 0 0)
(5.09078e-33 0 0)
(1.92314e-37 0 0)
(6.63471e-42 0 0)
(2.111e-46 0 0)
(6.24493e-51 0 0)
(1.72933e-55 0 0)
(4.50854e-60 0 0)
(1.11209e-64 0 0)
(2.60641e-69 0 0)
(5.82599e-74 0 0)
(1.24609e-78 0 0)
(2.55773e-83 0 0)
(5.0514e-88 0 0)
(0.000599634 0 0)
(9.14338e-08 0 0)
(9.44756e-12 0 0)
(7.43962e-16 0 0)
(4.76119e-20 0 0)
(2.5789e-24 0 0)
(1.21574e-28 0 0)
(5.09078e-33 0 0)
(1.92314e-37 0 0)
(6.63471e-42 0 0)
(2.111e-46 0 0)
(6.24493e-51 0 0)
(1.72933e-55 0 0)
(4.50854e-60 0 0)
(1.11209e-64 0 0)
(2.60641e-69 0 0)
(5.82599e-74 0 0)
(1.24609e-78 0 0)
(2.55773e-83 0 0)
(5.0514e-88 0 0)
(0.000599634 0 0)
(9.14338e-08 0 0)
(9.44756e-12 0 0)
(7.43962e-16 0 0)
(4.76119e-20 0 0)
(2.5789e-24 0 0)
(1.21574e-28 0 0)
(5.09078e-33 0 0)
(1.92314e-37 0 0)
(6.63471e-42 0 0)
(2.111e-46 0 0)
(6.24493e-51 0 0)
(1.72933e-55 0 0)
(4.50854e-60 0 0)
(1.11209e-64 0 0)
(2.60641e-69 0 0)
(5.82599e-74 0 0)
(1.24609e-78 0 0)
(2.55773e-83 0 0)
(5.0514e-88 0 0)
(0.000599634 0 0)
(9.14338e-08 0 0)
(9.44756e-12 0 0)
(7.43962e-16 0 0)
(4.76119e-20 0 0)
(2.5789e-24 0 0)
(1.21574e-28 0 0)
(5.09078e-33 0 0)
(1.92314e-37 0 0)
(6.63471e-42 0 0)
(2.111e-46 0 0)
(6.24493e-51 0 0)
(1.72933e-55 0 0)
(4.50854e-60 0 0)
(1.11209e-64 0 0)
(2.60641e-69 0 0)
(5.82599e-74 0 0)
(1.24609e-78 0 0)
(2.55773e-83 0 0)
(5.0514e-88 0 0)
(0.000599634 0 0)
(9.14338e-08 0 0)
(9.44756e-12 0 0)
(7.43962e-16 0 0)
(4.76119e-20 0 0)
(2.5789e-24 0 0)
(1.21574e-28 0 0)
(5.09078e-33 0 0)
(1.92314e-37 0 0)
(6.63471e-42 0 0)
(2.111e-46 0 0)
(6.24493e-51 0 0)
(1.72933e-55 0 0)
(4.50854e-60 0 0)
(1.11209e-64 0 0)
(2.60641e-69 0 0)
(5.82599e-74 0 0)
(1.24609e-78 0 0)
(2.55773e-83 0 0)
(5.0514e-88 0 0)
(0.000599634 0 0)
(9.14338e-08 0 0)
(9.44756e-12 0 0)
(7.43962e-16 0 0)
(4.76119e-20 0 0)
(2.5789e-24 0 0)
(1.21574e-28 0 0)
(5.09078e-33 0 0)
(1.92314e-37 0 0)
(6.63471e-42 0 0)
(2.111e-46 0 0)
(6.24493e-51 0 0)
(1.72933e-55 0 0)
(4.50854e-60 0 0)
(1.11209e-64 0 0)
(2.60641e-69 0 0)
(5.82599e-74 0 0)
(1.24609e-78 0 0)
(2.55773e-83 0 0)
(5.0514e-88 0 0)
(0.000599634 0 0)
(9.14338e-08 0 0)
(9.44756e-12 0 0)
(7.43962e-16 0 0)
(4.76119e-20 0 0)
(2.5789e-24 0 0)
(1.21574e-28 0 0)
(5.09078e-33 0 0)
(1.92314e-37 0 0)
(6.63471e-42 0 0)
(2.111e-46 0 0)
(6.24493e-51 0 0)
(1.72933e-55 0 0)
(4.50854e-60 0 0)
(1.11209e-64 0 0)
(2.60641e-69 0 0)
(5.82599e-74 0 0)
(1.24609e-78 0 0)
(2.55773e-83 0 0)
(5.0514e-88 0 0)
(0.000599634 0 0)
(9.14338e-08 0 0)
(9.44756e-12 0 0)
(7.43962e-16 0 0)
(4.76119e-20 0 0)
(2.5789e-24 0 0)
(1.21574e-28 0 0)
(5.09078e-33 0 0)
(1.92314e-37 0 0)
(6.63471e-42 0 0)
(2.111e-46 0 0)
(6.24493e-51 0 0)
(1.72933e-55 0 0)
(4.50854e-60 0 0)
(1.11209e-64 0 0)
(2.60641e-69 0 0)
(5.82599e-74 0 0)
(1.24609e-78 0 0)
(2.55773e-83 0 0)
(5.0514e-88 0 0)
(0.000599634 0 0)
(9.14338e-08 0 0)
(9.44756e-12 0 0)
(7.43962e-16 0 0)
(4.76119e-20 0 0)
(2.5789e-24 0 0)
(1.21574e-28 0 0)
(5.09078e-33 0 0)
(1.92314e-37 0 0)
(6.63471e-42 0 0)
(2.111e-46 0 0)
(6.24493e-51 0 0)
(1.72933e-55 0 0)
(4.50854e-60 0 0)
(1.11209e-64 0 0)
(2.60641e-69 0 0)
(5.82599e-74 0 0)
(1.24609e-78 0 0)
(2.55773e-83 0 0)
(5.0514e-88 0 0)
(0.000599451 0 0)
(9.13961e-08 0 0)
(9.4431e-12 0 0)
(7.43581e-16 0 0)
(4.75861e-20 0 0)
(2.57745e-24 0 0)
(1.21503e-28 0 0)
(5.08771e-33 0 0)
(1.92195e-37 0 0)
(6.63049e-42 0 0)
(2.10963e-46 0 0)
(6.24079e-51 0 0)
(1.72816e-55 0 0)
(4.50543e-60 0 0)
(1.11131e-64 0 0)
(2.60455e-69 0 0)
(5.82176e-74 0 0)
(1.24517e-78 0 0)
(2.55581e-83 0 0)
(5.04756e-88 0 0)
)
;

boundaryField
{
    leftRightWallsright
    {
        type            cyclicAMI;
        value           nonuniform List<vector> 
40
(
(1.68269e-88 0 0)
(1.68269e-88 0 0)
(1.68397e-88 0 0)
(1.68397e-88 0 0)
(1.68397e-88 0 0)
(1.68397e-88 0 0)
(1.68397e-88 0 0)
(1.68397e-88 0 0)
(1.68397e-88 0 0)
(1.68397e-88 0 0)
(1.68397e-88 0 0)
(1.68397e-88 0 0)
(1.68397e-88 0 0)
(1.68397e-88 0 0)
(1.68397e-88 0 0)
(1.68397e-88 0 0)
(1.68397e-88 0 0)
(1.68397e-88 0 0)
(1.68397e-88 0 0)
(1.68397e-88 0 0)
(1.68397e-88 0 0)
(1.68397e-88 0 0)
(1.68397e-88 0 0)
(1.68397e-88 0 0)
(1.68397e-88 0 0)
(1.68397e-88 0 0)
(1.68397e-88 0 0)
(1.68397e-88 0 0)
(1.68397e-88 0 0)
(1.68397e-88 0 0)
(1.68397e-88 0 0)
(1.68397e-88 0 0)
(1.68397e-88 0 0)
(1.68397e-88 0 0)
(1.68397e-88 0 0)
(1.68397e-88 0 0)
(1.68397e-88 0 0)
(1.68397e-88 0 0)
(1.68269e-88 0 0)
(1.68269e-88 0 0)
)
;
    }
    outlet
    {
        type            zeroGradient;
    }
    channelWallsright
    {
        type            noSlip;
    }
    destinationFaceright
    {
        type            noSlip;
    }
    sourceFaceright
    {
        type            noSlip;
    }
    sourceFaceleft
    {
        type            noSlip;
    }
    destinationFaceleft
    {
        type            noSlip;
    }
    channelWallsleft
    {
        type            noSlip;
    }
    leftRightWallleft
    {
        type            cyclicAMI;
        value           nonuniform List<vector> 
20
(
(1.68269e-88 0 0)
(1.68397e-88 0 0)
(1.68397e-88 0 0)
(1.68397e-88 0 0)
(1.68397e-88 0 0)
(1.68397e-88 0 0)
(1.68397e-88 0 0)
(1.68397e-88 0 0)
(1.68397e-88 0 0)
(1.68397e-88 0 0)
(1.68397e-88 0 0)
(1.68397e-88 0 0)
(1.68397e-88 0 0)
(1.68397e-88 0 0)
(1.68397e-88 0 0)
(1.68397e-88 0 0)
(1.68397e-88 0 0)
(1.68397e-88 0 0)
(1.68397e-88 0 0)
(1.68269e-88 0 0)
)
;
    }
    inlet
    {
        type            fixedValue;
        value           uniform (1 0 0);
    }
}


// ************************************************************************* //
