/*--------------------------------*- C++ -*----------------------------------*\
| =========                 |                                                 |
| \\      /  F ield         | OpenFOAM: The Open Source CFD Toolbox           |
|  \\    /   O peration     | Version:  4.1                                   |
|   \\  /    A nd           | Web:      www.OpenFOAM.org                      |
|    \\/     M anipulation  |                                                 |
\*---------------------------------------------------------------------------*/
FoamFile
{
    version     2.0;
    format      ascii;
    class       vectorField;
    location    "constant/polyMesh";
    object      points;
}
// * * * * * * * * * * * * * * * * * * * * * * * * * * * * * * * * * * * * * //


4244
(
(0 200 0)
(20 200 0)
(0 200 200)
(20 200 200)
(0 400 0)
(20 400 0)
(0 400 200)
(20 400 200)
(0 200 5)
(0 200 10)
(0 200 15)
(0 200 20)
(0 200 25)
(0 200 30)
(0 200 35)
(0 200 40)
(0 200 45)
(0 200 50)
(0 200 55)
(0 200 60)
(0 200 65)
(0 200 70)
(0 200 75)
(0 200 80)
(0 200 85)
(0 200 90)
(0 200 95)
(0 200 100)
(0 200 105)
(0 200 110)
(0 200 115)
(0 200 120)
(0 200 125)
(0 200 130)
(0 200 135)
(0 200 140)
(0 200 145)
(0 200 150)
(0 200 155)
(0 200 160)
(0 200 165)
(0 200 170)
(0 200 175)
(0 200 180)
(0 200 185)
(0 200 190)
(0 200 195)
(0 205 200)
(0 210 200)
(0 215 200)
(0 220 200)
(0 225 200)
(0 230 200)
(0 235 200)
(0 240 200)
(0 245 200)
(0 250 200)
(0 255 200)
(0 260 200)
(0 265 200)
(0 270 200)
(0 275 200)
(0 280 200)
(0 285 200)
(0 290 200)
(0 295 200)
(0 300 200)
(0 305 200)
(0 310 200)
(0 315 200)
(0 320 200)
(0 325 200)
(0 330 200)
(0 335 200)
(0 340 200)
(0 345 200)
(0 350 200)
(0 355 200)
(0 360 200)
(0 365 200)
(0 370 200)
(0 375 200)
(0 380 200)
(0 385 200)
(0 390 200)
(0 395 200)
(0 400 5)
(0 400 10)
(0 400 15)
(0 400 20)
(0 400 25)
(0 400 30)
(0 400 35)
(0 400 40)
(0 400 45)
(0 400 50)
(0 400 55)
(0 400 60)
(0 400 65)
(0 400 70)
(0 400 75)
(0 400 80)
(0 400 85)
(0 400 90)
(0 400 95)
(0 400 100)
(0 400 105)
(0 400 110)
(0 400 115)
(0 400 120)
(0 400 125)
(0 400 130)
(0 400 135)
(0 400 140)
(0 400 145)
(0 400 150)
(0 400 155)
(0 400 160)
(0 400 165)
(0 400 170)
(0 400 175)
(0 400 180)
(0 400 185)
(0 400 190)
(0 400 195)
(0 205 0)
(0 210 0)
(0 215 0)
(0 220 0)
(0 225 0)
(0 230 0)
(0 235 0)
(0 240 0)
(0 245 0)
(0 250 0)
(0 255 0)
(0 260 0)
(0 265 0)
(0 270 0)
(0 275 0)
(0 280 0)
(0 285 0)
(0 290 0)
(0 295 0)
(0 300 0)
(0 305 0)
(0 310 0)
(0 315 0)
(0 320 0)
(0 325 0)
(0 330 0)
(0 335 0)
(0 340 0)
(0 345 0)
(0 350 0)
(0 355 0)
(0 360 0)
(0 365 0)
(0 370 0)
(0 375 0)
(0 380 0)
(0 385 0)
(0 390 0)
(0 395 0)
(0 205 5)
(0 210 5)
(0 215 5)
(0 220 5)
(0 225 5)
(0 230 5)
(0 235 5)
(0 240 5)
(0 245 5)
(0 250 5)
(0 255 5)
(0 260 5)
(0 265 5)
(0 270 5)
(0 275 5)
(0 280 5)
(0 285 5)
(0 290 5)
(0 295 5)
(0 300 5)
(0 305 5)
(0 310 5)
(0 315 5)
(0 320 5)
(0 325 5)
(0 330 5)
(0 335 5)
(0 340 5)
(0 345 5)
(0 350 5)
(0 355 5)
(0 360 5)
(0 365 5)
(0 370 5)
(0 375 5)
(0 380 5)
(0 385 5)
(0 390 5)
(0 395 5)
(0 205 10)
(0 210 10)
(0 215 10)
(0 220 10)
(0 225 10)
(0 230 10)
(0 235 10)
(0 240 10)
(0 245 10)
(0 250 10)
(0 255 10)
(0 260 10)
(0 265 10)
(0 270 10)
(0 275 10)
(0 280 10)
(0 285 10)
(0 290 10)
(0 295 10)
(0 300 10)
(0 305 10)
(0 310 10)
(0 315 10)
(0 320 10)
(0 325 10)
(0 330 10)
(0 335 10)
(0 340 10)
(0 345 10)
(0 350 10)
(0 355 10)
(0 360 10)
(0 365 10)
(0 370 10)
(0 375 10)
(0 380 10)
(0 385 10)
(0 390 10)
(0 395 10)
(0 205 15)
(0 210 15)
(0 215 15)
(0 220 15)
(0 225 15)
(0 230 15)
(0 235 15)
(0 240 15)
(0 245 15)
(0 250 15)
(0 255 15)
(0 260 15)
(0 265 15)
(0 270 15)
(0 275 15)
(0 280 15)
(0 285 15)
(0 290 15)
(0 295 15)
(0 300 15)
(0 305 15)
(0 310 15)
(0 315 15)
(0 320 15)
(0 325 15)
(0 330 15)
(0 335 15)
(0 340 15)
(0 345 15)
(0 350 15)
(0 355 15)
(0 360 15)
(0 365 15)
(0 370 15)
(0 375 15)
(0 380 15)
(0 385 15)
(0 390 15)
(0 395 15)
(0 205 20)
(0 210 20)
(0 215 20)
(0 220 20)
(0 225 20)
(0 230 20)
(0 235 20)
(0 240 20)
(0 245 20)
(0 250 20)
(0 255 20)
(0 260 20)
(0 265 20)
(0 270 20)
(0 275 20)
(0 280 20)
(0 285 20)
(0 290 20)
(0 295 20)
(0 300 20)
(0 305 20)
(0 310 20)
(0 315 20)
(0 320 20)
(0 325 20)
(0 330 20)
(0 335 20)
(0 340 20)
(0 345 20)
(0 350 20)
(0 355 20)
(0 360 20)
(0 365 20)
(0 370 20)
(0 375 20)
(0 380 20)
(0 385 20)
(0 390 20)
(0 395 20)
(0 205 25)
(0 210 25)
(0 215 25)
(0 220 25)
(0 225 25)
(0 230 25)
(0 235 25)
(0 240 25)
(0 245 25)
(0 250 25)
(0 255 25)
(0 260 25)
(0 265 25)
(0 270 25)
(0 275 25)
(0 280 25)
(0 285 25)
(0 290 25)
(0 295 25)
(0 300 25)
(0 305 25)
(0 310 25)
(0 315 25)
(0 320 25)
(0 325 25)
(0 330 25)
(0 335 25)
(0 340 25)
(0 345 25)
(0 350 25)
(0 355 25)
(0 360 25)
(0 365 25)
(0 370 25)
(0 375 25)
(0 380 25)
(0 385 25)
(0 390 25)
(0 395 25)
(0 205 30)
(0 210 30)
(0 215 30)
(0 220 30)
(0 225 30)
(0 230 30)
(0 235 30)
(0 240 30)
(0 245 30)
(0 250 30)
(0 255 30)
(0 260 30)
(0 265 30)
(0 270 30)
(0 275 30)
(0 280 30)
(0 285 30)
(0 290 30)
(0 295 30)
(0 300 30)
(0 305 30)
(0 310 30)
(0 315 30)
(0 320 30)
(0 325 30)
(0 330 30)
(0 335 30)
(0 340 30)
(0 345 30)
(0 350 30)
(0 355 30)
(0 360 30)
(0 365 30)
(0 370 30)
(0 375 30)
(0 380 30)
(0 385 30)
(0 390 30)
(0 395 30)
(0 205 35)
(0 210 35)
(0 215 35)
(0 220 35)
(0 225 35)
(0 230 35)
(0 235 35)
(0 240 35)
(0 245 35)
(0 250 35)
(0 255 35)
(0 260 35)
(0 265 35)
(0 270 35)
(0 275 35)
(0 280 35)
(0 285 35)
(0 290 35)
(0 295 35)
(0 300 35)
(0 305 35)
(0 310 35)
(0 315 35)
(0 320 35)
(0 325 35)
(0 330 35)
(0 335 35)
(0 340 35)
(0 345 35)
(0 350 35)
(0 355 35)
(0 360 35)
(0 365 35)
(0 370 35)
(0 375 35)
(0 380 35)
(0 385 35)
(0 390 35)
(0 395 35)
(0 205 40)
(0 210 40)
(0 215 40)
(0 220 40)
(0 225 40)
(0 230 40)
(0 235 40)
(0 240 40)
(0 245 40)
(0 250 40)
(0 255 40)
(0 260 40)
(0 265 40)
(0 270 40)
(0 275 40)
(0 280 40)
(0 285 40)
(0 290 40)
(0 295 40)
(0 300 40)
(0 305 40)
(0 310 40)
(0 315 40)
(0 320 40)
(0 325 40)
(0 330 40)
(0 335 40)
(0 340 40)
(0 345 40)
(0 350 40)
(0 355 40)
(0 360 40)
(0 365 40)
(0 370 40)
(0 375 40)
(0 380 40)
(0 385 40)
(0 390 40)
(0 395 40)
(0 205 45)
(0 210 45)
(0 215 45)
(0 220 45)
(0 225 45)
(0 230 45)
(0 235 45)
(0 240 45)
(0 245 45)
(0 250 45)
(0 255 45)
(0 260 45)
(0 265 45)
(0 270 45)
(0 275 45)
(0 280 45)
(0 285 45)
(0 290 45)
(0 295 45)
(0 300 45)
(0 305 45)
(0 310 45)
(0 315 45)
(0 320 45)
(0 325 45)
(0 330 45)
(0 335 45)
(0 340 45)
(0 345 45)
(0 350 45)
(0 355 45)
(0 360 45)
(0 365 45)
(0 370 45)
(0 375 45)
(0 380 45)
(0 385 45)
(0 390 45)
(0 395 45)
(0 205 50)
(0 210 50)
(0 215 50)
(0 220 50)
(0 225 50)
(0 230 50)
(0 235 50)
(0 240 50)
(0 245 50)
(0 250 50)
(0 255 50)
(0 260 50)
(0 265 50)
(0 270 50)
(0 275 50)
(0 280 50)
(0 285 50)
(0 290 50)
(0 295 50)
(0 300 50)
(0 305 50)
(0 310 50)
(0 315 50)
(0 320 50)
(0 325 50)
(0 330 50)
(0 335 50)
(0 340 50)
(0 345 50)
(0 350 50)
(0 355 50)
(0 360 50)
(0 365 50)
(0 370 50)
(0 375 50)
(0 380 50)
(0 385 50)
(0 390 50)
(0 395 50)
(0 205 55)
(0 210 55)
(0 215 55)
(0 220 55)
(0 225 55)
(0 230 55)
(0 235 55)
(0 240 55)
(0 245 55)
(0 250 55)
(0 255 55)
(0 260 55)
(0 265 55)
(0 270 55)
(0 275 55)
(0 280 55)
(0 285 55)
(0 290 55)
(0 295 55)
(0 300 55)
(0 305 55)
(0 310 55)
(0 315 55)
(0 320 55)
(0 325 55)
(0 330 55)
(0 335 55)
(0 340 55)
(0 345 55)
(0 350 55)
(0 355 55)
(0 360 55)
(0 365 55)
(0 370 55)
(0 375 55)
(0 380 55)
(0 385 55)
(0 390 55)
(0 395 55)
(0 205 60)
(0 210 60)
(0 215 60)
(0 220 60)
(0 225 60)
(0 230 60)
(0 235 60)
(0 240 60)
(0 245 60)
(0 250 60)
(0 255 60)
(0 260 60)
(0 265 60)
(0 270 60)
(0 275 60)
(0 280 60)
(0 285 60)
(0 290 60)
(0 295 60)
(0 300 60)
(0 305 60)
(0 310 60)
(0 315 60)
(0 320 60)
(0 325 60)
(0 330 60)
(0 335 60)
(0 340 60)
(0 345 60)
(0 350 60)
(0 355 60)
(0 360 60)
(0 365 60)
(0 370 60)
(0 375 60)
(0 380 60)
(0 385 60)
(0 390 60)
(0 395 60)
(0 205 65)
(0 210 65)
(0 215 65)
(0 220 65)
(0 225 65)
(0 230 65)
(0 235 65)
(0 240 65)
(0 245 65)
(0 250 65)
(0 255 65)
(0 260 65)
(0 265 65)
(0 270 65)
(0 275 65)
(0 280 65)
(0 285 65)
(0 290 65)
(0 295 65)
(0 300 65)
(0 305 65)
(0 310 65)
(0 315 65)
(0 320 65)
(0 325 65)
(0 330 65)
(0 335 65)
(0 340 65)
(0 345 65)
(0 350 65)
(0 355 65)
(0 360 65)
(0 365 65)
(0 370 65)
(0 375 65)
(0 380 65)
(0 385 65)
(0 390 65)
(0 395 65)
(0 205 70)
(0 210 70)
(0 215 70)
(0 220 70)
(0 225 70)
(0 230 70)
(0 235 70)
(0 240 70)
(0 245 70)
(0 250 70)
(0 255 70)
(0 260 70)
(0 265 70)
(0 270 70)
(0 275 70)
(0 280 70)
(0 285 70)
(0 290 70)
(0 295 70)
(0 300 70)
(0 305 70)
(0 310 70)
(0 315 70)
(0 320 70)
(0 325 70)
(0 330 70)
(0 335 70)
(0 340 70)
(0 345 70)
(0 350 70)
(0 355 70)
(0 360 70)
(0 365 70)
(0 370 70)
(0 375 70)
(0 380 70)
(0 385 70)
(0 390 70)
(0 395 70)
(0 205 75)
(0 210 75)
(0 215 75)
(0 220 75)
(0 225 75)
(0 230 75)
(0 235 75)
(0 240 75)
(0 245 75)
(0 250 75)
(0 255 75)
(0 260 75)
(0 265 75)
(0 270 75)
(0 275 75)
(0 280 75)
(0 285 75)
(0 290 75)
(0 295 75)
(0 300 75)
(0 305 75)
(0 310 75)
(0 315 75)
(0 320 75)
(0 325 75)
(0 330 75)
(0 335 75)
(0 340 75)
(0 345 75)
(0 350 75)
(0 355 75)
(0 360 75)
(0 365 75)
(0 370 75)
(0 375 75)
(0 380 75)
(0 385 75)
(0 390 75)
(0 395 75)
(0 205 80)
(0 210 80)
(0 215 80)
(0 220 80)
(0 225 80)
(0 230 80)
(0 235 80)
(0 240 80)
(0 245 80)
(0 250 80)
(0 255 80)
(0 260 80)
(0 265 80)
(0 270 80)
(0 275 80)
(0 280 80)
(0 285 80)
(0 290 80)
(0 295 80)
(0 300 80)
(0 305 80)
(0 310 80)
(0 315 80)
(0 320 80)
(0 325 80)
(0 330 80)
(0 335 80)
(0 340 80)
(0 345 80)
(0 350 80)
(0 355 80)
(0 360 80)
(0 365 80)
(0 370 80)
(0 375 80)
(0 380 80)
(0 385 80)
(0 390 80)
(0 395 80)
(0 205 85)
(0 210 85)
(0 215 85)
(0 220 85)
(0 225 85)
(0 230 85)
(0 235 85)
(0 240 85)
(0 245 85)
(0 250 85)
(0 255 85)
(0 260 85)
(0 265 85)
(0 270 85)
(0 275 85)
(0 280 85)
(0 285 85)
(0 290 85)
(0 295 85)
(0 300 85)
(0 305 85)
(0 310 85)
(0 315 85)
(0 320 85)
(0 325 85)
(0 330 85)
(0 335 85)
(0 340 85)
(0 345 85)
(0 350 85)
(0 355 85)
(0 360 85)
(0 365 85)
(0 370 85)
(0 375 85)
(0 380 85)
(0 385 85)
(0 390 85)
(0 395 85)
(0 205 90)
(0 210 90)
(0 215 90)
(0 220 90)
(0 225 90)
(0 230 90)
(0 235 90)
(0 240 90)
(0 245 90)
(0 250 90)
(0 255 90)
(0 260 90)
(0 265 90)
(0 270 90)
(0 275 90)
(0 280 90)
(0 285 90)
(0 290 90)
(0 295 90)
(0 300 90)
(0 305 90)
(0 310 90)
(0 315 90)
(0 320 90)
(0 325 90)
(0 330 90)
(0 335 90)
(0 340 90)
(0 345 90)
(0 350 90)
(0 355 90)
(0 360 90)
(0 365 90)
(0 370 90)
(0 375 90)
(0 380 90)
(0 385 90)
(0 390 90)
(0 395 90)
(0 205 95)
(0 210 95)
(0 215 95)
(0 220 95)
(0 225 95)
(0 230 95)
(0 235 95)
(0 240 95)
(0 245 95)
(0 250 95)
(0 255 95)
(0 260 95)
(0 265 95)
(0 270 95)
(0 275 95)
(0 280 95)
(0 285 95)
(0 290 95)
(0 295 95)
(0 300 95)
(0 305 95)
(0 310 95)
(0 315 95)
(0 320 95)
(0 325 95)
(0 330 95)
(0 335 95)
(0 340 95)
(0 345 95)
(0 350 95)
(0 355 95)
(0 360 95)
(0 365 95)
(0 370 95)
(0 375 95)
(0 380 95)
(0 385 95)
(0 390 95)
(0 395 95)
(0 205 100)
(0 210 100)
(0 215 100)
(0 220 100)
(0 225 100)
(0 230 100)
(0 235 100)
(0 240 100)
(0 245 100)
(0 250 100)
(0 255 100)
(0 260 100)
(0 265 100)
(0 270 100)
(0 275 100)
(0 280 100)
(0 285 100)
(0 290 100)
(0 295 100)
(0 300 100)
(0 305 100)
(0 310 100)
(0 315 100)
(0 320 100)
(0 325 100)
(0 330 100)
(0 335 100)
(0 340 100)
(0 345 100)
(0 350 100)
(0 355 100)
(0 360 100)
(0 365 100)
(0 370 100)
(0 375 100)
(0 380 100)
(0 385 100)
(0 390 100)
(0 395 100)
(0 205 105)
(0 210 105)
(0 215 105)
(0 220 105)
(0 225 105)
(0 230 105)
(0 235 105)
(0 240 105)
(0 245 105)
(0 250 105)
(0 255 105)
(0 260 105)
(0 265 105)
(0 270 105)
(0 275 105)
(0 280 105)
(0 285 105)
(0 290 105)
(0 295 105)
(0 300 105)
(0 305 105)
(0 310 105)
(0 315 105)
(0 320 105)
(0 325 105)
(0 330 105)
(0 335 105)
(0 340 105)
(0 345 105)
(0 350 105)
(0 355 105)
(0 360 105)
(0 365 105)
(0 370 105)
(0 375 105)
(0 380 105)
(0 385 105)
(0 390 105)
(0 395 105)
(0 205 110)
(0 210 110)
(0 215 110)
(0 220 110)
(0 225 110)
(0 230 110)
(0 235 110)
(0 240 110)
(0 245 110)
(0 250 110)
(0 255 110)
(0 260 110)
(0 265 110)
(0 270 110)
(0 275 110)
(0 280 110)
(0 285 110)
(0 290 110)
(0 295 110)
(0 300 110)
(0 305 110)
(0 310 110)
(0 315 110)
(0 320 110)
(0 325 110)
(0 330 110)
(0 335 110)
(0 340 110)
(0 345 110)
(0 350 110)
(0 355 110)
(0 360 110)
(0 365 110)
(0 370 110)
(0 375 110)
(0 380 110)
(0 385 110)
(0 390 110)
(0 395 110)
(0 205 115)
(0 210 115)
(0 215 115)
(0 220 115)
(0 225 115)
(0 230 115)
(0 235 115)
(0 240 115)
(0 245 115)
(0 250 115)
(0 255 115)
(0 260 115)
(0 265 115)
(0 270 115)
(0 275 115)
(0 280 115)
(0 285 115)
(0 290 115)
(0 295 115)
(0 300 115)
(0 305 115)
(0 310 115)
(0 315 115)
(0 320 115)
(0 325 115)
(0 330 115)
(0 335 115)
(0 340 115)
(0 345 115)
(0 350 115)
(0 355 115)
(0 360 115)
(0 365 115)
(0 370 115)
(0 375 115)
(0 380 115)
(0 385 115)
(0 390 115)
(0 395 115)
(0 205 120)
(0 210 120)
(0 215 120)
(0 220 120)
(0 225 120)
(0 230 120)
(0 235 120)
(0 240 120)
(0 245 120)
(0 250 120)
(0 255 120)
(0 260 120)
(0 265 120)
(0 270 120)
(0 275 120)
(0 280 120)
(0 285 120)
(0 290 120)
(0 295 120)
(0 300 120)
(0 305 120)
(0 310 120)
(0 315 120)
(0 320 120)
(0 325 120)
(0 330 120)
(0 335 120)
(0 340 120)
(0 345 120)
(0 350 120)
(0 355 120)
(0 360 120)
(0 365 120)
(0 370 120)
(0 375 120)
(0 380 120)
(0 385 120)
(0 390 120)
(0 395 120)
(0 205 125)
(0 210 125)
(0 215 125)
(0 220 125)
(0 225 125)
(0 230 125)
(0 235 125)
(0 240 125)
(0 245 125)
(0 250 125)
(0 255 125)
(0 260 125)
(0 265 125)
(0 270 125)
(0 275 125)
(0 280 125)
(0 285 125)
(0 290 125)
(0 295 125)
(0 300 125)
(0 305 125)
(0 310 125)
(0 315 125)
(0 320 125)
(0 325 125)
(0 330 125)
(0 335 125)
(0 340 125)
(0 345 125)
(0 350 125)
(0 355 125)
(0 360 125)
(0 365 125)
(0 370 125)
(0 375 125)
(0 380 125)
(0 385 125)
(0 390 125)
(0 395 125)
(0 205 130)
(0 210 130)
(0 215 130)
(0 220 130)
(0 225 130)
(0 230 130)
(0 235 130)
(0 240 130)
(0 245 130)
(0 250 130)
(0 255 130)
(0 260 130)
(0 265 130)
(0 270 130)
(0 275 130)
(0 280 130)
(0 285 130)
(0 290 130)
(0 295 130)
(0 300 130)
(0 305 130)
(0 310 130)
(0 315 130)
(0 320 130)
(0 325 130)
(0 330 130)
(0 335 130)
(0 340 130)
(0 345 130)
(0 350 130)
(0 355 130)
(0 360 130)
(0 365 130)
(0 370 130)
(0 375 130)
(0 380 130)
(0 385 130)
(0 390 130)
(0 395 130)
(0 205 135)
(0 210 135)
(0 215 135)
(0 220 135)
(0 225 135)
(0 230 135)
(0 235 135)
(0 240 135)
(0 245 135)
(0 250 135)
(0 255 135)
(0 260 135)
(0 265 135)
(0 270 135)
(0 275 135)
(0 280 135)
(0 285 135)
(0 290 135)
(0 295 135)
(0 300 135)
(0 305 135)
(0 310 135)
(0 315 135)
(0 320 135)
(0 325 135)
(0 330 135)
(0 335 135)
(0 340 135)
(0 345 135)
(0 350 135)
(0 355 135)
(0 360 135)
(0 365 135)
(0 370 135)
(0 375 135)
(0 380 135)
(0 385 135)
(0 390 135)
(0 395 135)
(0 205 140)
(0 210 140)
(0 215 140)
(0 220 140)
(0 225 140)
(0 230 140)
(0 235 140)
(0 240 140)
(0 245 140)
(0 250 140)
(0 255 140)
(0 260 140)
(0 265 140)
(0 270 140)
(0 275 140)
(0 280 140)
(0 285 140)
(0 290 140)
(0 295 140)
(0 300 140)
(0 305 140)
(0 310 140)
(0 315 140)
(0 320 140)
(0 325 140)
(0 330 140)
(0 335 140)
(0 340 140)
(0 345 140)
(0 350 140)
(0 355 140)
(0 360 140)
(0 365 140)
(0 370 140)
(0 375 140)
(0 380 140)
(0 385 140)
(0 390 140)
(0 395 140)
(0 205 145)
(0 210 145)
(0 215 145)
(0 220 145)
(0 225 145)
(0 230 145)
(0 235 145)
(0 240 145)
(0 245 145)
(0 250 145)
(0 255 145)
(0 260 145)
(0 265 145)
(0 270 145)
(0 275 145)
(0 280 145)
(0 285 145)
(0 290 145)
(0 295 145)
(0 300 145)
(0 305 145)
(0 310 145)
(0 315 145)
(0 320 145)
(0 325 145)
(0 330 145)
(0 335 145)
(0 340 145)
(0 345 145)
(0 350 145)
(0 355 145)
(0 360 145)
(0 365 145)
(0 370 145)
(0 375 145)
(0 380 145)
(0 385 145)
(0 390 145)
(0 395 145)
(0 205 150)
(0 210 150)
(0 215 150)
(0 220 150)
(0 225 150)
(0 230 150)
(0 235 150)
(0 240 150)
(0 245 150)
(0 250 150)
(0 255 150)
(0 260 150)
(0 265 150)
(0 270 150)
(0 275 150)
(0 280 150)
(0 285 150)
(0 290 150)
(0 295 150)
(0 300 150)
(0 305 150)
(0 310 150)
(0 315 150)
(0 320 150)
(0 325 150)
(0 330 150)
(0 335 150)
(0 340 150)
(0 345 150)
(0 350 150)
(0 355 150)
(0 360 150)
(0 365 150)
(0 370 150)
(0 375 150)
(0 380 150)
(0 385 150)
(0 390 150)
(0 395 150)
(0 205 155)
(0 210 155)
(0 215 155)
(0 220 155)
(0 225 155)
(0 230 155)
(0 235 155)
(0 240 155)
(0 245 155)
(0 250 155)
(0 255 155)
(0 260 155)
(0 265 155)
(0 270 155)
(0 275 155)
(0 280 155)
(0 285 155)
(0 290 155)
(0 295 155)
(0 300 155)
(0 305 155)
(0 310 155)
(0 315 155)
(0 320 155)
(0 325 155)
(0 330 155)
(0 335 155)
(0 340 155)
(0 345 155)
(0 350 155)
(0 355 155)
(0 360 155)
(0 365 155)
(0 370 155)
(0 375 155)
(0 380 155)
(0 385 155)
(0 390 155)
(0 395 155)
(0 205 160)
(0 210 160)
(0 215 160)
(0 220 160)
(0 225 160)
(0 230 160)
(0 235 160)
(0 240 160)
(0 245 160)
(0 250 160)
(0 255 160)
(0 260 160)
(0 265 160)
(0 270 160)
(0 275 160)
(0 280 160)
(0 285 160)
(0 290 160)
(0 295 160)
(0 300 160)
(0 305 160)
(0 310 160)
(0 315 160)
(0 320 160)
(0 325 160)
(0 330 160)
(0 335 160)
(0 340 160)
(0 345 160)
(0 350 160)
(0 355 160)
(0 360 160)
(0 365 160)
(0 370 160)
(0 375 160)
(0 380 160)
(0 385 160)
(0 390 160)
(0 395 160)
(0 205 165)
(0 210 165)
(0 215 165)
(0 220 165)
(0 225 165)
(0 230 165)
(0 235 165)
(0 240 165)
(0 245 165)
(0 250 165)
(0 255 165)
(0 260 165)
(0 265 165)
(0 270 165)
(0 275 165)
(0 280 165)
(0 285 165)
(0 290 165)
(0 295 165)
(0 300 165)
(0 305 165)
(0 310 165)
(0 315 165)
(0 320 165)
(0 325 165)
(0 330 165)
(0 335 165)
(0 340 165)
(0 345 165)
(0 350 165)
(0 355 165)
(0 360 165)
(0 365 165)
(0 370 165)
(0 375 165)
(0 380 165)
(0 385 165)
(0 390 165)
(0 395 165)
(0 205 170)
(0 210 170)
(0 215 170)
(0 220 170)
(0 225 170)
(0 230 170)
(0 235 170)
(0 240 170)
(0 245 170)
(0 250 170)
(0 255 170)
(0 260 170)
(0 265 170)
(0 270 170)
(0 275 170)
(0 280 170)
(0 285 170)
(0 290 170)
(0 295 170)
(0 300 170)
(0 305 170)
(0 310 170)
(0 315 170)
(0 320 170)
(0 325 170)
(0 330 170)
(0 335 170)
(0 340 170)
(0 345 170)
(0 350 170)
(0 355 170)
(0 360 170)
(0 365 170)
(0 370 170)
(0 375 170)
(0 380 170)
(0 385 170)
(0 390 170)
(0 395 170)
(0 205 175)
(0 210 175)
(0 215 175)
(0 220 175)
(0 225 175)
(0 230 175)
(0 235 175)
(0 240 175)
(0 245 175)
(0 250 175)
(0 255 175)
(0 260 175)
(0 265 175)
(0 270 175)
(0 275 175)
(0 280 175)
(0 285 175)
(0 290 175)
(0 295 175)
(0 300 175)
(0 305 175)
(0 310 175)
(0 315 175)
(0 320 175)
(0 325 175)
(0 330 175)
(0 335 175)
(0 340 175)
(0 345 175)
(0 350 175)
(0 355 175)
(0 360 175)
(0 365 175)
(0 370 175)
(0 375 175)
(0 380 175)
(0 385 175)
(0 390 175)
(0 395 175)
(0 205 180)
(0 210 180)
(0 215 180)
(0 220 180)
(0 225 180)
(0 230 180)
(0 235 180)
(0 240 180)
(0 245 180)
(0 250 180)
(0 255 180)
(0 260 180)
(0 265 180)
(0 270 180)
(0 275 180)
(0 280 180)
(0 285 180)
(0 290 180)
(0 295 180)
(0 300 180)
(0 305 180)
(0 310 180)
(0 315 180)
(0 320 180)
(0 325 180)
(0 330 180)
(0 335 180)
(0 340 180)
(0 345 180)
(0 350 180)
(0 355 180)
(0 360 180)
(0 365 180)
(0 370 180)
(0 375 180)
(0 380 180)
(0 385 180)
(0 390 180)
(0 395 180)
(0 205 185)
(0 210 185)
(0 215 185)
(0 220 185)
(0 225 185)
(0 230 185)
(0 235 185)
(0 240 185)
(0 245 185)
(0 250 185)
(0 255 185)
(0 260 185)
(0 265 185)
(0 270 185)
(0 275 185)
(0 280 185)
(0 285 185)
(0 290 185)
(0 295 185)
(0 300 185)
(0 305 185)
(0 310 185)
(0 315 185)
(0 320 185)
(0 325 185)
(0 330 185)
(0 335 185)
(0 340 185)
(0 345 185)
(0 350 185)
(0 355 185)
(0 360 185)
(0 365 185)
(0 370 185)
(0 375 185)
(0 380 185)
(0 385 185)
(0 390 185)
(0 395 185)
(0 205 190)
(0 210 190)
(0 215 190)
(0 220 190)
(0 225 190)
(0 230 190)
(0 235 190)
(0 240 190)
(0 245 190)
(0 250 190)
(0 255 190)
(0 260 190)
(0 265 190)
(0 270 190)
(0 275 190)
(0 280 190)
(0 285 190)
(0 290 190)
(0 295 190)
(0 300 190)
(0 305 190)
(0 310 190)
(0 315 190)
(0 320 190)
(0 325 190)
(0 330 190)
(0 335 190)
(0 340 190)
(0 345 190)
(0 350 190)
(0 355 190)
(0 360 190)
(0 365 190)
(0 370 190)
(0 375 190)
(0 380 190)
(0 385 190)
(0 390 190)
(0 395 190)
(0 205 195)
(0 210 195)
(0 215 195)
(0 220 195)
(0 225 195)
(0 230 195)
(0 235 195)
(0 240 195)
(0 245 195)
(0 250 195)
(0 255 195)
(0 260 195)
(0 265 195)
(0 270 195)
(0 275 195)
(0 280 195)
(0 285 195)
(0 290 195)
(0 295 195)
(0 300 195)
(0 305 195)
(0 310 195)
(0 315 195)
(0 320 195)
(0 325 195)
(0 330 195)
(0 335 195)
(0 340 195)
(0 345 195)
(0 350 195)
(0 355 195)
(0 360 195)
(0 365 195)
(0 370 195)
(0 375 195)
(0 380 195)
(0 385 195)
(0 390 195)
(0 395 195)
(20 205 0)
(20 210 0)
(20 215 0)
(20 220 0)
(20 225 0)
(20 230 0)
(20 235 0)
(20 240 0)
(20 245 0)
(20 250 0)
(20 255 0)
(20 260 0)
(20 265 0)
(20 270 0)
(20 275 0)
(20 280 0)
(20 285 0)
(20 290 0)
(20 295 0)
(20 300 0)
(20 305 0)
(20 310 0)
(20 315 0)
(20 320 0)
(20 325 0)
(20 330 0)
(20 335 0)
(20 340 0)
(20 345 0)
(20 350 0)
(20 355 0)
(20 360 0)
(20 365 0)
(20 370 0)
(20 375 0)
(20 380 0)
(20 385 0)
(20 390 0)
(20 395 0)
(20 400 5)
(20 400 10)
(20 400 15)
(20 400 20)
(20 400 25)
(20 400 30)
(20 400 35)
(20 400 40)
(20 400 45)
(20 400 50)
(20 400 55)
(20 400 60)
(20 400 65)
(20 400 70)
(20 400 75)
(20 400 80)
(20 400 85)
(20 400 90)
(20 400 95)
(20 400 100)
(20 400 105)
(20 400 110)
(20 400 115)
(20 400 120)
(20 400 125)
(20 400 130)
(20 400 135)
(20 400 140)
(20 400 145)
(20 400 150)
(20 400 155)
(20 400 160)
(20 400 165)
(20 400 170)
(20 400 175)
(20 400 180)
(20 400 185)
(20 400 190)
(20 400 195)
(20 205 200)
(20 210 200)
(20 215 200)
(20 220 200)
(20 225 200)
(20 230 200)
(20 235 200)
(20 240 200)
(20 245 200)
(20 250 200)
(20 255 200)
(20 260 200)
(20 265 200)
(20 270 200)
(20 275 200)
(20 280 200)
(20 285 200)
(20 290 200)
(20 295 200)
(20 300 200)
(20 305 200)
(20 310 200)
(20 315 200)
(20 320 200)
(20 325 200)
(20 330 200)
(20 335 200)
(20 340 200)
(20 345 200)
(20 350 200)
(20 355 200)
(20 360 200)
(20 365 200)
(20 370 200)
(20 375 200)
(20 380 200)
(20 385 200)
(20 390 200)
(20 395 200)
(20 200 5)
(20 200 10)
(20 200 15)
(20 200 20)
(20 200 25)
(20 200 30)
(20 200 35)
(20 200 40)
(20 200 45)
(20 200 50)
(20 200 55)
(20 200 60)
(20 200 65)
(20 200 70)
(20 200 75)
(20 200 80)
(20 200 85)
(20 200 90)
(20 200 95)
(20 200 100)
(20 200 105)
(20 200 110)
(20 200 115)
(20 200 120)
(20 200 125)
(20 200 130)
(20 200 135)
(20 200 140)
(20 200 145)
(20 200 150)
(20 200 155)
(20 200 160)
(20 200 165)
(20 200 170)
(20 200 175)
(20 200 180)
(20 200 185)
(20 200 190)
(20 200 195)
(20 205 5)
(20 210 5)
(20 215 5)
(20 220 5)
(20 225 5)
(20 230 5)
(20 235 5)
(20 240 5)
(20 245 5)
(20 250 5)
(20 255 5)
(20 260 5)
(20 265 5)
(20 270 5)
(20 275 5)
(20 280 5)
(20 285 5)
(20 290 5)
(20 295 5)
(20 300 5)
(20 305 5)
(20 310 5)
(20 315 5)
(20 320 5)
(20 325 5)
(20 330 5)
(20 335 5)
(20 340 5)
(20 345 5)
(20 350 5)
(20 355 5)
(20 360 5)
(20 365 5)
(20 370 5)
(20 375 5)
(20 380 5)
(20 385 5)
(20 390 5)
(20 395 5)
(20 205 10)
(20 210 10)
(20 215 10)
(20 220 10)
(20 225 10)
(20 230 10)
(20 235 10)
(20 240 10)
(20 245 10)
(20 250 10)
(20 255 10)
(20 260 10)
(20 265 10)
(20 270 10)
(20 275 10)
(20 280 10)
(20 285 10)
(20 290 10)
(20 295 10)
(20 300 10)
(20 305 10)
(20 310 10)
(20 315 10)
(20 320 10)
(20 325 10)
(20 330 10)
(20 335 10)
(20 340 10)
(20 345 10)
(20 350 10)
(20 355 10)
(20 360 10)
(20 365 10)
(20 370 10)
(20 375 10)
(20 380 10)
(20 385 10)
(20 390 10)
(20 395 10)
(20 205 15)
(20 210 15)
(20 215 15)
(20 220 15)
(20 225 15)
(20 230 15)
(20 235 15)
(20 240 15)
(20 245 15)
(20 250 15)
(20 255 15)
(20 260 15)
(20 265 15)
(20 270 15)
(20 275 15)
(20 280 15)
(20 285 15)
(20 290 15)
(20 295 15)
(20 300 15)
(20 305 15)
(20 310 15)
(20 315 15)
(20 320 15)
(20 325 15)
(20 330 15)
(20 335 15)
(20 340 15)
(20 345 15)
(20 350 15)
(20 355 15)
(20 360 15)
(20 365 15)
(20 370 15)
(20 375 15)
(20 380 15)
(20 385 15)
(20 390 15)
(20 395 15)
(20 205 20)
(20 210 20)
(20 215 20)
(20 220 20)
(20 225 20)
(20 230 20)
(20 235 20)
(20 240 20)
(20 245 20)
(20 250 20)
(20 255 20)
(20 260 20)
(20 265 20)
(20 270 20)
(20 275 20)
(20 280 20)
(20 285 20)
(20 290 20)
(20 295 20)
(20 300 20)
(20 305 20)
(20 310 20)
(20 315 20)
(20 320 20)
(20 325 20)
(20 330 20)
(20 335 20)
(20 340 20)
(20 345 20)
(20 350 20)
(20 355 20)
(20 360 20)
(20 365 20)
(20 370 20)
(20 375 20)
(20 380 20)
(20 385 20)
(20 390 20)
(20 395 20)
(20 205 25)
(20 210 25)
(20 215 25)
(20 220 25)
(20 225 25)
(20 230 25)
(20 235 25)
(20 240 25)
(20 245 25)
(20 250 25)
(20 255 25)
(20 260 25)
(20 265 25)
(20 270 25)
(20 275 25)
(20 280 25)
(20 285 25)
(20 290 25)
(20 295 25)
(20 300 25)
(20 305 25)
(20 310 25)
(20 315 25)
(20 320 25)
(20 325 25)
(20 330 25)
(20 335 25)
(20 340 25)
(20 345 25)
(20 350 25)
(20 355 25)
(20 360 25)
(20 365 25)
(20 370 25)
(20 375 25)
(20 380 25)
(20 385 25)
(20 390 25)
(20 395 25)
(20 205 30)
(20 210 30)
(20 215 30)
(20 220 30)
(20 225 30)
(20 230 30)
(20 235 30)
(20 240 30)
(20 245 30)
(20 250 30)
(20 255 30)
(20 260 30)
(20 265 30)
(20 270 30)
(20 275 30)
(20 280 30)
(20 285 30)
(20 290 30)
(20 295 30)
(20 300 30)
(20 305 30)
(20 310 30)
(20 315 30)
(20 320 30)
(20 325 30)
(20 330 30)
(20 335 30)
(20 340 30)
(20 345 30)
(20 350 30)
(20 355 30)
(20 360 30)
(20 365 30)
(20 370 30)
(20 375 30)
(20 380 30)
(20 385 30)
(20 390 30)
(20 395 30)
(20 205 35)
(20 210 35)
(20 215 35)
(20 220 35)
(20 225 35)
(20 230 35)
(20 235 35)
(20 240 35)
(20 245 35)
(20 250 35)
(20 255 35)
(20 260 35)
(20 265 35)
(20 270 35)
(20 275 35)
(20 280 35)
(20 285 35)
(20 290 35)
(20 295 35)
(20 300 35)
(20 305 35)
(20 310 35)
(20 315 35)
(20 320 35)
(20 325 35)
(20 330 35)
(20 335 35)
(20 340 35)
(20 345 35)
(20 350 35)
(20 355 35)
(20 360 35)
(20 365 35)
(20 370 35)
(20 375 35)
(20 380 35)
(20 385 35)
(20 390 35)
(20 395 35)
(20 205 40)
(20 210 40)
(20 215 40)
(20 220 40)
(20 225 40)
(20 230 40)
(20 235 40)
(20 240 40)
(20 245 40)
(20 250 40)
(20 255 40)
(20 260 40)
(20 265 40)
(20 270 40)
(20 275 40)
(20 280 40)
(20 285 40)
(20 290 40)
(20 295 40)
(20 300 40)
(20 305 40)
(20 310 40)
(20 315 40)
(20 320 40)
(20 325 40)
(20 330 40)
(20 335 40)
(20 340 40)
(20 345 40)
(20 350 40)
(20 355 40)
(20 360 40)
(20 365 40)
(20 370 40)
(20 375 40)
(20 380 40)
(20 385 40)
(20 390 40)
(20 395 40)
(20 205 45)
(20 210 45)
(20 215 45)
(20 220 45)
(20 225 45)
(20 230 45)
(20 235 45)
(20 240 45)
(20 245 45)
(20 250 45)
(20 255 45)
(20 260 45)
(20 265 45)
(20 270 45)
(20 275 45)
(20 280 45)
(20 285 45)
(20 290 45)
(20 295 45)
(20 300 45)
(20 305 45)
(20 310 45)
(20 315 45)
(20 320 45)
(20 325 45)
(20 330 45)
(20 335 45)
(20 340 45)
(20 345 45)
(20 350 45)
(20 355 45)
(20 360 45)
(20 365 45)
(20 370 45)
(20 375 45)
(20 380 45)
(20 385 45)
(20 390 45)
(20 395 45)
(20 205 50)
(20 210 50)
(20 215 50)
(20 220 50)
(20 225 50)
(20 230 50)
(20 235 50)
(20 240 50)
(20 245 50)
(20 250 50)
(20 255 50)
(20 260 50)
(20 265 50)
(20 270 50)
(20 275 50)
(20 280 50)
(20 285 50)
(20 290 50)
(20 295 50)
(20 300 50)
(20 305 50)
(20 310 50)
(20 315 50)
(20 320 50)
(20 325 50)
(20 330 50)
(20 335 50)
(20 340 50)
(20 345 50)
(20 350 50)
(20 355 50)
(20 360 50)
(20 365 50)
(20 370 50)
(20 375 50)
(20 380 50)
(20 385 50)
(20 390 50)
(20 395 50)
(20 205 55)
(20 210 55)
(20 215 55)
(20 220 55)
(20 225 55)
(20 230 55)
(20 235 55)
(20 240 55)
(20 245 55)
(20 250 55)
(20 255 55)
(20 260 55)
(20 265 55)
(20 270 55)
(20 275 55)
(20 280 55)
(20 285 55)
(20 290 55)
(20 295 55)
(20 300 55)
(20 305 55)
(20 310 55)
(20 315 55)
(20 320 55)
(20 325 55)
(20 330 55)
(20 335 55)
(20 340 55)
(20 345 55)
(20 350 55)
(20 355 55)
(20 360 55)
(20 365 55)
(20 370 55)
(20 375 55)
(20 380 55)
(20 385 55)
(20 390 55)
(20 395 55)
(20 205 60)
(20 210 60)
(20 215 60)
(20 220 60)
(20 225 60)
(20 230 60)
(20 235 60)
(20 240 60)
(20 245 60)
(20 250 60)
(20 255 60)
(20 260 60)
(20 265 60)
(20 270 60)
(20 275 60)
(20 280 60)
(20 285 60)
(20 290 60)
(20 295 60)
(20 300 60)
(20 305 60)
(20 310 60)
(20 315 60)
(20 320 60)
(20 325 60)
(20 330 60)
(20 335 60)
(20 340 60)
(20 345 60)
(20 350 60)
(20 355 60)
(20 360 60)
(20 365 60)
(20 370 60)
(20 375 60)
(20 380 60)
(20 385 60)
(20 390 60)
(20 395 60)
(20 205 65)
(20 210 65)
(20 215 65)
(20 220 65)
(20 225 65)
(20 230 65)
(20 235 65)
(20 240 65)
(20 245 65)
(20 250 65)
(20 255 65)
(20 260 65)
(20 265 65)
(20 270 65)
(20 275 65)
(20 280 65)
(20 285 65)
(20 290 65)
(20 295 65)
(20 300 65)
(20 305 65)
(20 310 65)
(20 315 65)
(20 320 65)
(20 325 65)
(20 330 65)
(20 335 65)
(20 340 65)
(20 345 65)
(20 350 65)
(20 355 65)
(20 360 65)
(20 365 65)
(20 370 65)
(20 375 65)
(20 380 65)
(20 385 65)
(20 390 65)
(20 395 65)
(20 205 70)
(20 210 70)
(20 215 70)
(20 220 70)
(20 225 70)
(20 230 70)
(20 235 70)
(20 240 70)
(20 245 70)
(20 250 70)
(20 255 70)
(20 260 70)
(20 265 70)
(20 270 70)
(20 275 70)
(20 280 70)
(20 285 70)
(20 290 70)
(20 295 70)
(20 300 70)
(20 305 70)
(20 310 70)
(20 315 70)
(20 320 70)
(20 325 70)
(20 330 70)
(20 335 70)
(20 340 70)
(20 345 70)
(20 350 70)
(20 355 70)
(20 360 70)
(20 365 70)
(20 370 70)
(20 375 70)
(20 380 70)
(20 385 70)
(20 390 70)
(20 395 70)
(20 205 75)
(20 210 75)
(20 215 75)
(20 220 75)
(20 225 75)
(20 230 75)
(20 235 75)
(20 240 75)
(20 245 75)
(20 250 75)
(20 255 75)
(20 260 75)
(20 265 75)
(20 270 75)
(20 275 75)
(20 280 75)
(20 285 75)
(20 290 75)
(20 295 75)
(20 300 75)
(20 305 75)
(20 310 75)
(20 315 75)
(20 320 75)
(20 325 75)
(20 330 75)
(20 335 75)
(20 340 75)
(20 345 75)
(20 350 75)
(20 355 75)
(20 360 75)
(20 365 75)
(20 370 75)
(20 375 75)
(20 380 75)
(20 385 75)
(20 390 75)
(20 395 75)
(20 205 80)
(20 210 80)
(20 215 80)
(20 220 80)
(20 225 80)
(20 230 80)
(20 235 80)
(20 240 80)
(20 245 80)
(20 250 80)
(20 255 80)
(20 260 80)
(20 265 80)
(20 270 80)
(20 275 80)
(20 280 80)
(20 285 80)
(20 290 80)
(20 295 80)
(20 300 80)
(20 305 80)
(20 310 80)
(20 315 80)
(20 320 80)
(20 325 80)
(20 330 80)
(20 335 80)
(20 340 80)
(20 345 80)
(20 350 80)
(20 355 80)
(20 360 80)
(20 365 80)
(20 370 80)
(20 375 80)
(20 380 80)
(20 385 80)
(20 390 80)
(20 395 80)
(20 205 85)
(20 210 85)
(20 215 85)
(20 220 85)
(20 225 85)
(20 230 85)
(20 235 85)
(20 240 85)
(20 245 85)
(20 250 85)
(20 255 85)
(20 260 85)
(20 265 85)
(20 270 85)
(20 275 85)
(20 280 85)
(20 285 85)
(20 290 85)
(20 295 85)
(20 300 85)
(20 305 85)
(20 310 85)
(20 315 85)
(20 320 85)
(20 325 85)
(20 330 85)
(20 335 85)
(20 340 85)
(20 345 85)
(20 350 85)
(20 355 85)
(20 360 85)
(20 365 85)
(20 370 85)
(20 375 85)
(20 380 85)
(20 385 85)
(20 390 85)
(20 395 85)
(20 205 90)
(20 210 90)
(20 215 90)
(20 220 90)
(20 225 90)
(20 230 90)
(20 235 90)
(20 240 90)
(20 245 90)
(20 250 90)
(20 255 90)
(20 260 90)
(20 265 90)
(20 270 90)
(20 275 90)
(20 280 90)
(20 285 90)
(20 290 90)
(20 295 90)
(20 300 90)
(20 305 90)
(20 310 90)
(20 315 90)
(20 320 90)
(20 325 90)
(20 330 90)
(20 335 90)
(20 340 90)
(20 345 90)
(20 350 90)
(20 355 90)
(20 360 90)
(20 365 90)
(20 370 90)
(20 375 90)
(20 380 90)
(20 385 90)
(20 390 90)
(20 395 90)
(20 205 95)
(20 210 95)
(20 215 95)
(20 220 95)
(20 225 95)
(20 230 95)
(20 235 95)
(20 240 95)
(20 245 95)
(20 250 95)
(20 255 95)
(20 260 95)
(20 265 95)
(20 270 95)
(20 275 95)
(20 280 95)
(20 285 95)
(20 290 95)
(20 295 95)
(20 300 95)
(20 305 95)
(20 310 95)
(20 315 95)
(20 320 95)
(20 325 95)
(20 330 95)
(20 335 95)
(20 340 95)
(20 345 95)
(20 350 95)
(20 355 95)
(20 360 95)
(20 365 95)
(20 370 95)
(20 375 95)
(20 380 95)
(20 385 95)
(20 390 95)
(20 395 95)
(20 205 100)
(20 210 100)
(20 215 100)
(20 220 100)
(20 225 100)
(20 230 100)
(20 235 100)
(20 240 100)
(20 245 100)
(20 250 100)
(20 255 100)
(20 260 100)
(20 265 100)
(20 270 100)
(20 275 100)
(20 280 100)
(20 285 100)
(20 290 100)
(20 295 100)
(20 300 100)
(20 305 100)
(20 310 100)
(20 315 100)
(20 320 100)
(20 325 100)
(20 330 100)
(20 335 100)
(20 340 100)
(20 345 100)
(20 350 100)
(20 355 100)
(20 360 100)
(20 365 100)
(20 370 100)
(20 375 100)
(20 380 100)
(20 385 100)
(20 390 100)
(20 395 100)
(20 205 105)
(20 210 105)
(20 215 105)
(20 220 105)
(20 225 105)
(20 230 105)
(20 235 105)
(20 240 105)
(20 245 105)
(20 250 105)
(20 255 105)
(20 260 105)
(20 265 105)
(20 270 105)
(20 275 105)
(20 280 105)
(20 285 105)
(20 290 105)
(20 295 105)
(20 300 105)
(20 305 105)
(20 310 105)
(20 315 105)
(20 320 105)
(20 325 105)
(20 330 105)
(20 335 105)
(20 340 105)
(20 345 105)
(20 350 105)
(20 355 105)
(20 360 105)
(20 365 105)
(20 370 105)
(20 375 105)
(20 380 105)
(20 385 105)
(20 390 105)
(20 395 105)
(20 205 110)
(20 210 110)
(20 215 110)
(20 220 110)
(20 225 110)
(20 230 110)
(20 235 110)
(20 240 110)
(20 245 110)
(20 250 110)
(20 255 110)
(20 260 110)
(20 265 110)
(20 270 110)
(20 275 110)
(20 280 110)
(20 285 110)
(20 290 110)
(20 295 110)
(20 300 110)
(20 305 110)
(20 310 110)
(20 315 110)
(20 320 110)
(20 325 110)
(20 330 110)
(20 335 110)
(20 340 110)
(20 345 110)
(20 350 110)
(20 355 110)
(20 360 110)
(20 365 110)
(20 370 110)
(20 375 110)
(20 380 110)
(20 385 110)
(20 390 110)
(20 395 110)
(20 205 115)
(20 210 115)
(20 215 115)
(20 220 115)
(20 225 115)
(20 230 115)
(20 235 115)
(20 240 115)
(20 245 115)
(20 250 115)
(20 255 115)
(20 260 115)
(20 265 115)
(20 270 115)
(20 275 115)
(20 280 115)
(20 285 115)
(20 290 115)
(20 295 115)
(20 300 115)
(20 305 115)
(20 310 115)
(20 315 115)
(20 320 115)
(20 325 115)
(20 330 115)
(20 335 115)
(20 340 115)
(20 345 115)
(20 350 115)
(20 355 115)
(20 360 115)
(20 365 115)
(20 370 115)
(20 375 115)
(20 380 115)
(20 385 115)
(20 390 115)
(20 395 115)
(20 205 120)
(20 210 120)
(20 215 120)
(20 220 120)
(20 225 120)
(20 230 120)
(20 235 120)
(20 240 120)
(20 245 120)
(20 250 120)
(20 255 120)
(20 260 120)
(20 265 120)
(20 270 120)
(20 275 120)
(20 280 120)
(20 285 120)
(20 290 120)
(20 295 120)
(20 300 120)
(20 305 120)
(20 310 120)
(20 315 120)
(20 320 120)
(20 325 120)
(20 330 120)
(20 335 120)
(20 340 120)
(20 345 120)
(20 350 120)
(20 355 120)
(20 360 120)
(20 365 120)
(20 370 120)
(20 375 120)
(20 380 120)
(20 385 120)
(20 390 120)
(20 395 120)
(20 205 125)
(20 210 125)
(20 215 125)
(20 220 125)
(20 225 125)
(20 230 125)
(20 235 125)
(20 240 125)
(20 245 125)
(20 250 125)
(20 255 125)
(20 260 125)
(20 265 125)
(20 270 125)
(20 275 125)
(20 280 125)
(20 285 125)
(20 290 125)
(20 295 125)
(20 300 125)
(20 305 125)
(20 310 125)
(20 315 125)
(20 320 125)
(20 325 125)
(20 330 125)
(20 335 125)
(20 340 125)
(20 345 125)
(20 350 125)
(20 355 125)
(20 360 125)
(20 365 125)
(20 370 125)
(20 375 125)
(20 380 125)
(20 385 125)
(20 390 125)
(20 395 125)
(20 205 130)
(20 210 130)
(20 215 130)
(20 220 130)
(20 225 130)
(20 230 130)
(20 235 130)
(20 240 130)
(20 245 130)
(20 250 130)
(20 255 130)
(20 260 130)
(20 265 130)
(20 270 130)
(20 275 130)
(20 280 130)
(20 285 130)
(20 290 130)
(20 295 130)
(20 300 130)
(20 305 130)
(20 310 130)
(20 315 130)
(20 320 130)
(20 325 130)
(20 330 130)
(20 335 130)
(20 340 130)
(20 345 130)
(20 350 130)
(20 355 130)
(20 360 130)
(20 365 130)
(20 370 130)
(20 375 130)
(20 380 130)
(20 385 130)
(20 390 130)
(20 395 130)
(20 205 135)
(20 210 135)
(20 215 135)
(20 220 135)
(20 225 135)
(20 230 135)
(20 235 135)
(20 240 135)
(20 245 135)
(20 250 135)
(20 255 135)
(20 260 135)
(20 265 135)
(20 270 135)
(20 275 135)
(20 280 135)
(20 285 135)
(20 290 135)
(20 295 135)
(20 300 135)
(20 305 135)
(20 310 135)
(20 315 135)
(20 320 135)
(20 325 135)
(20 330 135)
(20 335 135)
(20 340 135)
(20 345 135)
(20 350 135)
(20 355 135)
(20 360 135)
(20 365 135)
(20 370 135)
(20 375 135)
(20 380 135)
(20 385 135)
(20 390 135)
(20 395 135)
(20 205 140)
(20 210 140)
(20 215 140)
(20 220 140)
(20 225 140)
(20 230 140)
(20 235 140)
(20 240 140)
(20 245 140)
(20 250 140)
(20 255 140)
(20 260 140)
(20 265 140)
(20 270 140)
(20 275 140)
(20 280 140)
(20 285 140)
(20 290 140)
(20 295 140)
(20 300 140)
(20 305 140)
(20 310 140)
(20 315 140)
(20 320 140)
(20 325 140)
(20 330 140)
(20 335 140)
(20 340 140)
(20 345 140)
(20 350 140)
(20 355 140)
(20 360 140)
(20 365 140)
(20 370 140)
(20 375 140)
(20 380 140)
(20 385 140)
(20 390 140)
(20 395 140)
(20 205 145)
(20 210 145)
(20 215 145)
(20 220 145)
(20 225 145)
(20 230 145)
(20 235 145)
(20 240 145)
(20 245 145)
(20 250 145)
(20 255 145)
(20 260 145)
(20 265 145)
(20 270 145)
(20 275 145)
(20 280 145)
(20 285 145)
(20 290 145)
(20 295 145)
(20 300 145)
(20 305 145)
(20 310 145)
(20 315 145)
(20 320 145)
(20 325 145)
(20 330 145)
(20 335 145)
(20 340 145)
(20 345 145)
(20 350 145)
(20 355 145)
(20 360 145)
(20 365 145)
(20 370 145)
(20 375 145)
(20 380 145)
(20 385 145)
(20 390 145)
(20 395 145)
(20 205 150)
(20 210 150)
(20 215 150)
(20 220 150)
(20 225 150)
(20 230 150)
(20 235 150)
(20 240 150)
(20 245 150)
(20 250 150)
(20 255 150)
(20 260 150)
(20 265 150)
(20 270 150)
(20 275 150)
(20 280 150)
(20 285 150)
(20 290 150)
(20 295 150)
(20 300 150)
(20 305 150)
(20 310 150)
(20 315 150)
(20 320 150)
(20 325 150)
(20 330 150)
(20 335 150)
(20 340 150)
(20 345 150)
(20 350 150)
(20 355 150)
(20 360 150)
(20 365 150)
(20 370 150)
(20 375 150)
(20 380 150)
(20 385 150)
(20 390 150)
(20 395 150)
(20 205 155)
(20 210 155)
(20 215 155)
(20 220 155)
(20 225 155)
(20 230 155)
(20 235 155)
(20 240 155)
(20 245 155)
(20 250 155)
(20 255 155)
(20 260 155)
(20 265 155)
(20 270 155)
(20 275 155)
(20 280 155)
(20 285 155)
(20 290 155)
(20 295 155)
(20 300 155)
(20 305 155)
(20 310 155)
(20 315 155)
(20 320 155)
(20 325 155)
(20 330 155)
(20 335 155)
(20 340 155)
(20 345 155)
(20 350 155)
(20 355 155)
(20 360 155)
(20 365 155)
(20 370 155)
(20 375 155)
(20 380 155)
(20 385 155)
(20 390 155)
(20 395 155)
(20 205 160)
(20 210 160)
(20 215 160)
(20 220 160)
(20 225 160)
(20 230 160)
(20 235 160)
(20 240 160)
(20 245 160)
(20 250 160)
(20 255 160)
(20 260 160)
(20 265 160)
(20 270 160)
(20 275 160)
(20 280 160)
(20 285 160)
(20 290 160)
(20 295 160)
(20 300 160)
(20 305 160)
(20 310 160)
(20 315 160)
(20 320 160)
(20 325 160)
(20 330 160)
(20 335 160)
(20 340 160)
(20 345 160)
(20 350 160)
(20 355 160)
(20 360 160)
(20 365 160)
(20 370 160)
(20 375 160)
(20 380 160)
(20 385 160)
(20 390 160)
(20 395 160)
(20 205 165)
(20 210 165)
(20 215 165)
(20 220 165)
(20 225 165)
(20 230 165)
(20 235 165)
(20 240 165)
(20 245 165)
(20 250 165)
(20 255 165)
(20 260 165)
(20 265 165)
(20 270 165)
(20 275 165)
(20 280 165)
(20 285 165)
(20 290 165)
(20 295 165)
(20 300 165)
(20 305 165)
(20 310 165)
(20 315 165)
(20 320 165)
(20 325 165)
(20 330 165)
(20 335 165)
(20 340 165)
(20 345 165)
(20 350 165)
(20 355 165)
(20 360 165)
(20 365 165)
(20 370 165)
(20 375 165)
(20 380 165)
(20 385 165)
(20 390 165)
(20 395 165)
(20 205 170)
(20 210 170)
(20 215 170)
(20 220 170)
(20 225 170)
(20 230 170)
(20 235 170)
(20 240 170)
(20 245 170)
(20 250 170)
(20 255 170)
(20 260 170)
(20 265 170)
(20 270 170)
(20 275 170)
(20 280 170)
(20 285 170)
(20 290 170)
(20 295 170)
(20 300 170)
(20 305 170)
(20 310 170)
(20 315 170)
(20 320 170)
(20 325 170)
(20 330 170)
(20 335 170)
(20 340 170)
(20 345 170)
(20 350 170)
(20 355 170)
(20 360 170)
(20 365 170)
(20 370 170)
(20 375 170)
(20 380 170)
(20 385 170)
(20 390 170)
(20 395 170)
(20 205 175)
(20 210 175)
(20 215 175)
(20 220 175)
(20 225 175)
(20 230 175)
(20 235 175)
(20 240 175)
(20 245 175)
(20 250 175)
(20 255 175)
(20 260 175)
(20 265 175)
(20 270 175)
(20 275 175)
(20 280 175)
(20 285 175)
(20 290 175)
(20 295 175)
(20 300 175)
(20 305 175)
(20 310 175)
(20 315 175)
(20 320 175)
(20 325 175)
(20 330 175)
(20 335 175)
(20 340 175)
(20 345 175)
(20 350 175)
(20 355 175)
(20 360 175)
(20 365 175)
(20 370 175)
(20 375 175)
(20 380 175)
(20 385 175)
(20 390 175)
(20 395 175)
(20 205 180)
(20 210 180)
(20 215 180)
(20 220 180)
(20 225 180)
(20 230 180)
(20 235 180)
(20 240 180)
(20 245 180)
(20 250 180)
(20 255 180)
(20 260 180)
(20 265 180)
(20 270 180)
(20 275 180)
(20 280 180)
(20 285 180)
(20 290 180)
(20 295 180)
(20 300 180)
(20 305 180)
(20 310 180)
(20 315 180)
(20 320 180)
(20 325 180)
(20 330 180)
(20 335 180)
(20 340 180)
(20 345 180)
(20 350 180)
(20 355 180)
(20 360 180)
(20 365 180)
(20 370 180)
(20 375 180)
(20 380 180)
(20 385 180)
(20 390 180)
(20 395 180)
(20 205 185)
(20 210 185)
(20 215 185)
(20 220 185)
(20 225 185)
(20 230 185)
(20 235 185)
(20 240 185)
(20 245 185)
(20 250 185)
(20 255 185)
(20 260 185)
(20 265 185)
(20 270 185)
(20 275 185)
(20 280 185)
(20 285 185)
(20 290 185)
(20 295 185)
(20 300 185)
(20 305 185)
(20 310 185)
(20 315 185)
(20 320 185)
(20 325 185)
(20 330 185)
(20 335 185)
(20 340 185)
(20 345 185)
(20 350 185)
(20 355 185)
(20 360 185)
(20 365 185)
(20 370 185)
(20 375 185)
(20 380 185)
(20 385 185)
(20 390 185)
(20 395 185)
(20 205 190)
(20 210 190)
(20 215 190)
(20 220 190)
(20 225 190)
(20 230 190)
(20 235 190)
(20 240 190)
(20 245 190)
(20 250 190)
(20 255 190)
(20 260 190)
(20 265 190)
(20 270 190)
(20 275 190)
(20 280 190)
(20 285 190)
(20 290 190)
(20 295 190)
(20 300 190)
(20 305 190)
(20 310 190)
(20 315 190)
(20 320 190)
(20 325 190)
(20 330 190)
(20 335 190)
(20 340 190)
(20 345 190)
(20 350 190)
(20 355 190)
(20 360 190)
(20 365 190)
(20 370 190)
(20 375 190)
(20 380 190)
(20 385 190)
(20 390 190)
(20 395 190)
(20 205 195)
(20 210 195)
(20 215 195)
(20 220 195)
(20 225 195)
(20 230 195)
(20 235 195)
(20 240 195)
(20 245 195)
(20 250 195)
(20 255 195)
(20 260 195)
(20 265 195)
(20 270 195)
(20 275 195)
(20 280 195)
(20 285 195)
(20 290 195)
(20 295 195)
(20 300 195)
(20 305 195)
(20 310 195)
(20 315 195)
(20 320 195)
(20 325 195)
(20 330 195)
(20 335 195)
(20 340 195)
(20 345 195)
(20 350 195)
(20 355 195)
(20 360 195)
(20 365 195)
(20 370 195)
(20 375 195)
(20 380 195)
(20 385 195)
(20 390 195)
(20 395 195)
(0 0 0)
(20 0 0)
(0 0 200)
(20 0 200)
(0 200 0)
(20 200 0)
(0 200 200)
(20 200 200)
(0 0 10)
(0 0 20)
(0 0 30)
(0 0 40)
(0 0 50)
(0 0 60)
(0 0 70)
(0 0 80)
(0 0 90)
(0 0 100)
(0 0 110)
(0 0 120)
(0 0 130)
(0 0 140)
(0 0 150)
(0 0 160)
(0 0 170)
(0 0 180)
(0 0 190)
(0 10 200)
(0 20 200)
(0 30 200)
(0 40 200)
(0 50 200)
(0 60 200)
(0 70 200)
(0 80 200)
(0 90 200)
(0 100 200)
(0 110 200)
(0 120 200)
(0 130 200)
(0 140 200)
(0 150 200)
(0 160 200)
(0 170 200)
(0 180 200)
(0 190 200)
(0 200 10)
(0 200 20)
(0 200 30)
(0 200 40)
(0 200 50)
(0 200 60)
(0 200 70)
(0 200 80)
(0 200 90)
(0 200 100)
(0 200 110)
(0 200 120)
(0 200 130)
(0 200 140)
(0 200 150)
(0 200 160)
(0 200 170)
(0 200 180)
(0 200 190)
(0 10 0)
(0 20 0)
(0 30 0)
(0 40 0)
(0 50 0)
(0 60 0)
(0 70 0)
(0 80 0)
(0 90 0)
(0 100 0)
(0 110 0)
(0 120 0)
(0 130 0)
(0 140 0)
(0 150 0)
(0 160 0)
(0 170 0)
(0 180 0)
(0 190 0)
(0 10 10)
(0 20 10)
(0 30 10)
(0 40 10)
(0 50 10)
(0 60 10)
(0 70 10)
(0 80 10)
(0 90 10)
(0 100 10)
(0 110 10)
(0 120 10)
(0 130 10)
(0 140 10)
(0 150 10)
(0 160 10)
(0 170 10)
(0 180 10)
(0 190 10)
(0 10 20)
(0 20 20)
(0 30 20)
(0 40 20)
(0 50 20)
(0 60 20)
(0 70 20)
(0 80 20)
(0 90 20)
(0 100 20)
(0 110 20)
(0 120 20)
(0 130 20)
(0 140 20)
(0 150 20)
(0 160 20)
(0 170 20)
(0 180 20)
(0 190 20)
(0 10 30)
(0 20 30)
(0 30 30)
(0 40 30)
(0 50 30)
(0 60 30)
(0 70 30)
(0 80 30)
(0 90 30)
(0 100 30)
(0 110 30)
(0 120 30)
(0 130 30)
(0 140 30)
(0 150 30)
(0 160 30)
(0 170 30)
(0 180 30)
(0 190 30)
(0 10 40)
(0 20 40)
(0 30 40)
(0 40 40)
(0 50 40)
(0 60 40)
(0 70 40)
(0 80 40)
(0 90 40)
(0 100 40)
(0 110 40)
(0 120 40)
(0 130 40)
(0 140 40)
(0 150 40)
(0 160 40)
(0 170 40)
(0 180 40)
(0 190 40)
(0 10 50)
(0 20 50)
(0 30 50)
(0 40 50)
(0 50 50)
(0 60 50)
(0 70 50)
(0 80 50)
(0 90 50)
(0 100 50)
(0 110 50)
(0 120 50)
(0 130 50)
(0 140 50)
(0 150 50)
(0 160 50)
(0 170 50)
(0 180 50)
(0 190 50)
(0 10 60)
(0 20 60)
(0 30 60)
(0 40 60)
(0 50 60)
(0 60 60)
(0 70 60)
(0 80 60)
(0 90 60)
(0 100 60)
(0 110 60)
(0 120 60)
(0 130 60)
(0 140 60)
(0 150 60)
(0 160 60)
(0 170 60)
(0 180 60)
(0 190 60)
(0 10 70)
(0 20 70)
(0 30 70)
(0 40 70)
(0 50 70)
(0 60 70)
(0 70 70)
(0 80 70)
(0 90 70)
(0 100 70)
(0 110 70)
(0 120 70)
(0 130 70)
(0 140 70)
(0 150 70)
(0 160 70)
(0 170 70)
(0 180 70)
(0 190 70)
(0 10 80)
(0 20 80)
(0 30 80)
(0 40 80)
(0 50 80)
(0 60 80)
(0 70 80)
(0 80 80)
(0 90 80)
(0 100 80)
(0 110 80)
(0 120 80)
(0 130 80)
(0 140 80)
(0 150 80)
(0 160 80)
(0 170 80)
(0 180 80)
(0 190 80)
(0 10 90)
(0 20 90)
(0 30 90)
(0 40 90)
(0 50 90)
(0 60 90)
(0 70 90)
(0 80 90)
(0 90 90)
(0 100 90)
(0 110 90)
(0 120 90)
(0 130 90)
(0 140 90)
(0 150 90)
(0 160 90)
(0 170 90)
(0 180 90)
(0 190 90)
(0 10 100)
(0 20 100)
(0 30 100)
(0 40 100)
(0 50 100)
(0 60 100)
(0 70 100)
(0 80 100)
(0 90 100)
(0 100 100)
(0 110 100)
(0 120 100)
(0 130 100)
(0 140 100)
(0 150 100)
(0 160 100)
(0 170 100)
(0 180 100)
(0 190 100)
(0 10 110)
(0 20 110)
(0 30 110)
(0 40 110)
(0 50 110)
(0 60 110)
(0 70 110)
(0 80 110)
(0 90 110)
(0 100 110)
(0 110 110)
(0 120 110)
(0 130 110)
(0 140 110)
(0 150 110)
(0 160 110)
(0 170 110)
(0 180 110)
(0 190 110)
(0 10 120)
(0 20 120)
(0 30 120)
(0 40 120)
(0 50 120)
(0 60 120)
(0 70 120)
(0 80 120)
(0 90 120)
(0 100 120)
(0 110 120)
(0 120 120)
(0 130 120)
(0 140 120)
(0 150 120)
(0 160 120)
(0 170 120)
(0 180 120)
(0 190 120)
(0 10 130)
(0 20 130)
(0 30 130)
(0 40 130)
(0 50 130)
(0 60 130)
(0 70 130)
(0 80 130)
(0 90 130)
(0 100 130)
(0 110 130)
(0 120 130)
(0 130 130)
(0 140 130)
(0 150 130)
(0 160 130)
(0 170 130)
(0 180 130)
(0 190 130)
(0 10 140)
(0 20 140)
(0 30 140)
(0 40 140)
(0 50 140)
(0 60 140)
(0 70 140)
(0 80 140)
(0 90 140)
(0 100 140)
(0 110 140)
(0 120 140)
(0 130 140)
(0 140 140)
(0 150 140)
(0 160 140)
(0 170 140)
(0 180 140)
(0 190 140)
(0 10 150)
(0 20 150)
(0 30 150)
(0 40 150)
(0 50 150)
(0 60 150)
(0 70 150)
(0 80 150)
(0 90 150)
(0 100 150)
(0 110 150)
(0 120 150)
(0 130 150)
(0 140 150)
(0 150 150)
(0 160 150)
(0 170 150)
(0 180 150)
(0 190 150)
(0 10 160)
(0 20 160)
(0 30 160)
(0 40 160)
(0 50 160)
(0 60 160)
(0 70 160)
(0 80 160)
(0 90 160)
(0 100 160)
(0 110 160)
(0 120 160)
(0 130 160)
(0 140 160)
(0 150 160)
(0 160 160)
(0 170 160)
(0 180 160)
(0 190 160)
(0 10 170)
(0 20 170)
(0 30 170)
(0 40 170)
(0 50 170)
(0 60 170)
(0 70 170)
(0 80 170)
(0 90 170)
(0 100 170)
(0 110 170)
(0 120 170)
(0 130 170)
(0 140 170)
(0 150 170)
(0 160 170)
(0 170 170)
(0 180 170)
(0 190 170)
(0 10 180)
(0 20 180)
(0 30 180)
(0 40 180)
(0 50 180)
(0 60 180)
(0 70 180)
(0 80 180)
(0 90 180)
(0 100 180)
(0 110 180)
(0 120 180)
(0 130 180)
(0 140 180)
(0 150 180)
(0 160 180)
(0 170 180)
(0 180 180)
(0 190 180)
(0 10 190)
(0 20 190)
(0 30 190)
(0 40 190)
(0 50 190)
(0 60 190)
(0 70 190)
(0 80 190)
(0 90 190)
(0 100 190)
(0 110 190)
(0 120 190)
(0 130 190)
(0 140 190)
(0 150 190)
(0 160 190)
(0 170 190)
(0 180 190)
(0 190 190)
(20 0 10)
(20 0 20)
(20 0 30)
(20 0 40)
(20 0 50)
(20 0 60)
(20 0 70)
(20 0 80)
(20 0 90)
(20 0 100)
(20 0 110)
(20 0 120)
(20 0 130)
(20 0 140)
(20 0 150)
(20 0 160)
(20 0 170)
(20 0 180)
(20 0 190)
(20 10 200)
(20 20 200)
(20 30 200)
(20 40 200)
(20 50 200)
(20 60 200)
(20 70 200)
(20 80 200)
(20 90 200)
(20 100 200)
(20 110 200)
(20 120 200)
(20 130 200)
(20 140 200)
(20 150 200)
(20 160 200)
(20 170 200)
(20 180 200)
(20 190 200)
(20 200 10)
(20 200 20)
(20 200 30)
(20 200 40)
(20 200 50)
(20 200 60)
(20 200 70)
(20 200 80)
(20 200 90)
(20 200 100)
(20 200 110)
(20 200 120)
(20 200 130)
(20 200 140)
(20 200 150)
(20 200 160)
(20 200 170)
(20 200 180)
(20 200 190)
(20 10 0)
(20 20 0)
(20 30 0)
(20 40 0)
(20 50 0)
(20 60 0)
(20 70 0)
(20 80 0)
(20 90 0)
(20 100 0)
(20 110 0)
(20 120 0)
(20 130 0)
(20 140 0)
(20 150 0)
(20 160 0)
(20 170 0)
(20 180 0)
(20 190 0)
(20 10 10)
(20 20 10)
(20 30 10)
(20 40 10)
(20 50 10)
(20 60 10)
(20 70 10)
(20 80 10)
(20 90 10)
(20 100 10)
(20 110 10)
(20 120 10)
(20 130 10)
(20 140 10)
(20 150 10)
(20 160 10)
(20 170 10)
(20 180 10)
(20 190 10)
(20 10 20)
(20 20 20)
(20 30 20)
(20 40 20)
(20 50 20)
(20 60 20)
(20 70 20)
(20 80 20)
(20 90 20)
(20 100 20)
(20 110 20)
(20 120 20)
(20 130 20)
(20 140 20)
(20 150 20)
(20 160 20)
(20 170 20)
(20 180 20)
(20 190 20)
(20 10 30)
(20 20 30)
(20 30 30)
(20 40 30)
(20 50 30)
(20 60 30)
(20 70 30)
(20 80 30)
(20 90 30)
(20 100 30)
(20 110 30)
(20 120 30)
(20 130 30)
(20 140 30)
(20 150 30)
(20 160 30)
(20 170 30)
(20 180 30)
(20 190 30)
(20 10 40)
(20 20 40)
(20 30 40)
(20 40 40)
(20 50 40)
(20 60 40)
(20 70 40)
(20 80 40)
(20 90 40)
(20 100 40)
(20 110 40)
(20 120 40)
(20 130 40)
(20 140 40)
(20 150 40)
(20 160 40)
(20 170 40)
(20 180 40)
(20 190 40)
(20 10 50)
(20 20 50)
(20 30 50)
(20 40 50)
(20 50 50)
(20 60 50)
(20 70 50)
(20 80 50)
(20 90 50)
(20 100 50)
(20 110 50)
(20 120 50)
(20 130 50)
(20 140 50)
(20 150 50)
(20 160 50)
(20 170 50)
(20 180 50)
(20 190 50)
(20 10 60)
(20 20 60)
(20 30 60)
(20 40 60)
(20 50 60)
(20 60 60)
(20 70 60)
(20 80 60)
(20 90 60)
(20 100 60)
(20 110 60)
(20 120 60)
(20 130 60)
(20 140 60)
(20 150 60)
(20 160 60)
(20 170 60)
(20 180 60)
(20 190 60)
(20 10 70)
(20 20 70)
(20 30 70)
(20 40 70)
(20 50 70)
(20 60 70)
(20 70 70)
(20 80 70)
(20 90 70)
(20 100 70)
(20 110 70)
(20 120 70)
(20 130 70)
(20 140 70)
(20 150 70)
(20 160 70)
(20 170 70)
(20 180 70)
(20 190 70)
(20 10 80)
(20 20 80)
(20 30 80)
(20 40 80)
(20 50 80)
(20 60 80)
(20 70 80)
(20 80 80)
(20 90 80)
(20 100 80)
(20 110 80)
(20 120 80)
(20 130 80)
(20 140 80)
(20 150 80)
(20 160 80)
(20 170 80)
(20 180 80)
(20 190 80)
(20 10 90)
(20 20 90)
(20 30 90)
(20 40 90)
(20 50 90)
(20 60 90)
(20 70 90)
(20 80 90)
(20 90 90)
(20 100 90)
(20 110 90)
(20 120 90)
(20 130 90)
(20 140 90)
(20 150 90)
(20 160 90)
(20 170 90)
(20 180 90)
(20 190 90)
(20 10 100)
(20 20 100)
(20 30 100)
(20 40 100)
(20 50 100)
(20 60 100)
(20 70 100)
(20 80 100)
(20 90 100)
(20 100 100)
(20 110 100)
(20 120 100)
(20 130 100)
(20 140 100)
(20 150 100)
(20 160 100)
(20 170 100)
(20 180 100)
(20 190 100)
(20 10 110)
(20 20 110)
(20 30 110)
(20 40 110)
(20 50 110)
(20 60 110)
(20 70 110)
(20 80 110)
(20 90 110)
(20 100 110)
(20 110 110)
(20 120 110)
(20 130 110)
(20 140 110)
(20 150 110)
(20 160 110)
(20 170 110)
(20 180 110)
(20 190 110)
(20 10 120)
(20 20 120)
(20 30 120)
(20 40 120)
(20 50 120)
(20 60 120)
(20 70 120)
(20 80 120)
(20 90 120)
(20 100 120)
(20 110 120)
(20 120 120)
(20 130 120)
(20 140 120)
(20 150 120)
(20 160 120)
(20 170 120)
(20 180 120)
(20 190 120)
(20 10 130)
(20 20 130)
(20 30 130)
(20 40 130)
(20 50 130)
(20 60 130)
(20 70 130)
(20 80 130)
(20 90 130)
(20 100 130)
(20 110 130)
(20 120 130)
(20 130 130)
(20 140 130)
(20 150 130)
(20 160 130)
(20 170 130)
(20 180 130)
(20 190 130)
(20 10 140)
(20 20 140)
(20 30 140)
(20 40 140)
(20 50 140)
(20 60 140)
(20 70 140)
(20 80 140)
(20 90 140)
(20 100 140)
(20 110 140)
(20 120 140)
(20 130 140)
(20 140 140)
(20 150 140)
(20 160 140)
(20 170 140)
(20 180 140)
(20 190 140)
(20 10 150)
(20 20 150)
(20 30 150)
(20 40 150)
(20 50 150)
(20 60 150)
(20 70 150)
(20 80 150)
(20 90 150)
(20 100 150)
(20 110 150)
(20 120 150)
(20 130 150)
(20 140 150)
(20 150 150)
(20 160 150)
(20 170 150)
(20 180 150)
(20 190 150)
(20 10 160)
(20 20 160)
(20 30 160)
(20 40 160)
(20 50 160)
(20 60 160)
(20 70 160)
(20 80 160)
(20 90 160)
(20 100 160)
(20 110 160)
(20 120 160)
(20 130 160)
(20 140 160)
(20 150 160)
(20 160 160)
(20 170 160)
(20 180 160)
(20 190 160)
(20 10 170)
(20 20 170)
(20 30 170)
(20 40 170)
(20 50 170)
(20 60 170)
(20 70 170)
(20 80 170)
(20 90 170)
(20 100 170)
(20 110 170)
(20 120 170)
(20 130 170)
(20 140 170)
(20 150 170)
(20 160 170)
(20 170 170)
(20 180 170)
(20 190 170)
(20 10 180)
(20 20 180)
(20 30 180)
(20 40 180)
(20 50 180)
(20 60 180)
(20 70 180)
(20 80 180)
(20 90 180)
(20 100 180)
(20 110 180)
(20 120 180)
(20 130 180)
(20 140 180)
(20 150 180)
(20 160 180)
(20 170 180)
(20 180 180)
(20 190 180)
(20 10 190)
(20 20 190)
(20 30 190)
(20 40 190)
(20 50 190)
(20 60 190)
(20 70 190)
(20 80 190)
(20 90 190)
(20 100 190)
(20 110 190)
(20 120 190)
(20 130 190)
(20 140 190)
(20 150 190)
(20 160 190)
(20 170 190)
(20 180 190)
(20 190 190)
)


// ************************************************************************* //
