/*--------------------------------*- C++ -*----------------------------------*\
| =========                 |                                                 |
| \\      /  F ield         | OpenFOAM: The Open Source CFD Toolbox           |
|  \\    /   O peration     | Version:  4.1                                   |
|   \\  /    A nd           | Web:      www.OpenFOAM.org                      |
|    \\/     M anipulation  |                                                 |
\*---------------------------------------------------------------------------*/
FoamFile
{
    version     2.0;
    format      ascii;
    class       volVectorField;
    location    "1";
    object      U;
}
// * * * * * * * * * * * * * * * * * * * * * * * * * * * * * * * * * * * * * //

dimensions      [0 1 -1 0 0 0 0];

internalField   nonuniform List<vector> 
1705
(
(-1.03911e-63 -1.86423e-28 1.18059e-30)
(-6.12829e-62 3.87745e-29 1.61462e-30)
(-1.03796e-63 -1.8555e-28 4.86687e-30)
(3.59447e-61 -4.2116e-28 2.66839e-30)
(6.64816e-58 -1.75702e-28 -1.70865e-30)
(1.29321e-54 3.16386e-29 1.68581e-29)
(5.29002e-53 -2.11091e-28 2.53626e-30)
(9.46546e-50 -4.25811e-28 -6.37176e-30)
(5.8036e-47 -1.6522e-28 -4.2737e-30)
(2.17141e-44 2.02378e-29 3.31567e-29)
(5.76131e-47 -2.39073e-28 -6.96661e-31)
(7.7412e-50 -1.8079e-28 4.69938e-31)
(1.56453e-51 1.60943e-31 4.15238e-29)
(1.79024e-54 -2.5896e-28 8.51771e-30)
(8.45211e-52 -4.47791e-28 -1.02762e-30)
(1.09408e-48 -1.89795e-28 -3.5842e-30)
(2.96798e-47 -3.16339e-29 6.37636e-29)
(4.48125e-44 -3.07347e-28 5.37073e-30)
(3.15754e-46 -2.26559e-28 1.58928e-30)
(1.0533e-48 -7.22238e-29 8.48933e-29)
(1.4096e-50 -3.48876e-28 1.86463e-29)
(8.85239e-47 -5.06306e-28 5.248e-30)
(6.62425e-44 -2.62656e-28 -4.71604e-30)
(9.17887e-48 -1.26144e-28 1.21906e-28)
(8.32396e-49 -4.2079e-28 1.51076e-29)
(-7.1783e-46 -5.53916e-28 -6.0599e-30)
(-1.41872e-43 -3.10526e-28 -1.34067e-29)
(1.00245e-45 -1.88313e-28 1.68719e-28)
(-2.19321e-44 -5.02821e-28 8.6453e-30)
(-5.43575e-46 -3.95261e-28 -6.05941e-30)
(-2.16402e-47 -2.63691e-28 2.30225e-28)
(-1.5236e-43 -5.87898e-28 3.03857e-29)
(-4.11994e-46 -7.11227e-28 1.21117e-30)
(-1.52361e-43 -4.90426e-28 -1.94506e-29)
(-2.13182e-47 -3.60565e-28 3.12766e-28)
(-3.9062e-48 -7.19691e-28 2.2833e-29)
(2.39965e-48 -6.34079e-28 -5.8766e-30)
(1.55389e-44 -4.80296e-28 4.30508e-28)
(1.47506e-42 -8.70758e-28 5.72901e-29)
(8.11194e-39 -1.03737e-27 1.73504e-29)
(9.70937e-38 -1.17285e-27 3.59137e-28)
(9.18338e-38 -1.4169e-27 3.28042e-28)
(8.44469e-38 -1.45569e-27 2.91065e-28)
(-7.95063e-36 1.26751e-26 1.6503e-27)
(1.54265e-36 -2.75318e-28 1.89858e-27)
(-7.93585e-36 -1.39305e-26 1.4285e-27)
(7.00935e-38 -4.09753e-28 3.69909e-28)
(2.94626e-38 -4.43496e-28 3.58623e-28)
(-9.12029e-37 -6.73402e-28 7.56253e-28)
(-8.7358e-37 -8.41327e-28 7.39231e-28)
(-8.85292e-37 -1.07927e-27 7.03992e-28)
(-9.59786e-37 -1.1263e-27 6.76267e-28)
(-3.80266e-35 1.30782e-26 1.98034e-27)
(6.98332e-36 3.7329e-29 2.05601e-27)
(-3.78545e-35 -1.36922e-26 1.86646e-27)
(2.953e-37 -1.40811e-28 7.52512e-28)
(2.60864e-36 -1.77606e-28 1.12685e-27)
(1.43051e-36 -4.09639e-28 1.12907e-27)
(1.43364e-36 -5.7612e-28 1.11433e-27)
(1.43944e-36 -8.11727e-28 1.08799e-27)
(1.77047e-36 -8.55053e-28 1.06847e-27)
(1.86451e-34 1.34564e-26 2.31724e-27)
(-3.51608e-35 2.16914e-28 2.16235e-27)
(1.83596e-34 -1.35896e-26 2.32148e-27)
(-2.53609e-36 1.41435e-28 1.44592e-27)
(-1.09666e-37 9.52822e-29 1.45071e-27)
(-9.35142e-38 -1.44344e-28 1.45605e-27)
(-8.1801e-38 -3.13139e-28 1.44973e-27)
(-7.05652e-38 -5.53051e-28 1.43199e-27)
(-2.97168e-37 -5.9629e-28 1.4203e-27)
(-1.22949e-34 1.40171e-26 2.62784e-27)
(1.268e-35 7.48025e-28 2.19857e-27)
(-1.04842e-35 -1.33252e-26 2.8692e-27)
(-4.96081e-37 3.4259e-28 1.62326e-27)
(-5.03467e-37 2.73043e-28 1.62911e-27)
(-5.1145e-37 1.79278e-29 1.64095e-27)
(-5.19404e-37 -1.64769e-28 1.64005e-27)
(-5.27337e-37 -3.85816e-28 1.62855e-27)
(-5.33604e-37 -5.02209e-28 1.61498e-27)
(-5.30194e-36 6.95037e-27 2.17182e-27)
(3.07164e-37 5.57308e-27 4.08354e-28)
(-6.3867e-43 -1.42952e-28 -3.06002e-29)
(-9.40909e-44 -7.32945e-29 7.29126e-30)
(1.81786e-43 -3.91493e-29 -3.03294e-29)
(-6.66513e-47 -4.26034e-29 4.06931e-30)
(1.15477e-48 -3.92706e-29 -3.12359e-29)
(1.10143e-48 -7.38671e-29 -2.55835e-29)
(-1.96048e-47 -1.25886e-29 2.06465e-30)
(1.58541e-43 -3.78894e-29 -2.68392e-29)
(-1.52363e-43 -4.82854e-29 -2.20857e-29)
(-2.71259e-47 -1.64885e-29 -8.5685e-32)
(-9.73793e-49 -1.06124e-29 -2.41411e-29)
(-2.24851e-47 -1.85994e-29 -1.34618e-30)
(3.48635e-44 -4.81501e-29 -2.53843e-29)
(-1.57167e-43 -2.49467e-29 -2.11075e-29)
(-2.6579e-47 -2.04655e-29 -2.50537e-30)
(-7.50117e-49 -1.69875e-29 -2.1719e-29)
(-1.7569e-44 -2.62244e-29 -3.77916e-30)
(1.4578e-43 -5.1271e-29 -2.25658e-29)
(-1.53365e-43 -9.71039e-30 -1.85659e-29)
(-2.61316e-47 -2.60722e-29 -3.773e-30)
(-1.05526e-48 -5.23406e-29 -1.83947e-29)
(-1.05356e-48 -8.17757e-30 -1.56299e-29)
(-2.0595e-47 -2.56481e-29 -2.5813e-30)
(-1.57221e-43 -2.32756e-29 -1.51467e-29)
(-2.06104e-47 -3.10576e-29 -3.59462e-30)
(-1.0597e-48 -4.27467e-29 -1.45074e-29)
(-1.0761e-48 -4.25738e-30 -1.18733e-29)
(-2.41257e-47 -1.93613e-29 -2.10947e-30)
(-1.564e-43 -1.89251e-29 -1.16189e-29)
(-4.74504e-47 -2.28937e-29 -2.66578e-30)
(-1.51287e-43 -2.70472e-29 -1.11568e-29)
(-8.51464e-48 -3.48875e-30 -9.08002e-30)
(-2.61366e-47 -1.27363e-29 -1.22862e-30)
(-1.57287e-43 -1.70633e-29 -8.84411e-30)
(-8.16741e-48 -5.62539e-30 -7.59841e-30)
(-4.98085e-49 2.00273e-30 2.25988e-31)
(-1.07431e-48 -3.25323e-30 -7.96205e-30)
(-2.49202e-47 1.16882e-30 1.02354e-30)
(-1.51339e-43 6.70131e-30 -8.10792e-30)
(-2.44409e-304 1.79289e-34 -8.96489e-34)
(-1.86908e-297 -7.07392e-35 -1.25276e-32)
(-1.41753e-290 -8.10921e-35 -3.37351e-32)
(-1.06581e-283 6.44175e-35 -5.55398e-32)
(-7.9415e-277 2.91134e-34 -7.94136e-32)
(-5.8617e-270 5.94994e-34 -1.06006e-31)
(-4.28405e-263 9.83283e-34 -1.35913e-31)
(-3.09879e-256 1.46967e-33 -1.69761e-31)
(-2.21727e-249 2.07384e-33 -2.08291e-31)
(-1.56857e-242 2.8217e-33 -2.52441e-31)
(-1.09646e-235 3.7456e-33 -3.03453e-31)
(-7.56864e-229 4.88466e-33 -3.62979e-31)
(-5.15565e-222 6.28522e-33 -4.33197e-31)
(-3.46316e-215 8.0016e-33 -5.16914e-31)
(-2.29213e-208 1.00972e-32 -6.1767e-31)
(-1.49351e-201 1.26462e-32 -7.39832e-31)
(-9.57111e-195 1.57355e-32 -8.88694e-31)
(-6.02631e-188 1.94682e-32 -1.07057e-30)
(-3.72369e-181 2.39675e-32 -1.29291e-30)
(-2.25515e-174 2.93813e-32 -1.56445e-30)
(-1.33671e-167 3.58882e-32 -1.89542e-30)
(-7.7422e-161 4.37036e-32 -2.29776e-30)
(-4.37399e-154 5.30839e-32 -2.7855e-30)
(-2.40541e-147 6.43321e-32 -3.3751e-30)
(-1.28464e-140 7.77963e-32 -4.08594e-30)
(-6.64477e-134 9.38596e-32 -4.9407e-30)
(-3.3183e-127 1.12917e-31 -5.96568e-30)
(-1.59395e-120 1.35312e-31 -7.19061e-30)
(-7.33215e-114 1.61219e-31 -8.64771e-30)
(-3.2126e-107 1.90402e-31 -1.03689e-29)
(-1.33196e-100 2.21774e-31 -1.23793e-29)
(-5.1828e-94 2.52574e-31 -1.46855e-29)
(-1.87297e-87 2.76967e-31 -1.72508e-29)
(-6.20084e-81 2.83842e-31 -1.99545e-29)
(-1.84648e-74 2.54023e-31 -2.25248e-29)
(-4.82024e-68 1.5852e-31 -2.44499e-29)
(-1.06225e-61 -3.71389e-32 -2.49013e-29)
(-1.8614e-55 -3.52767e-31 -2.278e-29)
(-2.33008e-49 -7.90769e-31 -1.8029e-29)
(-2.27178e-308 -1.70991e-33 -9.47045e-34)
(-1.72184e-301 -2.34114e-33 -1.25818e-32)
(-1.29379e-294 -2.32552e-33 -3.37121e-32)
(-9.63414e-288 -1.88189e-33 -5.54708e-32)
(-7.10669e-281 -1.17337e-33 -7.93139e-32)
(-5.19088e-274 -2.03179e-34 -1.05875e-31)
(-3.75261e-267 1.0548e-33 -1.35746e-31)
(-2.68368e-260 2.64209e-33 -1.69554e-31)
(-1.8976e-253 4.61416e-33 -2.08034e-31)
(-1.32589e-246 7.04095e-33 -2.52123e-31)
(-9.14902e-240 1.00083e-32 -3.03061e-31)
(-6.23045e-233 1.36202e-32 -3.62496e-31)
(-4.18439e-226 1.80016e-32 -4.32604e-31)
(-2.76934e-219 2.33028e-32 -5.16188e-31)
(-1.80462e-212 2.97049e-32 -6.16785e-31)
(-1.1568e-205 3.74264e-32 -7.38759e-31)
(-7.28724e-199 4.67319e-32 -8.87395e-31)
(-4.50624e-192 5.79421e-32 -1.069e-30)
(-2.73201e-185 7.14454e-32 -1.29102e-30)
(-1.62173e-178 8.7712e-32 -1.56218e-30)
(-9.41128e-172 1.07309e-31 -1.89269e-30)
(-5.33033e-165 1.30914e-31 -2.29449e-30)
(-2.94081e-158 1.59332e-31 -2.78157e-30)
(-1.57704e-151 1.93502e-31 -3.3704e-30)
(-8.19976e-145 2.34491e-31 -4.08033e-30)
(-4.12187e-138 2.83469e-31 -4.93404e-30)
(-1.99648e-131 3.41627e-31 -5.95783e-30)
(-9.281e-125 4.09998e-31 -7.18148e-30)
(-4.12127e-118 4.891e-31 -8.63734e-30)
(-1.73816e-111 5.78224e-31 -1.03575e-29)
(-6.91371e-105 6.74104e-31 -1.23678e-29)
(-2.57078e-98 7.68475e-31 -1.46755e-29)
(-8.83558e-92 8.43867e-31 -1.72458e-29)
(-2.76526e-85 8.66993e-31 -1.99605e-29)
(-7.7213e-79 7.80304e-31 -2.25516e-29)
(-1.86768e-72 4.96563e-31 -2.451e-29)
(-3.73825e-66 -8.86221e-32 -2.50054e-29)
(-5.71057e-60 -1.03477e-30 -2.29324e-29)
(-5.54127e-54 -2.16927e-30 -1.78406e-29)
(1.66418e-305 -5.74952e-33 -1.02328e-33)
(1.28124e-298 -6.54146e-33 -1.26529e-32)
(9.78305e-292 -6.41399e-33 -3.36473e-32)
(7.40575e-285 -5.66024e-33 -5.53148e-32)
(5.55575e-278 -4.44262e-33 -7.90843e-32)
(4.12866e-271 -2.75216e-33 -1.05568e-31)
(3.03787e-264 -5.3993e-34 -1.35352e-31)
(2.21212e-257 2.26372e-33 -1.6906e-31)
(1.5933e-250 5.74639e-33 -2.07425e-31)
(1.13446e-243 1.00147e-32 -2.51379e-31)
(7.98007e-237 1.51975e-32 -3.02157e-31)
(5.54196e-230 2.14512e-32 -3.61406e-31)
(3.797e-223 2.89665e-32 -4.31291e-31)
(2.56443e-216 3.79787e-32 -5.1461e-31)
(1.70582e-209 4.87784e-32 -6.14889e-31)
(1.11649e-202 6.17259e-32 -7.36481e-31)
(7.18289e-196 7.72666e-32 -8.84656e-31)
(4.53691e-189 9.59491e-32 -1.0657e-30)
(2.80982e-182 1.18445e-31 -1.28705e-30)
(1.70386e-175 1.45569e-31 -1.55739e-30)
(1.01002e-168 1.78306e-31 -1.88691e-30)
(5.84241e-162 2.17826e-31 -2.28752e-30)
(3.29106e-155 2.65511e-31 -2.77318e-30)
(1.80122e-148 3.2296e-31 -3.36031e-30)
(9.5531e-142 3.91986e-31 -4.06825e-30)
(4.89505e-135 4.74557e-31 -4.91964e-30)
(2.41483e-128 5.72675e-31 -5.94081e-30)
(1.14223e-121 6.88074e-31 -7.16165e-30)
(5.15526e-115 8.2163e-31 -8.61471e-30)
(2.20731e-108 9.72193e-31 -1.03326e-29)
(8.90291e-102 1.13438e-30 -1.23422e-29)
(3.35336e-95 1.29457e-30 -1.46526e-29)
(1.16667e-88 1.42386e-30 -1.72323e-29)
(3.69647e-82 1.46706e-30 -1.99686e-29)
(1.04662e-75 1.32841e-30 -2.26006e-29)
(2.57963e-69 8.61802e-31 -2.46256e-29)
(5.32551e-63 -1.09696e-31 -2.52095e-29)
(8.66442e-57 -1.69278e-30 -2.31978e-29)
(9.9769e-51 -3.49929e-30 -1.74998e-29)
(-2.34273e-304 -9.6027e-33 -1.10543e-33)
(-1.79114e-297 -1.03949e-32 -1.27147e-32)
(-1.3581e-290 -1.00966e-32 -3.35359e-32)
(-1.02088e-283 -9.02408e-33 -5.50765e-32)
(-7.60498e-277 -7.29947e-33 -7.87323e-32)
(-5.61203e-270 -4.89735e-33 -1.05094e-31)
(-4.10065e-263 -1.74631e-33 -1.34743e-31)
(-2.96549e-256 2.25083e-33 -1.68296e-31)
(-2.12146e-249 7.21371e-33 -2.06484e-31)
(-1.50049e-242 1.32862e-32 -2.50233e-31)
(-1.04868e-235 2.06414e-32 -3.00773e-31)
(-7.23766e-229 2.94899e-32 -3.59743e-31)
(-4.92949e-222 4.00907e-32 -4.29299e-31)
(-3.31086e-215 5.27657e-32 -5.12226e-31)
(-2.19114e-208 6.79172e-32 -6.12036e-31)
(-1.42763e-201 8.6048e-32 -7.33061e-31)
(-9.14882e-195 1.07784e-31 -8.8055e-31)
(-5.76064e-188 1.33901e-31 -1.06076e-30)
(-3.55987e-181 1.65349e-31 -1.28109e-30)
(-2.15628e-174 2.03286e-31 -1.55021e-30)
(-1.2784e-167 2.49103e-31 -1.87824e-30)
(-7.40684e-161 3.0446e-31 -2.27704e-30)
(-4.18626e-154 3.71307e-31 -2.76055e-30)
(-2.30337e-147 4.519e-31 -3.34511e-30)
(-1.23093e-140 5.48787e-31 -4.05001e-30)
(-6.3719e-134 6.64742e-31 -4.89791e-30)
(-3.18497e-127 8.02583e-31 -5.91512e-30)
(-1.53156e-120 9.64767e-31 -7.13169e-30)
(-7.05401e-114 1.15258e-30 -8.58051e-30)
(-3.09517e-107 1.36451e-30 -1.0295e-29)
(-1.28537e-100 1.59325e-30 -1.23033e-29)
(-5.01072e-94 1.82006e-30 -1.46176e-29)
(-1.81448e-87 2.0051e-30 -1.72113e-29)
(-6.02078e-81 2.07186e-30 -1.99796e-29)
(-1.79727e-74 1.88674e-30 -2.26726e-29)
(-4.70407e-68 1.24404e-30 -2.47976e-29)
(-1.03944e-61 -1.09768e-31 -2.55164e-29)
(-1.82614e-55 -2.34553e-30 -2.36103e-29)
(-2.29273e-49 -5.17314e-30 -1.80541e-29)
(6.99404e-306 -1.32902e-32 -1.18171e-33)
(5.38445e-299 -1.39961e-32 -1.27516e-32)
(4.11118e-292 -1.34994e-32 -3.33731e-32)
(3.11201e-285 -1.21016e-32 -5.47554e-32)
(2.3345e-278 -9.87217e-33 -7.8259e-32)
(1.73475e-271 -6.766e-33 -1.04457e-31)
(1.27636e-264 -2.68915e-33 -1.33922e-31)
(9.2937e-258 2.48274e-33 -1.67268e-31)
(6.69345e-251 8.90119e-33 -2.05217e-31)
(4.7655e-244 1.67476e-32 -2.48693e-31)
(3.35193e-237 2.62402e-32 -2.98917e-31)
(2.32764e-230 3.76448e-32 -3.57516e-31)
(1.59461e-223 5.12897e-32 -4.26636e-31)
(1.07686e-216 6.7585e-32 -5.09045e-31)
(7.16237e-210 8.70454e-32 -6.08233e-31)
(4.68733e-203 1.10317e-31 -7.28507e-31)
(3.01516e-196 1.38205e-31 -8.75085e-31)
(1.90416e-189 1.7171e-31 -1.05419e-30)
(1.17909e-182 2.1206e-31 -1.27317e-30)
(7.14855e-176 2.60747e-31 -1.54064e-30)
(4.23662e-169 3.19571e-31 -1.86668e-30)
(2.45003e-162 3.90671e-31 -2.26308e-30)
(1.37972e-155 4.7656e-31 -2.74369e-30)
(7.54877e-149 5.80147e-31 -3.32482e-30)
(4.00208e-142 7.04717e-31 -4.02568e-30)
(2.04977e-135 8.5385e-31 -4.86888e-30)
(1.01066e-128 1.03119e-30 -5.88081e-30)
(4.77751e-122 1.23996e-30 -7.09165e-30)
(2.15467e-115 1.48191e-30 -8.53476e-30)
(9.2175e-109 1.7553e-30 -1.02445e-29)
(3.71386e-102 2.0511e-30 -1.22511e-29)
(1.39708e-95 2.3459e-30 -1.45702e-29)
(4.8531e-89 2.5895e-30 -1.7182e-29)
(1.53474e-82 2.68492e-30 -1.99923e-29)
(4.33533e-76 2.46131e-30 -2.27662e-29)
(1.06542e-69 1.65245e-30 -2.50249e-29)
(2.19125e-63 -7.70318e-32 -2.59274e-29)
(3.54657e-57 -2.97723e-30 -2.42105e-29)
(4.04839e-51 -6.78349e-30 -1.89888e-29)
(5.84292e-305 -1.68364e-32 -1.24663e-33)
(4.43665e-298 -1.74206e-32 -1.27566e-32)
(3.33507e-291 -1.67164e-32 -3.3157e-32)
(2.48036e-284 -1.49892e-32 -5.43511e-32)
(1.82386e-277 -1.22576e-32 -7.76652e-32)
(1.32497e-270 -8.45438e-33 -1.03658e-31)
(9.50137e-264 -3.46304e-33 -1.32893e-31)
(6.71907e-257 2.86769e-33 -1.65978e-31)
(4.68046e-250 1.07211e-32 -2.03631e-31)
(3.20743e-243 2.03162e-32 -2.46765e-31)
(2.15896e-236 3.19165e-32 -2.96594e-31)
(1.42475e-229 4.58437e-32 -3.54733e-31)
(9.19711e-223 6.24959e-32 -4.23311e-31)
(5.79056e-216 8.2372e-32 -5.05075e-31)
(3.54242e-209 1.06099e-31 -6.03489e-31)
(2.09481e-202 1.34465e-31 -7.22829e-31)
(1.18853e-195 1.68456e-31 -8.68271e-31)
(6.39499e-189 2.09295e-31 -1.04599e-30)
(3.1982e-182 2.58482e-31 -1.26329e-30)
(1.42721e-175 3.17846e-31 -1.5287e-30)
(5.09388e-169 3.89585e-31 -1.85225e-30)
(7.85112e-163 4.76316e-31 -2.24565e-30)
(-9.10682e-156 5.81111e-31 -2.72265e-30)
(-1.32226e-148 7.07528e-31 -3.29948e-30)
(-1.18806e-141 8.59589e-31 -3.99527e-30)
(-8.87042e-135 1.04169e-30 -4.83261e-30)
(-5.90988e-128 1.25832e-30 -5.8379e-30)
(-3.60745e-121 1.51349e-30 -7.04155e-30)
(-2.03907e-114 1.80952e-30 -8.47744e-30)
(-1.07066e-107 2.14459e-30 -1.01811e-29)
(-5.21528e-101 2.50824e-30 -1.21852e-29)
(-2.34531e-94 2.87285e-30 -1.45099e-29)
(-9.65716e-88 3.17872e-30 -1.71435e-29)
(-3.59721e-81 3.30945e-30 -2.00052e-29)
(-1.19137e-74 3.05784e-30 -2.28791e-29)
(-3.42208e-68 2.09608e-30 -2.53053e-29)
(-8.21407e-62 8.06577e-34 -2.64423e-29)
(-1.55252e-55 -3.57453e-30 -2.49516e-29)
(-2.07671e-49 -8.62043e-30 -1.96742e-29)
(5.25753e-305 -2.02644e-32 -1.29855e-33)
(3.98507e-298 -2.07209e-32 -1.27276e-32)
(2.98951e-291 -1.98094e-32 -3.28868e-32)
(2.21815e-284 -1.77512e-32 -5.38636e-32)
(1.62664e-277 -1.45204e-32 -7.6952e-32)
(1.17799e-270 -1.00271e-32 -1.02698e-31)
(8.41645e-264 -4.13186e-33 -1.31658e-31)
(5.92631e-257 3.34325e-33 -1.64431e-31)
(4.10728e-250 1.26131e-32 -2.01728e-31)
(2.79759e-243 2.39341e-32 -2.44454e-31)
(1.86931e-236 3.76153e-32 -2.93811e-31)
(1.22255e-229 5.40339e-32 -3.514e-31)
(7.80376e-223 7.36583e-32 -4.1933e-31)
(4.84346e-216 9.70757e-32 -5.00324e-31)
(2.90791e-209 1.25025e-31 -5.97814e-31)
(1.67618e-202 1.58437e-31 -7.16036e-31)
(9.16787e-196 1.98475e-31 -8.60119e-31)
(4.66133e-189 2.46582e-31 -1.03619e-30)
(2.11233e-182 3.04532e-31 -1.25146e-30)
(7.60338e-176 3.74482e-31 -1.51442e-30)
(1.08371e-169 4.59027e-31 -1.83498e-30)
(-1.57247e-162 5.61257e-31 -2.22477e-30)
(-2.26337e-155 6.84802e-31 -2.69745e-30)
(-2.07823e-148 8.33865e-31 -3.26912e-30)
(-1.59866e-141 1.01321e-30 -3.95885e-30)
(-1.10324e-134 1.22804e-30 -4.78914e-30)
(-7.01011e-128 1.48374e-30 -5.78645e-30)
(-4.14675e-121 1.78515e-30 -6.98141e-30)
(-2.29265e-114 2.13523e-30 -8.40854e-30)
(-1.18448e-107 2.53229e-30 -1.01047e-29)
(-5.69996e-101 2.96477e-30 -1.21054e-29)
(-2.53968e-94 3.40147e-30 -1.44361e-29)
(-1.03843e-87 3.77413e-30 -1.70946e-29)
(-3.84782e-81 3.94833e-30 -2.00165e-29)
(-1.26961e-74 3.68173e-30 -2.30088e-29)
(-3.63817e-68 2.5839e-30 -2.56363e-29)
(-8.72314e-62 1.36603e-31 -2.70615e-29)
(-1.64871e-55 -4.11432e-30 -2.59347e-29)
(-2.20558e-49 -1.03816e-29 -2.14525e-29)
(6.09411e-309 -2.35926e-32 -1.33793e-33)
(4.58667e-302 -2.39301e-32 -1.26656e-32)
(3.41667e-295 -2.28156e-32 -3.2563e-32)
(2.51744e-288 -2.04265e-32 -5.32933e-32)
(1.83347e-281 -1.67003e-32 -7.61204e-32)
(1.31892e-274 -1.15241e-32 -1.0158e-31)
(9.3632e-268 -4.73563e-33 -1.30219e-31)
(6.55349e-261 3.86969e-33 -1.62629e-31)
(4.51739e-254 1.45379e-32 -1.99513e-31)
(3.06278e-247 2.75629e-32 -2.41765e-31)
(2.03945e-240 4.32985e-32 -2.90574e-31)
(1.3314e-233 6.21777e-32 -3.47524e-31)
(8.50294e-227 8.47385e-32 -4.14702e-31)
(5.2982e-220 1.11656e-31 -4.94801e-31)
(3.20993e-213 1.43781e-31 -5.91217e-31)
(1.88226e-206 1.82184e-31 -7.08139e-31)
(1.06143e-199 2.28205e-31 -8.50642e-31)
(5.70109e-193 2.83506e-31 -1.02478e-30)
(2.87107e-186 3.50129e-31 -1.23771e-30)
(1.31635e-179 4.30559e-31 -1.4978e-30)
(5.13256e-173 5.27785e-31 -1.8149e-30)
(1.33112e-166 6.45363e-31 -2.20049e-30)
(-2.27527e-160 7.87477e-31 -2.66813e-30)
(-6.90682e-153 9.58976e-31 -3.2338e-30)
(-6.83763e-146 1.16536e-30 -3.91644e-30)
(-5.22091e-139 1.41268e-30 -4.7385e-30)
(-3.46844e-132 1.7072e-30 -5.72648e-30)
(-2.08476e-125 2.05467e-30 -6.91125e-30)
(-1.1512e-118 2.4588e-30 -8.32802e-30)
(-5.87017e-112 2.91823e-30 -1.00152e-29)
(-2.7627e-105 3.4207e-30 -1.20114e-29)
(-1.1945e-98 3.93212e-30 -1.43481e-29)
(-4.7048e-92 4.37684e-30 -1.70341e-29)
(-1.66663e-85 4.60413e-30 -2.00237e-29)
(-5.21149e-79 4.33806e-30 -2.3152e-29)
(-1.3992e-72 3.12482e-30 -2.60143e-29)
(-3.08839e-66 3.43579e-31 -2.77819e-29)
(-5.19436e-60 -4.5745e-30 -2.70553e-29)
(-5.6401e-54 -1.16666e-29 -2.28361e-29)
(8.05534e-308 -2.68347e-32 -1.36605e-33)
(6.03974e-301 -2.70673e-32 -1.25722e-32)
(4.48755e-294 -2.57553e-32 -3.21861e-32)
(3.30273e-287 -2.30371e-32 -5.26406e-32)
(2.40663e-280 -1.88201e-32 -7.51715e-32)
(1.73542e-273 -1.29689e-32 -1.00305e-31)
(1.23773e-266 -5.29826e-33 -1.28579e-31)
(8.72628e-260 4.42262e-33 -1.60576e-31)
(6.07772e-253 1.64708e-32 -1.96989e-31)
(4.17896e-246 3.1177e-32 -2.38702e-31)
(2.8346e-239 4.89398e-32 -2.86888e-31)
(1.89524e-232 7.02473e-32 -3.43112e-31)
(1.24797e-225 9.57064e-32 -4.09435e-31)
(8.08524e-219 1.2608e-31 -4.88516e-31)
(5.14834e-212 1.62328e-31 -5.83709e-31)
(3.21822e-205 2.05661e-31 -6.99151e-31)
(1.97228e-198 2.57593e-31 -8.39855e-31)
(1.1833e-191 3.20003e-31 -1.0118e-30)
(6.93868e-185 3.95199e-31 -1.22205e-30)
(3.96927e-178 4.85988e-31 -1.47889e-30)
(2.21045e-171 5.95748e-31 -1.79202e-30)
(1.19547e-164 7.28502e-31 -2.17284e-30)
(6.26137e-158 8.88982e-31 -2.63473e-30)
(3.16562e-151 1.08268e-30 -3.19355e-30)
(1.53898e-144 1.31584e-30 -3.8681e-30)
(7.16117e-138 1.59536e-30 -4.68077e-30)
(3.1715e-131 1.92843e-30 -5.65805e-30)
(1.32744e-124 2.32175e-30 -6.83109e-30)
(5.20349e-118 2.77993e-30 -8.23583e-30)
(1.88724e-111 3.30215e-30 -9.91236e-30)
(6.22473e-105 3.87589e-30 -1.19027e-29)
(1.8179e-98 4.46496e-30 -1.42449e-29)
(4.48211e-92 4.9877e-30 -1.69602e-29)
(8.35568e-86 5.27902e-30 -2.00242e-29)
(7.21054e-80 5.03156e-30 -2.33047e-29)
(-2.19485e-73 3.72769e-30 -2.64352e-29)
(-1.23241e-66 6.35199e-31 -2.86014e-29)
(-3.11304e-60 -4.94863e-30 -2.83368e-29)
(-4.33166e-54 -1.31043e-29 -2.42762e-29)
(6.31511e-304 -3.00001e-32 -1.38445e-33)
(4.81827e-297 -3.01427e-32 -1.24497e-32)
(3.64407e-290 -2.86387e-32 -3.1757e-32)
(2.73079e-283 -2.55942e-32 -5.19062e-32)
(2.02675e-276 -2.08918e-32 -7.41068e-32)
(1.48906e-269 -1.43743e-32 -9.88758e-32)
(1.08243e-262 -5.83353e-33 -1.26741e-31)
(7.78068e-256 4.98728e-33 -1.58275e-31)
(5.52712e-249 1.83958e-32 -1.94162e-31)
(3.87753e-242 3.47592e-32 -2.35271e-31)
(2.68455e-235 5.45201e-32 -2.8276e-31)
(1.83276e-228 7.82213e-32 -3.38171e-31)
(1.23276e-221 1.06538e-31 -4.03536e-31)
(8.16156e-215 1.40318e-31 -4.81477e-31)
(5.31291e-208 1.80632e-31 -5.75301e-31)
(3.39662e-201 2.28828e-31 -6.89086e-31)
(2.12984e-194 2.86591e-31 -8.27774e-31)
(1.30797e-187 3.56014e-31 -9.97261e-31)
(7.85376e-181 4.39668e-31 -1.20451e-30)
(4.60232e-174 5.40679e-31 -1.4577e-30)
(2.62641e-167 6.62811e-31 -1.76639e-30)
(1.456e-160 8.10546e-31 -2.14185e-30)
(7.81854e-154 9.89164e-31 -2.59729e-30)
(4.05304e-147 1.2048e-30 -3.14842e-30)
(2.02007e-140 1.46444e-30 -3.8139e-30)
(9.63245e-134 1.77584e-30 -4.61599e-30)
(4.36737e-127 2.14714e-30 -5.5812e-30)
(1.86804e-120 2.58608e-30 -6.74095e-30)
(7.45844e-114 3.09828e-30 -8.13194e-30)
(2.73849e-107 3.68372e-30 -9.79601e-30)
(9.03567e-101 4.3301e-30 -1.17788e-29)
(2.57224e-94 5.00002e-30 -1.41257e-29)
(5.76566e-88 5.6073e-30 -1.68713e-29)
(7.13175e-82 5.97488e-30 -2.0015e-29)
(-1.47305e-75 5.76667e-30 -2.34623e-29)
(-1.3202e-68 4.4014e-30 -2.68936e-29)
(-4.93494e-62 1.02569e-30 -2.95172e-29)
(-1.20843e-55 -5.22074e-30 -2.98032e-29)
(-1.92445e-49 -1.43274e-29 -2.66994e-29)
(6.63708e-308 -3.30941e-32 -1.39458e-33)
(5.01969e-301 -3.31603e-32 -1.23e-32)
(3.7621e-294 -3.14696e-32 -3.12764e-32)
(2.79286e-287 -2.81026e-32 -5.10912e-32)
(2.05273e-280 -2.29212e-32 -7.29276e-32)
(1.493e-273 -1.57469e-32 -9.72937e-32)
(1.074e-266 -6.3491e-33 -1.24707e-31)
(7.6367e-260 5.55474e-33 -1.5573e-31)
(5.36407e-253 2.03025e-32 -1.91035e-31)
(3.71938e-246 3.82971e-32 -2.31477e-31)
(2.54397e-239 6.00249e-32 -2.78196e-31)
(1.715e-232 8.60822e-32 -3.32708e-31)
(1.13852e-225 1.17211e-31 -3.97015e-31)
(7.43553e-219 1.54346e-31 -4.73697e-31)
(4.77216e-212 1.98663e-31 -5.66007e-31)
(3.00627e-205 2.51647e-31 -6.77959e-31)
(1.85641e-198 3.15152e-31 -8.14418e-31)
(1.12205e-191 3.91482e-31 -9.81185e-31)
(6.62698e-185 4.83467e-31 -1.18512e-30)
(3.81745e-178 5.94548e-31 -1.43426e-30)
(2.14022e-171 7.28869e-31 -1.73805e-30)
(1.16496e-164 8.9137e-31 -2.10756e-30)
(6.13913e-158 1.08787e-30 -2.55588e-30)
(3.12193e-151 1.32515e-30 -3.09849e-30)
(1.52608e-144 1.61094e-30 -3.7539e-30)
(7.13775e-138 1.95385e-30 -4.54423e-30)
(3.1763e-131 2.36304e-30 -5.496e-30)
(1.33539e-124 2.84733e-30 -6.64086e-30)
(5.25659e-118 3.41348e-30 -8.0163e-30)
(1.91419e-111 4.06256e-30 -9.66599e-30)
(6.33967e-105 4.78301e-30 -1.16394e-29)
(1.8603e-98 5.53714e-30 -1.39894e-29)
(4.61806e-92 6.23596e-30 -1.67653e-29)
(8.73088e-86 6.69317e-30 -1.99924e-29)
(8.07651e-80 6.54741e-30 -2.36194e-29)
(-2.04001e-73 5.15482e-30 -2.73834e-29)
(-1.21641e-66 1.53022e-30 -3.05258e-29)
(-3.1279e-60 -5.37933e-30 -3.14074e-29)
(-4.44164e-54 -1.58197e-29 -2.85771e-29)
(-6.73616e-308 -3.61197e-32 -1.39769e-33)
(-5.05578e-301 -3.61209e-32 -1.21248e-32)
(-3.76127e-294 -3.42484e-32 -3.07454e-32)
(-2.77256e-287 -3.05635e-32 -5.01965e-32)
(-2.02415e-280 -2.49102e-32 -7.16356e-32)
(-1.46294e-273 -1.70897e-32 -9.55614e-32)
(-1.04622e-266 -6.84909e-33 -1.2248e-31)
(-7.39949e-260 6.11947e-33 -1.52945e-31)
(-5.1728e-253 2.21835e-32 -1.87613e-31)
(-3.57217e-246 4.17814e-32 -2.27327e-31)
(-2.43522e-239 6.54422e-32 -2.73203e-31)
(-1.63772e-232 9.3815e-32 -3.26733e-31)
(-1.08568e-225 1.27708e-31 -3.89883e-31)
(-7.08871e-219 1.68139e-31 -4.65187e-31)
(-4.55449e-212 2.16391e-31 -5.55841e-31)
(-2.87667e-205 2.74081e-31 -6.65788e-31)
(-1.78421e-198 3.4323e-31 -7.99807e-31)
(-1.08539e-191 4.26351e-31 -9.63598e-31)
(-6.46752e-185 5.26526e-31 -1.1639e-30)
(-3.76932e-178 6.4751e-31 -1.40861e-30)
(-2.14512e-171 7.93821e-31 -1.70703e-30)
(-1.1899e-164 9.70849e-31 -2.07004e-30)
(-6.42016e-158 1.18495e-30 -2.51054e-30)
(-3.36159e-151 1.44354e-30 -3.04381e-30)
(-1.70356e-144 1.75511e-30 -3.68816e-30)
(-8.33027e-138 2.12915e-30 -4.46557e-30)
(-3.91669e-131 2.57583e-30 -5.40251e-30)
(-1.76338e-124 3.10514e-30 -6.53086e-30)
(-7.56526e-118 3.72513e-30 -7.88889e-30)
(-3.07476e-111 4.43825e-30 -9.52211e-30)
(-1.17548e-104 5.23419e-30 -1.14839e-29)
(-4.18975e-98 6.07601e-30 -1.38351e-29)
(-1.37671e-91 6.87374e-30 -1.66401e-29)
(-4.10933e-85 7.43495e-30 -1.99527e-29)
(-1.09203e-78 7.37733e-30 -2.377e-29)
(-2.51018e-72 5.99677e-30 -2.7897e-29)
(-4.77263e-66 2.16533e-30 -3.1624e-29)
(-6.9403e-60 -5.39766e-30 -3.32731e-29)
(-6.48295e-54 -1.70773e-29 -3.1182e-29)
(-5.30288e-304 -3.90775e-32 -1.39481e-33)
(-4.05114e-297 -3.90229e-32 -1.19257e-32)
(-3.0687e-290 -3.69733e-32 -3.01649e-32)
(-2.30398e-283 -3.29758e-32 -4.92235e-32)
(-1.71386e-276 -2.68587e-32 -7.02328e-32)
(-1.26256e-269 -1.84034e-32 -9.36814e-32)
(-9.20676e-263 -7.33552e-33 -1.20065e-31)
(-6.64237e-256 6.67793e-33 -1.49924e-31)
(-4.73878e-249 2.40336e-32 -1.83902e-31)
(-3.34106e-242 4.52045e-32 -2.22826e-31)
(-2.3265e-235 7.07616e-32 -2.67789e-31)
(-1.59892e-228 1.01406e-31 -3.20255e-31)
(-1.08377e-221 1.38011e-31 -3.8215e-31)
(-7.2391e-215 1.81676e-31 -4.5596e-31)
(-4.76091e-208 2.33788e-31 -5.44818e-31)
(-3.0799e-201 2.96095e-31 -6.52592e-31)
(-1.9578e-194 3.70783e-31 -7.83964e-31)
(-1.22148e-187 4.60566e-31 -9.44526e-31)
(-7.47031e-181 5.6878e-31 -1.14088e-30)
(-4.47207e-174 6.99484e-31 -1.3808e-30)
(-2.61646e-167 8.57567e-31 -1.67338e-30)
(-1.49347e-160 1.04886e-30 -2.02934e-30)
(-8.3003e-154 1.28026e-30 -2.46134e-30)
(-4.48167e-147 1.55981e-30 -2.98446e-30)
(-2.34495e-140 1.89675e-30 -3.61677e-30)
(-1.18553e-133 2.30148e-30 -4.38009e-30)
(-5.77185e-127 2.78519e-30 -5.3008e-30)
(-2.69554e-120 3.35915e-30 -6.411e-30)
(-1.20197e-113 4.03282e-30 -7.74968e-30)
(-5.08943e-107 4.81031e-30 -9.36418e-30)
(-2.03265e-100 5.68313e-30 -1.13119e-29)
(-7.59427e-94 6.61615e-30 -1.36615e-29)
(-2.62673e-87 7.5204e-30 -1.64935e-29)
(-8.29826e-81 8.20084e-30 -1.98917e-29)
(-2.35159e-74 8.25945e-30 -2.3907e-29)
(-5.82923e-68 6.93598e-30 -2.84258e-29)
(-1.21803e-61 2.9488e-30 -3.28047e-29)
(-2.02289e-55 -5.25237e-30 -3.52559e-29)
(-2.40413e-49 -1.82206e-29 -3.30869e-29)
(-1.77723e-303 -4.19669e-32 -1.38676e-33)
(-1.3564e-296 -4.18638e-32 -1.17039e-32)
(-1.02625e-289 -3.96415e-32 -2.9536e-32)
(-7.69424e-283 -3.53375e-32 -4.81736e-32)
(-5.71391e-276 -2.87653e-32 -6.87211e-32)
(-4.20101e-269 -1.96878e-32 -9.16567e-32)
(-3.05638e-262 -7.80927e-33 -1.17464e-31)
(-2.19917e-255 7.22772e-33 -1.46671e-31)
(-1.56405e-248 2.58484e-32 -1.79908e-31)
(-1.09877e-241 4.85597e-32 -2.17981e-31)
(-7.61942e-235 7.59738e-32 -2.61963e-31)
(-5.21162e-228 1.08842e-31 -3.13284e-31)
(-3.51316e-221 1.48103e-31 -3.73829e-31)
(-2.33187e-214 1.94934e-31 -4.46031e-31)
(-1.52251e-207 2.50826e-31 -5.32957e-31)
(-9.76759e-201 3.17654e-31 -6.38389e-31)
(-6.14976e-194 3.97765e-31 -7.66913e-31)
(-3.79476e-187 4.94075e-31 -9.23998e-31)
(-2.29145e-180 6.10163e-31 -1.11611e-30)
(-1.35176e-173 7.5039e-31 -1.35086e-30)
(-7.77534e-167 9.20008e-31 -1.63715e-30)
(-4.35138e-160 1.12529e-30 -1.98551e-30)
(-2.36343e-153 1.37365e-30 -2.40835e-30)
(-1.24229e-146 1.67377e-30 -2.92051e-30)
(-6.29831e-140 2.03564e-30 -3.53983e-30)
(-3.06794e-133 2.47056e-30 -4.28788e-30)
(-1.42915e-126 2.99083e-30 -5.19097e-30)
(-6.33116e-120 3.60898e-30 -6.28134e-30)
(-2.64904e-113 4.33609e-30 -7.59866e-30)
(-1.03792e-106 5.17821e-30 -9.19205e-30)
(-3.76617e-100 6.12922e-30 -1.11227e-29)
(-1.24706e-93 7.15691e-30 -1.34676e-29)
(-3.6906e-87 8.17539e-30 -1.63231e-29)
(-9.45835e-81 8.9909e-30 -1.98049e-29)
(-1.98772e-74 9.19607e-30 -2.40229e-29)
(-3.03826e-68 7.98089e-30 -2.89592e-29)
(-2.05675e-62 3.89986e-30 -3.40617e-29)
(4.21149e-56 -4.91758e-30 -3.7507e-29)
(1.44276e-49 -1.85358e-29 -3.63593e-29)
(-2.67355e-307 -4.4786e-32 -1.3742e-33)
(-2.01794e-300 -4.46403e-32 -1.14606e-32)
(-1.50932e-293 -4.22497e-32 -2.88597e-32)
(-1.11818e-286 -3.76456e-32 -4.70483e-32)
(-8.20164e-280 -3.0628e-32 -6.71029e-32)
(-5.9528e-273 -2.09418e-32 -8.94902e-32)
(-4.27301e-266 -8.27053e-33 -1.14682e-31)
(-3.03164e-259 7.7671e-33 -1.43192e-31)
(-2.12456e-252 2.76243e-32 -1.75636e-31)
(-1.4696e-245 5.18412e-32 -2.12801e-31)
(-1.0026e-238 8.107e-32 -2.55733e-31)
(-6.74032e-232 1.16112e-31 -3.05829e-31)
(-4.46114e-225 1.57967e-31 -3.64932e-31)
(-2.90381e-218 2.07893e-31 -4.35416e-31)
(-1.85668e-211 2.67478e-31 -5.20274e-31)
(-1.16462e-204 3.38725e-31 -6.23204e-31)
(-7.15587e-198 4.24137e-31 -7.4868e-31)
(-4.29975e-191 5.26825e-31 -9.02046e-31)
(-2.52166e-184 6.50611e-31 -1.08962e-30)
(-1.44019e-177 8.00149e-31 -1.31883e-30)
(-7.98925e-171 9.81048e-31 -1.5984e-30)
(-4.2913e-164 1.20001e-30 -1.93861e-30)
(-2.22344e-157 1.46498e-30 -2.35164e-30)
(-1.10606e-150 1.78525e-30 -2.85206e-30)
(-5.25092e-144 2.17157e-30 -3.45742e-30)
(-2.36009e-137 2.63615e-30 -4.18905e-30)
(-9.93043e-131 3.19241e-30 -5.07312e-30)
(-3.84504e-124 3.85425e-30 -6.14195e-30)
(-1.33019e-117 4.63449e-30 -7.43583e-30)
(-3.8653e-111 5.54139e-30 -9.00555e-30)
(-7.7988e-105 6.5718e-30 -1.09161e-29)
(1.59356e-99 7.69747e-30 -1.32523e-29)
(1.19073e-91 8.83784e-30 -1.61267e-29)
(7.55216e-85 9.80461e-30 -1.96875e-29)
(3.2593e-78 1.01887e-29 -2.4109e-29)
(1.09373e-71 9.13953e-30 -2.9485e-29)
(2.91289e-65 5.03932e-30 -3.53844e-29)
(6.12496e-59 -4.3921e-30 -3.9743e-29)
(1.04653e-52 -1.82194e-29 -3.8344e-29)
(-5.22362e-304 -4.75326e-32 -1.35761e-33)
(-3.99003e-297 -4.73486e-32 -1.11967e-32)
(-3.02197e-290 -4.47943e-32 -2.81371e-32)
(-2.26856e-283 -3.9897e-32 -4.58493e-32)
(-1.68724e-276 -3.24443e-32 -6.53804e-32)
(-1.24275e-269 -2.21639e-32 -8.71852e-32)
(-9.06079e-263 -8.71912e-33 -1.11722e-31)
(-6.53591e-256 8.29473e-33 -1.39492e-31)
(-4.66197e-249 2.93581e-32 -1.71093e-31)
(-3.28627e-242 5.50433e-32 -2.07292e-31)
(-2.28789e-235 8.6042e-32 -2.49108e-31)
(-1.57206e-228 1.23204e-31 -2.97904e-31)
(-1.06533e-221 1.67589e-31 -3.55473e-31)
(-7.11432e-215 2.20533e-31 -4.24129e-31)
(-4.67772e-208 2.8372e-31 -5.06791e-31)
(-3.02533e-201 3.59275e-31 -6.07058e-31)
(-1.92261e-194 4.49857e-31 -7.29293e-31)
(-1.1992e-187 5.58766e-31 -8.78703e-31)
(-7.33193e-181 6.90061e-31 -1.06145e-30)
(-4.38791e-174 8.48683e-31 -1.28477e-30)
(-2.56643e-167 1.04059e-30 -1.55718e-30)
(-1.46443e-160 1.27292e-30 -1.88872e-30)
(-8.13615e-154 1.5541e-30 -2.2913e-30)
(-4.3915e-147 1.89407e-30 -2.7792e-30)
(-2.29694e-140 2.30432e-30 -3.36965e-30)
(-1.16082e-133 2.79799e-30 -4.08371e-30)
(-5.64947e-127 3.38962e-30 -4.94735e-30)
(-2.63739e-120 4.09458e-30 -5.99292e-30)
(-1.17562e-113 4.92753e-30 -7.26123e-30)
(-4.97611e-107 5.89924e-30 -8.80458e-30)
(-1.98677e-100 7.01006e-30 -1.06915e-29)
(-7.42095e-94 8.23685e-30 -1.30144e-29)
(-2.56632e-87 9.50652e-30 -1.59017e-29)
(-8.10681e-81 1.06408e-29 -1.95347e-29)
(-2.29747e-74 1.12377e-29 -2.41559e-29)
(-5.69626e-68 1.04192e-29 -2.9989e-29)
(-1.19073e-61 6.39088e-30 -3.6768e-29)
(-1.97947e-55 -3.6923e-30 -4.21588e-29)
(-2.35958e-49 -2.06393e-29 -3.98336e-29)
(-4.70347e-303 -5.02039e-32 -1.3374e-33)
(-3.59157e-296 -4.99851e-32 -1.09129e-32)
(-2.71893e-289 -4.72715e-32 -2.73694e-32)
(-2.03978e-282 -4.20886e-32 -4.45783e-32)
(-1.51584e-275 -3.42119e-32 -6.35562e-32)
(-1.11535e-268 -2.33527e-32 -8.47452e-32)
(-8.12162e-262 -9.15466e-33 -1.0859e-31)
(-5.84941e-255 8.80949e-33 -1.35577e-31)
(-4.16457e-248 3.10467e-32 -1.66286e-31)
(-2.92918e-241 5.8161e-32 -2.01464e-31)
(-2.03397e-234 9.0882e-32 -2.421e-31)
(-1.39331e-227 1.30106e-31 -2.8952e-31)
(-9.40814e-221 1.76954e-31 -3.45466e-31)
(-6.25652e-214 2.32833e-31 -4.12189e-31)
(-4.09369e-207 2.99525e-31 -4.92526e-31)
(-2.63264e-200 3.79272e-31 -5.89976e-31)
(-1.66207e-193 4.74885e-31 -7.08781e-31)
(-1.0288e-186 5.89849e-31 -8.54005e-31)
(-6.2345e-180 7.28453e-31 -1.03164e-30)
(-3.69288e-173 8.95919e-31 -1.24872e-30)
(-2.13418e-166 1.09855e-30 -1.51355e-30)
(-1.20092e-159 1.34389e-30 -1.83591e-30)
(-6.56446e-153 1.64088e-30 -2.22741e-30)
(-3.47645e-146 2.00007e-30 -2.70202e-30)
(-1.77826e-139 2.43369e-30 -3.27663e-30)
(-8.75462e-133 2.95582e-30 -3.97199e-30)
(-4.13099e-126 3.58215e-30 -4.8138e-30)
(-1.85914e-119 4.32956e-30 -5.83437e-30)
(-7.93321e-113 5.2147e-30 -7.0749e-30)
(-3.18681e-106 6.25112e-30 -8.58905e-30)
(-1.19451e-99 7.44317e-30 -1.04486e-29)
(-4.1314e-93 8.77388e-30 -1.2753e-29)
(-1.29956e-86 1.01799e-29 -1.56459e-29)
(-3.64657e-80 1.14977e-29 -1.93413e-29)
(-8.88381e-74 1.23424e-29 -2.41534e-29)
(-1.80485e-67 1.18263e-29 -3.04544e-29)
(-2.86253e-61 7.98339e-30 -3.82067e-29)
(-3.11907e-55 -2.71967e-30 -4.51491e-29)
(-1.62056e-49 -2.17185e-29 -4.52138e-29)
(-5.5363e-307 -5.27966e-32 -1.31386e-33)
(-4.18532e-300 -5.25458e-32 -1.06102e-32)
(-3.13583e-293 -4.96775e-32 -2.65578e-32)
(-2.32761e-286 -4.42169e-32 -4.32374e-32)
(-1.71084e-279 -3.5928e-32 -6.16332e-32)
(-1.24464e-272 -2.45063e-32 -8.21738e-32)
(-8.95752e-266 -9.57666e-33 -1.0529e-31)
(-6.37386e-259 9.31038e-33 -1.31452e-31)
(-4.48155e-252 3.26875e-32 -1.61223e-31)
(-3.1116e-245 6.11892e-32 -1.95325e-31)
(-2.13189e-238 9.55821e-32 -2.34719e-31)
(-1.44027e-231 1.36809e-31 -2.8069e-31)
(-9.58637e-225 1.86046e-31 -3.34928e-31)
(-6.28069e-218 2.44775e-31 -3.99615e-31)
(-4.04641e-211 3.14869e-31 -4.77503e-31)
(-2.56076e-204 3.98686e-31 -5.71986e-31)
(-1.58995e-197 4.99183e-31 -6.87177e-31)
(-9.67238e-191 6.20025e-31 -8.2799e-31)
(-5.75677e-184 7.65726e-31 -1.00023e-30)
(-3.34661e-177 9.41782e-31 -1.21075e-30)
(-1.89675e-170 1.15483e-30 -1.46759e-30)
(-1.0459e-163 1.41281e-30 -1.78025e-30)
(-5.59797e-157 1.72518e-30 -2.16007e-30)
(-2.90045e-150 2.10307e-30 -2.62063e-30)
(-1.45032e-143 2.55948e-30 -3.1785e-30)
(-6.97411e-137 3.10938e-30 -3.85402e-30)
(-3.21179e-130 3.76968e-30 -4.6726e-30)
(-1.40972e-123 4.55879e-30 -5.66641e-30)
(-5.86325e-117 5.4955e-30 -6.87692e-30)
(-2.29477e-110 6.59633e-30 -8.35889e-30)
(-8.37972e-104 7.87018e-30 -1.0187e-29)
(-2.82478e-97 9.30721e-30 -1.24671e-29)
(-8.67133e-91 1.08559e-29 -1.53569e-29)
(-2.38087e-84 1.23726e-29 -1.91022e-29)
(-5.70486e-78 1.35006e-29 -2.40902e-29)
(-1.15116e-71 1.33653e-29 -3.08608e-29)
(-1.84989e-65 9.84894e-30 -3.96772e-29)
(-2.14217e-59 -1.41718e-30 -4.80991e-29)
(-1.41476e-53 -2.18372e-29 -4.67112e-29)
(-5.43692e-304 -5.53078e-32 -1.28723e-33)
(-4.15472e-297 -5.5027e-32 -1.02891e-32)
(-3.1481e-290 -5.20088e-32 -2.57036e-32)
(-2.36433e-283 -4.62787e-32 -4.18284e-32)
(-1.75931e-276 -3.75901e-32 -5.96141e-32)
(-1.29648e-269 -2.56232e-32 -7.94749e-32)
(-9.4574e-263 -9.98458e-33 -1.01827e-31)
(-6.82567e-256 9.79653e-33 -1.27124e-31)
(-4.87138e-249 3.42778e-32 -1.5591e-31)
(-3.4359e-242 6.41232e-32 -1.88885e-31)
(-2.39351e-235 1.00135e-31 -2.26977e-31)
(-1.64568e-228 1.43301e-31 -2.71427e-31)
(-1.11596e-221 1.94852e-31 -3.23873e-31)
(-7.45753e-215 2.5634e-31 -3.86425e-31)
(-4.90691e-208 3.29728e-31 -4.61744e-31)
(-3.17593e-201 4.17487e-31 -5.53114e-31)
(-2.01989e-194 5.22712e-31 -6.64513e-31)
(-1.2609e-187 6.49248e-31 -8.00696e-31)
(-7.71565e-181 8.01824e-31 -9.67286e-31)
(-4.6216e-174 9.86201e-31 -1.1709e-30)
(-2.70557e-167 1.20934e-30 -1.41935e-30)
(-1.54528e-160 1.47959e-30 -1.72184e-30)
(-8.59374e-154 1.80687e-30 -2.08936e-30)
(-4.64316e-147 2.20292e-30 -2.53516e-30)
(-2.43108e-140 2.68147e-30 -3.07537e-30)
(-1.22992e-133 3.25842e-30 -3.72995e-30)
(-5.99224e-127 3.95188e-30 -4.52392e-30)
(-2.80049e-120 4.78187e-30 -5.4892e-30)
(-1.2497e-113 5.76938e-30 -6.66739e-30)
(-5.29559e-107 6.93417e-30 -8.11411e-30)
(-2.11668e-100 8.29008e-30 -9.90642e-30)
(-7.91494e-94 9.83537e-30 -1.21559e-29)
(-2.74019e-87 1.15324e-29 -1.50328e-29)
(-8.66585e-81 1.3262e-29 -1.88124e-29)
(-2.45885e-74 1.47082e-29 -2.39548e-29)
(-6.10454e-68 1.50384e-29 -3.11847e-29)
(-1.27796e-61 1.2023e-29 -4.11632e-29)
(-2.12626e-55 2.49198e-31 -5.14863e-29)
(-2.52504e-49 -2.73006e-29 -4.8142e-29)
(-8.62431e-303 -5.77339e-32 -1.25771e-33)
(-6.58205e-296 -5.74249e-32 -9.95039e-33)
(-4.98006e-289 -5.42616e-32 -2.48081e-32)
(-3.73394e-282 -4.82709e-32 -4.03536e-32)
(-2.77316e-275 -3.91956e-32 -5.75021e-32)
(-2.03918e-268 -2.67016e-32 -7.66527e-32)
(-1.48386e-261 -1.03779e-32 -9.8206e-32)
(-1.06796e-254 1.02671e-32 -1.226e-31)
(-7.59775e-248 3.5815e-32 -1.50357e-31)
(-5.33968e-241 6.69583e-32 -1.82153e-31)
(-3.70466e-234 1.04534e-31 -2.18884e-31)
(-2.53548e-227 1.49572e-31 -2.61747e-31)
(-1.71042e-220 2.03357e-31 -3.1232e-31)
(-1.13629e-213 2.67511e-31 -3.7264e-31)
(-7.42669e-207 3.44079e-31 -4.45273e-31)
(-4.77047e-200 4.35644e-31 -5.33389e-31)
(-3.00796e-193 5.45437e-31 -6.40825e-31)
(-1.85933e-186 6.77473e-31 -7.72167e-31)
(-1.12509e-179 8.36689e-31 -9.32844e-31)
(-6.65347e-173 1.02911e-30 -1.12925e-30)
(-3.83838e-166 1.262e-30 -1.36891e-30)
(-2.15568e-159 1.54411e-30 -1.66075e-30)
(-1.17581e-152 1.88582e-30 -2.0154e-30)
(-6.21206e-146 2.29945e-30 -2.44571e-30)
(-3.16905e-139 2.79947e-30 -2.9674e-30)
(-1.55543e-132 3.40269e-30 -3.59994e-30)
(-7.31413e-126 4.12844e-30 -4.36791e-30)
(-3.27853e-119 4.99838e-30 -5.30291e-30)
(-1.39244e-112 6.0358e-30 -6.44646e-30)
(-5.56233e-106 7.26387e-30 -7.85475e-30)
(-2.07082e-99 8.70178e-30 -9.60674e-30)
(-7.10197e-93 1.03567e-29 -1.18186e-29)
(-2.20986e-86 1.22067e-29 -1.46716e-29)
(-6.11143e-80 1.41618e-29 -1.8467e-29)
(-1.45856e-73 1.59593e-29 -2.3735e-29)
(-2.87108e-67 1.6844e-29 -3.13979e-29)
(-4.30866e-61 1.45459e-29 -4.26351e-29)
(-4.14681e-55 2.54396e-30 -5.59638e-29)
(-1.17374e-49 -3.14544e-29 -5.58125e-29)
(-8.9232e-307 -6.00719e-32 -1.22543e-33)
(-6.74916e-300 -5.97359e-32 -9.59466e-33)
(-5.0591e-293 -5.64326e-32 -2.38728e-32)
(-3.75672e-286 -5.01902e-32 -3.88152e-32)
(-2.76223e-279 -4.07421e-32 -5.53003e-32)
(-2.0101e-272 -2.774e-32 -7.37114e-32)
(-1.44697e-265 -1.0756e-32 -9.44331e-32)
(-1.02976e-258 1.07213e-32 -1.17886e-31)
(-7.24085e-252 3.72966e-32 -1.44572e-31)
(-5.02729e-245 6.96901e-32 -1.75141e-31)
(-3.44399e-238 1.08772e-31 -2.10454e-31)
(-2.32614e-231 1.55613e-31 -2.51663e-31)
(-1.54772e-224 2.1155e-31 -3.00285e-31)
(-1.01352e-217 2.78269e-31 -3.5828e-31)
(-6.52555e-211 3.57901e-31 -4.28117e-31)
(-4.12632e-204 4.53131e-31 -5.12842e-31)
(-2.55941e-197 5.67323e-31 -6.16148e-31)
(-1.55511e-190 7.04655e-31 -7.42446e-31)
(-9.24202e-184 8.70269e-31 -8.96959e-31)
(-5.36328e-177 1.07043e-30 -1.08584e-30)
(-3.0334e-170 1.31273e-30 -1.31635e-30)
(-1.66856e-163 1.60627e-30 -1.59707e-30)
(-8.90467e-157 1.96191e-30 -1.93829e-30)
(-4.5979e-150 2.39252e-30 -2.35243e-30)
(-2.28978e-143 2.91328e-30 -2.85472e-30)
(-1.09578e-136 3.54195e-30 -3.46415e-30)
(-5.01752e-130 4.29906e-30 -4.20478e-30)
(-2.18719e-123 5.20792e-30 -5.10773e-30)
(-9.02154e-117 6.29421e-30 -6.21429e-30)
(-3.49523e-110 7.58467e-30 -7.58091e-30)
(-1.26044e-103 9.10417e-30 -9.28785e-30)
(-4.18251e-97 1.08694e-29 -1.14549e-29)
(-1.25826e-90 1.28759e-29 -1.42718e-29)
(-3.36412e-84 1.50668e-29 -1.80619e-29)
(-7.7735e-78 1.72457e-29 -2.34184e-29)
(-1.48898e-71 1.87756e-29 -3.14674e-29)
(-2.20775e-65 1.74552e-29 -4.40232e-29)
(-2.2212e-59 5.71551e-30 -6.06863e-29)
(-1.06528e-53 -3.49511e-29 -5.72962e-29)
(-2.28851e-306 -6.23184e-32 -1.19052e-33)
(-1.71661e-299 -6.19566e-32 -9.22253e-33)
(-1.27613e-292 -5.85182e-32 -2.2899e-32)
(-9.39829e-286 -5.20337e-32 -3.72155e-32)
(-6.85391e-279 -4.2227e-32 -5.30121e-32)
(-4.94719e-272 -2.87367e-32 -7.06555e-32)
(-3.53255e-265 -1.11183e-32 -9.05138e-32)
(-2.49396e-258 1.11584e-32 -1.12989e-31)
(-1.73982e-251 3.87204e-32 -1.38564e-31)
(-1.19855e-244 7.23143e-32 -1.67858e-31)
(-8.14786e-238 1.12842e-31 -2.01699e-31)
(-5.4618e-231 1.61414e-31 -2.41191e-31)
(-3.60726e-224 2.19417e-31 -2.87788e-31)
(-2.34518e-217 2.88599e-31 -3.43369e-31)
(-1.49936e-210 3.71172e-31 -4.10301e-31)
(-9.4166e-204 4.6992e-31 -4.91504e-31)
(-5.8026e-197 5.88335e-31 -5.9052e-31)
(-3.50361e-190 7.30752e-31 -7.11578e-31)
(-2.06982e-183 9.0251e-31 -8.59688e-31)
(-1.19443e-176 1.11012e-30 -1.04075e-30)
(-6.72049e-170 1.36145e-30 -1.26174e-30)
(-3.67914e-163 1.66598e-30 -1.53091e-30)
(-1.95512e-156 2.035e-30 -1.85815e-30)
(-1.0058e-149 2.48195e-30 -2.25544e-30)
(-4.99368e-143 3.02272e-30 -2.73751e-30)
(-2.38418e-136 3.67595e-30 -3.32278e-30)
(-1.09005e-129 4.4634e-30 -4.03472e-30)
(-4.74886e-123 5.41007e-30 -4.90388e-30)
(-1.95974e-116 6.54405e-30 -5.97111e-30)
(-7.60596e-110 7.89579e-30 -7.29276e-30)
(-2.75178e-103 9.49605e-30 -8.94978e-30)
(-9.1779e-97 1.13717e-29 -1.10643e-29)
(-2.78173e-90 1.35367e-29 -1.38321e-29)
(-7.51696e-84 1.59712e-29 -1.75931e-29)
(-1.76379e-77 1.85568e-29 -2.29932e-29)
(-3.45698e-71 2.08199e-29 -3.1356e-29)
(-5.32132e-65 2.07795e-29 -4.52471e-29)
(-5.75225e-59 1.00405e-29 -6.64451e-29)
(-3.36734e-53 -3.74579e-29 -6.73804e-29)
(-1.79271e-302 -6.44703e-32 -1.15307e-33)
(-1.36843e-295 -6.40835e-32 -8.83462e-33)
(-1.03557e-288 -6.05153e-32 -2.18882e-32)
(-7.76606e-282 -5.37986e-32 -3.5557e-32)
(-5.76901e-275 -4.36482e-32 -5.06409e-32)
(-4.24308e-268 -2.96901e-32 -6.74896e-32)
(-3.08834e-261 -1.14643e-32 -8.64541e-32)
(-2.22331e-254 1.15777e-32 -1.07918e-31)
(-1.58217e-247 4.00841e-32 -1.32341e-31)
(-1.11228e-240 7.48267e-32 -1.60317e-31)
(-7.7195e-234 1.16738e-31 -1.92634e-31)
(-5.28512e-227 1.66966e-31 -2.30348e-31)
(-3.56666e-220 2.26946e-31 -2.74848e-31)
(-2.37043e-213 2.98485e-31 -3.27929e-31)
(-1.55e-206 3.8387e-31 -3.91853e-31)
(-9.9612e-200 4.85985e-31 -4.69409e-31)
(-6.2843e-193 6.08441e-31 -5.63981e-31)
(-3.88689e-186 7.55725e-31 -6.79611e-31)
(-2.35351e-179 9.33362e-31 -8.21086e-31)
(-1.39282e-172 1.14809e-30 -9.94053e-31)
(-8.04175e-166 1.40808e-30 -1.20518e-30)
(-4.5205e-159 1.72313e-30 -1.46236e-30)
(-2.46825e-152 2.10499e-30 -1.7751e-30)
(-1.30556e-145 2.56762e-30 -2.15489e-30)
(-6.66924e-139 3.12759e-30 -2.61592e-30)
(-3.2785e-132 3.80446e-30 -3.17602e-30)
(-1.54445e-125 4.62118e-30 -3.85796e-30)
(-6.93779e-119 5.60443e-30 -4.6916e-30)
(-2.95415e-112 6.78477e-30 -5.71715e-30)
(-1.18376e-105 8.19641e-30 -6.99051e-30)
(-4.42408e-99 9.87621e-30 -8.59267e-30)
(-1.52469e-92 1.18615e-29 -1.06467e-29)
(-4.7746e-86 1.41857e-29 -1.33519e-29)
(-1.33192e-79 1.68684e-29 -1.70578e-29)
(-3.21854e-73 1.98795e-29 -2.24487e-29)
(-6.45937e-67 2.29548e-29 -3.10228e-29)
(-1.00351e-60 2.45299e-29 -4.61791e-29)
(-1.04784e-54 1.58314e-29 -7.23338e-29)
(-4.72027e-49 -3.8962e-29 -7.2606e-29)
(1.48929e-303 -6.65247e-32 -1.11315e-33)
(1.23174e-296 -6.61134e-32 -8.43152e-33)
(1.01252e-289 -6.24207e-32 -2.0842e-32)
(8.27016e-283 -5.54819e-32 -3.38421e-32)
(6.71022e-276 -4.50034e-32 -4.81904e-32)
(5.40685e-269 -3.05989e-32 -6.42187e-32)
(4.32515e-262 -1.17935e-32 -8.22602e-32)
(3.4337e-255 1.19784e-32 -1.02679e-31)
(2.70441e-248 4.13856e-32 -1.25914e-31)
(2.11235e-241 7.72236e-32 -1.52528e-31)
(1.63553e-234 1.20454e-31 -1.83271e-31)
(1.25476e-227 1.72261e-31 -2.19149e-31)
(9.53366e-221 2.34125e-31 -2.61485e-31)
(7.17013e-214 3.0791e-31 -3.11984e-31)
(5.33475e-207 3.95977e-31 -3.72801e-31)
(3.92421e-200 5.01301e-31 -4.4659e-31)
(2.85196e-193 6.27609e-31 -5.36572e-31)
(2.04627e-186 7.79533e-31 -6.46594e-31)
(1.44829e-179 9.62778e-31 -7.81214e-31)
(1.01023e-172 1.1843e-30 -9.45811e-31)
(6.93782e-166 1.45254e-30 -1.14673e-30)
(4.68565e-159 1.77764e-30 -1.39153e-30)
(3.10822e-152 2.17176e-30 -1.68925e-30)
(2.02222e-145 2.64937e-30 -2.05092e-30)
(1.28829e-138 3.22773e-30 -2.49014e-30)
(8.02162e-132 3.92725e-30 -3.02406e-30)
(4.87122e-125 4.77209e-30 -3.67473e-30)
(2.87775e-118 5.79059e-30 -4.47116e-30)
(1.649e-111 7.0158e-30 -5.45271e-30)
(9.13253e-105 8.48573e-30 -6.67447e-30)
(4.86716e-98 1.02434e-29 -8.21676e-30)
(2.48256e-91 1.23369e-29 -1.02024e-29)
(1.20336e-84 1.48194e-29 -1.28308e-29)
(5.49056e-78 1.77512e-29 -1.64543e-29)
(2.32605e-71 2.11982e-29 -2.17759e-29)
(8.95556e-65 2.51481e-29 -3.04259e-29)
(3.0151e-58 2.86892e-29 -4.66718e-29)
(8.12762e-52 2.34608e-29 -7.91434e-29)
(1.24014e-45 -4.71026e-29 -8.14254e-29)
(-1.52796e-301 -6.84786e-32 -1.0708e-33)
(-1.23539e-294 -6.80432e-32 -8.01381e-33)
(-9.92248e-288 -6.42314e-32 -1.97619e-32)
(-7.9147e-281 -5.70811e-32 -3.20735e-32)
(-6.26783e-274 -4.62904e-32 -4.56643e-32)
(-4.9264e-267 -3.14615e-32 -6.08477e-32)
(-3.84168e-260 -1.21054e-32 -7.79386e-32)
(-2.97121e-253 1.23601e-32 -9.72819e-32)
(-2.2782e-246 4.26228e-32 -1.19292e-31)
(-1.73106e-239 7.95011e-32 -1.44503e-31)
(-1.30286e-232 1.23984e-31 -1.73626e-31)
(-9.70792e-226 1.77291e-31 -2.07613e-31)
(-7.15761e-219 2.40943e-31 -2.47718e-31)
(-5.21877e-212 3.16861e-31 -2.95559e-31)
(-3.76052e-205 4.07474e-31 -3.53175e-31)
(-2.67611e-198 5.15844e-31 -4.23083e-31)
(-1.87935e-191 6.4581e-31 -5.08335e-31)
(-1.30133e-184 8.02141e-31 -6.12577e-31)
(-8.87657e-178 9.90711e-31 -7.40132e-31)
(-5.9584e-171 1.21869e-30 -8.961e-31)
(-3.93135e-164 1.49477e-30 -1.08651e-30)
(-2.54638e-157 1.82943e-30 -1.31852e-30)
(-1.61675e-150 2.2352e-30 -1.60075e-30)
(-1.00458e-143 2.72708e-30 -1.94369e-30)
(-6.09718e-137 3.32295e-30 -2.36035e-30)
(-3.6069e-130 4.0441e-30 -2.86714e-30)
(-2.07443e-123 4.91583e-30 -3.48529e-30)
(-1.15643e-116 5.96817e-30 -4.24286e-30)
(-6.22638e-110 7.2366e-30 -5.17812e-30)
(-3.2236e-103 8.76295e-30 -6.34499e-30)
(-1.59603e-96 1.05965e-29 -7.82244e-30)
(-7.50297e-90 1.27958e-29 -9.73155e-30)
(-3.31686e-83 1.54339e-29 -1.2269e-29)
(-1.35981e-76 1.86121e-29 -1.57821e-29)
(-5.05778e-70 2.24954e-29 -2.09693e-29)
(-1.63988e-63 2.73563e-29 -2.95246e-29)
(-4.22051e-57 3.31974e-29 -4.65165e-29)
(-5.81834e-51 3.36977e-29 -8.74921e-29)
(1.84159e-44 -6.1122e-29 -9.69103e-29)
(8.08793e-303 -7.03293e-32 -1.02607e-33)
(1.49311e-295 -6.987e-32 -7.58207e-33)
(1.90874e-288 -6.59445e-32 -1.86495e-32)
(2.11926e-281 -5.85935e-32 -3.02539e-32)
(2.17749e-274 -4.75072e-32 -4.30665e-32)
(2.12674e-267 -3.22766e-32 -5.73817e-32)
(2.00191e-260 -1.23995e-32 -7.34959e-32)
(1.83062e-253 1.27219e-32 -9.17337e-32)
(1.63425e-246 4.37938e-32 -1.12486e-31)
(1.42889e-239 8.16557e-32 -1.36255e-31)
(1.22624e-232 1.27323e-31 -1.63713e-31)
(1.03437e-225 1.82047e-31 -1.95758e-31)
(8.5847e-219 2.47389e-31 -2.33571e-31)
(7.01438e-212 3.25323e-31 -2.78678e-31)
(5.64449e-205 4.18342e-31 -3.33004e-31)
(4.47402e-198 5.29593e-31 -3.98923e-31)
(3.493e-191 6.63016e-31 -4.79313e-31)
(2.68567e-184 8.23512e-31 -5.77614e-31)
(2.03297e-177 1.01712e-30 -6.97904e-31)
(1.51442e-170 1.2512e-30 -8.44998e-31)
(1.10959e-163 1.5347e-30 -1.02459e-30)
(7.99078e-157 1.8784e-30 -1.24345e-30)
(5.65174e-150 2.2952e-30 -1.50972e-30)
(3.9223e-143 2.8006e-30 -1.83337e-30)
(2.66808e-136 3.41309e-30 -2.22674e-30)
(1.77673e-129 4.15479e-30 -2.70549e-30)
(1.15664e-122 5.05213e-30 -3.28991e-30)
(7.34891e-116 6.13677e-30 -4.00701e-30)
(4.54874e-109 7.44662e-30 -4.89375e-30)
(2.73699e-102 9.02728e-30 -6.0025e-30)
(1.59697e-95 1.09341e-29 -7.41019e-30)
(9.00977e-89 1.32362e-29 -9.23489e-30)
(4.89851e-82 1.60257e-29 -1.16675e-29)
(2.55638e-75 1.94435e-29 -1.5042e-29)
(1.27452e-68 2.3752e-29 -2.00271e-29)
(6.03619e-62 2.95235e-29 -2.82855e-29)
(2.69684e-55 3.79173e-29 -4.54035e-29)
(1.1269e-48 4.77408e-29 -9.80111e-29)
(4.35569e-42 -1.22983e-29 -4.28326e-28)
(-4.01209e-301 -7.20743e-32 -9.78945e-34)
(-3.36148e-294 -7.1591e-32 -7.13685e-33)
(-2.80127e-287 -6.75574e-32 -1.75066e-32)
(-2.32138e-280 -6.00168e-32 -2.83861e-32)
(-1.9125e-273 -4.86518e-32 -4.04009e-32)
(-1.56607e-266 -3.3043e-32 -5.38261e-32)
(-1.27424e-259 -1.26754e-32 -6.89389e-32)
(-1.02992e-252 1.30635e-32 -8.60433e-32)
(-8.26664e-246 4.48966e-32 -1.05505e-31)
(-6.58694e-239 8.3684e-32 -1.27797e-31)
(-5.20852e-232 1.30466e-31 -1.53548e-31)
(-4.08558e-225 1.86522e-31 -1.836e-31)
(-3.17778e-218 2.53455e-31 -2.19063e-31)
(-2.4498e-211 3.33284e-31 -2.61368e-31)
(-1.87098e-204 4.28566e-31 -3.12321e-31)
(-1.41485e-197 5.42524e-31 -3.74148e-31)
(-1.0588e-190 6.792e-31 -4.49551e-31)
(-7.83632e-184 8.43614e-31 -5.41757e-31)
(-5.73213e-177 1.04196e-30 -6.54595e-31)
(-4.14105e-170 1.28178e-30 -7.92583e-31)
(-2.95222e-163 1.57227e-30 -9.61069e-31)
(-2.07516e-156 1.92447e-30 -1.16642e-30)
(-1.4368e-149 2.35168e-30 -1.41631e-30)
(-9.78866e-143 2.86982e-30 -1.72012e-30)
(-6.55412e-136 3.498e-30 -2.08951e-30)
(-4.30721e-129 4.25911e-30 -2.53934e-30)
(-2.77411e-122 5.18071e-30 -3.08889e-30)
(-1.74813e-115 6.29602e-30 -3.76396e-30)
(-1.07579e-108 7.64534e-30 -4.60002e-30)
(-6.4513e-102 9.27793e-30 -5.64749e-30)
(-3.76068e-95 1.12551e-29 -6.98066e-30)
(-2.12496e-88 1.36561e-29 -8.71324e-30)
(-1.16001e-81 1.65911e-29 -1.10275e-29)
(-6.09413e-75 2.0238e-29 -1.42368e-29)
(-3.06689e-68 2.49485e-29 -1.89533e-29)
(-1.47032e-61 3.15842e-29 -2.66916e-29)
(-6.66992e-55 4.25781e-29 -4.28731e-29)
(-2.8391e-48 6.45699e-29 -9.75359e-29)
(-1.12188e-41 9.7219e-29 -4.01235e-28)
(2.30344e-301 -7.37111e-32 -9.29424e-34)
(1.87466e-294 -7.32036e-32 -6.6787e-33)
(1.51602e-287 -6.90674e-32 -1.63347e-32)
(1.21793e-280 -6.13487e-32 -2.64728e-32)
(9.71768e-274 -4.97225e-32 -3.76717e-32)
(7.69863e-267 -3.37594e-32 -5.01864e-32)
(6.05413e-260 -1.29326e-32 -6.42746e-32)
(4.72443e-253 1.33842e-32 -8.02193e-32)
(3.6574e-246 4.59297e-32 -9.83616e-32)
(2.80787e-239 8.55829e-32 -1.19141e-31)
(2.13704e-232 1.33406e-31 -1.43146e-31)
(1.61184e-225 1.90709e-31 -1.7116e-31)
(1.20431e-218 2.59129e-31 -2.04218e-31)
(8.9101e-212 3.40731e-31 -2.43656e-31)
(6.52485e-205 4.38129e-31 -2.91156e-31)
(4.72721e-198 5.5462e-31 -3.48796e-31)
(3.38672e-191 6.94336e-31 -4.19095e-31)
(2.39812e-184 8.62415e-31 -5.05063e-31)
(1.67746e-177 1.06519e-30 -6.1027e-31)
(1.15844e-170 1.31039e-30 -7.38935e-31)
(7.89361e-164 1.60741e-30 -8.9605e-31)
(5.30373e-157 1.96758e-30 -1.08756e-30)
(3.5115e-150 2.40453e-30 -1.32065e-30)
(2.28924e-143 2.93462e-30 -1.60411e-30)
(1.46836e-136 3.57751e-30 -1.94888e-30)
(9.25836e-130 4.35687e-30 -2.36894e-30)
(5.73291e-123 5.3013e-30 -2.88253e-30)
(3.48241e-116 6.44557e-30 -3.51409e-30)
(2.07254e-109 7.83224e-30 -4.29737e-30)
(1.20671e-102 9.51415e-30 -5.28054e-30)
(6.86151e-96 1.15584e-29 -6.53457e-30)
(3.80218e-89 1.40536e-29 -8.16769e-30)
(2.04792e-82 1.71269e-29 -1.03511e-29)
(1.0687e-75 2.09884e-29 -1.33706e-29)
(5.38163e-69 2.60664e-29 -1.77579e-29)
(2.60181e-62 3.34687e-29 -2.47596e-29)
(1.19991e-55 4.67972e-29 -3.88063e-29)
(5.23557e-49 8.09654e-29 -8.70829e-29)
(2.13826e-42 2.07536e-28 -4.13986e-28)
(-1.46652e-301 -7.52375e-32 -8.77456e-34)
(-1.21551e-294 -7.47052e-32 -6.20813e-33)
(-1.00064e-287 -7.04722e-32 -1.51356e-32)
(-8.17941e-281 -6.2587e-32 -2.45171e-32)
(-6.63696e-274 -5.07175e-32 -3.4883e-32)
(-5.34418e-267 -3.44247e-32 -4.64682e-32)
(-4.26887e-260 -1.31707e-32 -5.95102e-32)
(-3.38148e-253 1.36834e-32 -7.42708e-32)
(-2.65518e-246 4.68913e-32 -9.10655e-32)
(-2.06581e-239 8.73493e-32 -1.10302e-31)
(-1.59183e-232 1.36141e-31 -1.32523e-31)
(-1.21423e-225 1.94603e-31 -1.58456e-31)
(-9.16359e-219 2.64404e-31 -1.89059e-31)
(-6.83814e-212 3.47652e-31 -2.25568e-31)
(-5.0424e-205 4.47016e-31 -2.69543e-31)
(-3.67162e-198 5.65859e-31 -3.22907e-31)
(-2.6379e-191 7.08401e-31 -3.87992e-31)
(-1.8684e-184 8.79885e-31 -4.67587e-31)
(-1.30338e-177 1.08678e-30 -5.64999e-31)
(-8.94534e-171 1.33698e-30 -6.84138e-31)
(-6.0329e-164 1.64007e-30 -8.2963e-31)
(-3.99268e-157 2.00766e-30 -1.007e-30)
(-2.58902e-150 2.45367e-30 -1.2229e-30)
(-1.64194e-143 2.99488e-30 -1.48552e-30)
(-1.0163e-136 3.65149e-30 -1.80506e-30)
(-6.12422e-130 4.44788e-30 -2.19458e-30)
(-3.58222e-123 5.41366e-30 -2.67115e-30)
(-2.02646e-116 6.58505e-30 -3.25778e-30)
(-1.10358e-109 8.00682e-30 -3.9863e-30)
(-5.75094e-103 9.73522e-30 -4.90227e-30)
(-2.84419e-96 1.18427e-29 -6.07278e-30)
(-1.31896e-89 1.44269e-29 -7.59953e-30)
(-5.62556e-83 1.76299e-29 -9.64057e-30)
(-2.12929e-76 2.16887e-29 -1.24489e-29)
(-6.57457e-70 2.70897e-29 -1.64572e-29)
(-1.17988e-63 3.51142e-29 -2.25454e-29)
(3.50703e-57 5.01808e-29 -3.33737e-29)
(5.2147e-50 9.36584e-29 -6.53884e-29)
(3.50624e-43 3.41228e-28 -4.63467e-28)
(-1.25457e-305 -7.66517e-32 -8.2296e-34)
(-1.03086e-298 -7.60934e-32 -5.72563e-33)
(-8.40936e-292 -7.17693e-32 -1.39111e-32)
(-6.8085e-285 -6.37296e-32 -2.25219e-32)
(-5.46929e-278 -5.16352e-32 -3.20392e-32)
(-4.35766e-271 -3.50378e-32 -4.26771e-32)
(-3.44241e-264 -1.33893e-32 -5.4653e-32)
(-2.69517e-257 1.39608e-32 -6.82069e-32)
(-2.09046e-250 4.778e-32 -8.36284e-32)
(-1.60557e-243 8.89805e-32 -1.01291e-31)
(-1.22048e-236 1.38666e-31 -1.21695e-31)
(-9.17735e-230 1.98195e-31 -1.45507e-31)
(-6.82225e-223 2.6927e-31 -1.73608e-31)
(-5.01055e-216 3.54037e-31 -2.07134e-31)
(-3.63315e-209 4.55213e-31 -2.47515e-31)
(-2.59888e-202 5.76226e-31 -2.96519e-31)
(-1.83241e-195 7.21373e-31 -3.56289e-31)
(-1.27228e-188 8.95998e-31 -4.29388e-31)
(-8.68975e-182 1.10669e-30 -5.18852e-31)
(-5.8316e-175 1.3615e-30 -6.28276e-31)
(-3.84016e-168 1.6702e-30 -7.61913e-31)
(-2.47766e-161 2.04463e-30 -9.24845e-31)
(-1.5636e-154 2.49901e-30 -1.12321e-30)
(-9.63273e-148 3.05051e-30 -1.36454e-30)
(-5.77999e-141 3.7198e-30 -1.65828e-30)
(-3.369e-134 4.53197e-30 -2.01651e-30)
(-1.90149e-127 5.51755e-30 -2.4551e-30)
(-1.03524e-120 6.71416e-30 -2.99545e-30)
(-5.41111e-114 8.16864e-30 -3.66734e-30)
(-2.6992e-107 9.94045e-30 -4.51336e-30)
(-1.27494e-100 1.21072e-29 -5.59623e-30)
(-5.64182e-94 1.47744e-29 -7.01026e-30)
(-2.30313e-87 1.80973e-29 -8.89875e-30)
(-8.46526e-81 2.23338e-29 -1.14786e-29)
(-2.68222e-74 2.80063e-29 -1.50728e-29)
(-6.64475e-68 3.64762e-29 -2.01413e-29)
(-8.89093e-62 5.24261e-29 -2.70975e-29)
(1.74996e-55 9.81852e-29 -2.88718e-29)
(1.30912e-48 3.4768e-28 3.08988e-28)
(-4.10265e-306 -7.7952e-32 -7.65805e-34)
(-3.15805e-299 -7.73661e-32 -5.23164e-33)
(-2.4109e-292 -7.29566e-32 -1.26628e-32)
(-1.82468e-285 -6.47749e-32 -2.04903e-32)
(-1.36856e-278 -5.24741e-32 -2.91447e-32)
(-1.01678e-271 -3.55978e-32 -3.8819e-32)
(-7.4795e-265 -1.35882e-32 -4.97105e-32)
(-5.4449e-258 1.42159e-32 -6.2037e-32)
(-3.92054e-251 4.85943e-32 -7.60616e-32)
(-2.79056e-244 9.04739e-32 -9.21245e-32)
(-1.96225e-237 1.40976e-31 -1.1068e-31)
(-1.3622e-230 2.01482e-31 -1.32335e-31)
(-9.32892e-224 2.73721e-31 -1.5789e-31)
(-6.29766e-217 3.59876e-31 -1.8838e-31)
(-4.18701e-210 4.62709e-31 -2.25105e-31)
(-2.73897e-203 5.85704e-31 -2.69675e-31)
(-1.76104e-196 7.33233e-31 -3.24037e-31)
(-1.1116e-189 9.10728e-31 -3.90524e-31)
(-6.87953e-183 1.12489e-30 -4.719e-31)
(-4.1685e-176 1.38391e-30 -5.71435e-31)
(-2.46897e-169 1.69775e-30 -6.93004e-31)
(-1.42687e-162 2.07844e-30 -8.41236e-31)
(-8.02988e-156 2.54048e-30 -1.02173e-30)
(-4.39026e-149 3.1014e-30 -1.24136e-30)
(-2.3259e-142 3.78233e-30 -1.50877e-30)
(-1.19044e-135 4.60896e-30 -1.83503e-30)
(-5.86575e-129 5.61275e-30 -2.23471e-30)
(-2.77129e-122 6.83258e-30 -2.72756e-30)
(-1.24941e-115 8.31723e-30 -3.34104e-30)
(-5.34463e-109 1.01292e-29 -4.11456e-30)
(-2.15445e-102 1.23507e-29 -5.10598e-30)
(-8.11525e-96 1.50946e-29 -6.4015e-30)
(-2.82652e-89 1.85269e-29 -8.1287e-30)
(-8.98178e-83 2.29199e-29 -1.04671e-29)
(-2.55849e-76 2.88092e-29 -1.36287e-29)
(-6.37808e-70 3.75369e-29 -1.76614e-29)
(-1.34434e-63 5.34771e-29 -2.10319e-29)
(-2.27146e-57 9.45634e-29 -6.33569e-30)
(-2.80574e-51 2.32236e-28 2.45669e-28)
(-5.58761e-306 -7.91368e-32 -7.05801e-34)
(-4.30108e-299 -7.85211e-32 -4.72656e-33)
(-3.28349e-292 -7.40321e-32 -1.13928e-32)
(-2.48506e-285 -6.57208e-32 -1.84254e-32)
(-1.86385e-278 -5.32329e-32 -2.62038e-32)
(-1.38474e-271 -3.61037e-32 -3.48999e-32)
(-1.01862e-264 -1.3767e-32 -4.46902e-32)
(-7.4152e-258 1.44483e-32 -5.57704e-32)
(-5.33916e-251 4.9333e-32 -6.83768e-32)
(-3.80025e-244 9.18273e-32 -8.28151e-32)
(-2.67219e-237 1.43068e-31 -9.94936e-32)
(-1.85501e-230 2.04458e-31 -1.18958e-31)
(-1.27037e-223 2.7775e-31 -1.41929e-31)
(-8.57568e-217 3.6516e-31 -1.69336e-31)
(-5.70141e-210 4.6949e-31 -2.02349e-31)
(-3.72953e-203 5.94278e-31 -2.42415e-31)
(-2.39787e-196 7.4396e-31 -2.91285e-31)
(-1.51352e-189 9.24052e-31 -3.51056e-31)
(-9.36667e-183 1.14136e-30 -4.24215e-31)
(-5.67531e-176 1.40419e-30 -5.13704e-31)
(-3.36129e-169 1.72267e-30 -6.23009e-31)
(-1.94247e-162 2.10903e-30 -7.56299e-31)
(-1.09309e-155 2.57802e-30 -9.18617e-31)
(-5.97597e-149 3.14746e-30 -1.11617e-30)
(-3.16576e-142 3.83894e-30 -1.35677e-30)
(-1.62016e-135 4.67872e-30 -1.65042e-30)
(-7.98247e-129 5.69905e-30 -2.01037e-30)
(-3.77096e-122 6.94002e-30 -2.45456e-30)
(-1.69991e-115 8.45221e-30 -3.00802e-30)
(-7.27082e-109 1.03008e-29 -3.70667e-30)
(-2.93051e-102 1.25724e-29 -4.60314e-30)
(-1.1037e-95 1.53862e-29 -5.77501e-30)
(-3.84375e-89 1.89167e-29 -7.33369e-30)
(-1.22137e-82 2.34446e-29 -9.42214e-30)
(-3.47956e-76 2.94967e-29 -1.21494e-29)
(-8.67838e-70 3.83071e-29 -1.52077e-29)
(-1.83139e-63 5.35204e-29 -1.56922e-29)
(-3.10195e-57 8.70804e-29 6.87999e-30)
(-3.84386e-51 1.53312e-28 1.85985e-28)
(-1.02427e-305 -8.02051e-32 -6.42678e-34)
(-7.88649e-299 -7.95564e-32 -4.21071e-33)
(-6.02239e-292 -7.49939e-32 -1.01028e-32)
(-4.55941e-285 -6.6566e-32 -1.63304e-32)
(-3.42081e-278 -5.39103e-32 -2.32212e-32)
(-2.54241e-271 -3.65548e-32 -3.09258e-32)
(-1.87094e-264 -1.39255e-32 -3.96001e-32)
(-1.36257e-257 1.46575e-32 -4.9417e-32)
(-9.81549e-251 4.99948e-32 -6.05858e-32)
(-6.98987e-244 9.30383e-32 -7.33775e-32)
(-4.9177e-237 1.4494e-31 -8.81537e-32)
(-3.41585e-230 2.07118e-31 -1.05398e-31)
(-2.34079e-223 2.8135e-31 -1.2575e-31)
(-1.58127e-216 3.6988e-31 -1.50032e-31)
(-1.05209e-209 4.75547e-31 -1.79282e-31)
(-6.88791e-203 6.01935e-31 -2.14781e-31)
(-4.43256e-196 7.53539e-31 -2.58082e-31)
(-2.8006e-189 9.3595e-31 -3.11045e-31)
(-1.73507e-182 1.15606e-30 -3.75872e-31)
(-1.05254e-175 1.4223e-30 -4.55172e-31)
(-6.24192e-169 1.74493e-30 -5.52037e-31)
(-3.61227e-162 2.13635e-30 -6.70167e-31)
(-2.03587e-155 2.61154e-30 -8.1404e-31)
(-1.11489e-148 3.18862e-30 -9.89175e-31)
(-5.9168e-142 3.88955e-30 -1.20252e-30)
(-3.03398e-135 4.7411e-30 -1.463e-30)
(-1.49793e-128 5.77627e-30 -1.78245e-30)
(-7.09173e-122 7.03623e-30 -2.17693e-30)
(-3.20402e-115 8.57319e-30 -2.66888e-30)
(-1.37345e-108 1.04549e-29 -3.29052e-30)
(-5.547e-102 1.27715e-29 -4.08891e-30)
(-2.09251e-95 1.5648e-29 -5.13263e-30)
(-7.29279e-89 1.92653e-29 -6.51702e-30)
(-2.31521e-82 2.39067e-29 -8.35112e-30)
(-6.56902e-76 3.0072e-29 -1.06562e-29)
(-1.62165e-69 3.88191e-29 -1.28567e-29)
(-3.34309e-63 5.28278e-29 -1.12773e-29)
(-5.36268e-57 7.82939e-29 1.36226e-29)
(-5.78372e-51 1.00802e-28 1.4643e-28)
(7.68647e-308 -8.11561e-32 -5.76061e-34)
(5.91542e-301 -8.04699e-32 -3.68433e-33)
(4.51485e-294 -7.58402e-32 -8.79472e-33)
(3.41617e-287 -6.73089e-32 -1.42086e-32)
(2.56152e-280 -5.45053e-32 -2.02016e-32)
(1.90254e-273 -3.69504e-32 -2.69029e-32)
(1.39909e-266 -1.40633e-32 -3.44478e-32)
(1.01816e-259 1.48433e-32 -4.29864e-32)
(7.32849e-253 5.05788e-32 -5.27006e-32)
(5.21422e-246 9.41053e-32 -6.38262e-32)
(3.66496e-239 1.46587e-31 -7.66776e-32)
(2.54307e-232 2.09458e-31 -9.16762e-32)
(1.74075e-225 2.84516e-31 -1.09377e-31)
(1.1745e-218 3.74029e-31 -1.30497e-31)
(7.8042e-212 4.8087e-31 -1.55938e-31)
(5.10201e-205 6.08663e-31 -1.86816e-31)
(3.27817e-198 7.61955e-31 -2.24482e-31)
(2.06771e-191 9.46402e-31 -2.70552e-31)
(1.27865e-184 1.16898e-30 -3.26945e-31)
(7.74097e-178 1.43821e-30 -3.9593e-31)
(4.58055e-171 1.76448e-30 -4.802e-31)
(2.64445e-164 2.16036e-30 -5.82976e-31)
(1.4865e-157 2.64101e-30 -7.08161e-31)
(8.11717e-151 3.22481e-30 -8.60572e-31)
(4.29449e-144 3.93404e-30 -1.04627e-30)
(2.1947e-137 4.79597e-30 -1.27308e-30)
(1.07964e-130 5.84423e-30 -1.55135e-30)
(5.09165e-124 7.12096e-30 -1.89517e-30)
(2.29102e-117 8.67983e-30 -2.32429e-30)
(9.77959e-111 1.05908e-29 -2.867e-30)
(3.93327e-104 1.29473e-29 -3.56452e-30)
(1.47806e-97 1.58789e-29 -4.47626e-30)
(5.13591e-91 1.95715e-29 -5.68194e-30)
(1.62858e-84 2.43062e-29 -7.26079e-30)
(4.63258e-78 3.05421e-29 -9.16688e-30)
(1.15524e-71 3.91183e-29 -1.06566e-29)
(2.44535e-65 5.16748e-29 -7.79723e-30)
(4.18701e-59 6.96281e-29 1.64748e-29)
(5.35805e-53 6.67477e-29 1.08352e-28)
(-2.67375e-308 -8.19894e-32 -5.05439e-34)
(-2.05799e-301 -8.12596e-32 -3.14754e-33)
(-1.57098e-294 -7.65694e-32 -7.47059e-33)
(-1.1889e-287 -6.79482e-32 -1.20634e-32)
(-8.9164e-281 -5.50167e-32 -1.71495e-32)
(-6.62397e-274 -3.72898e-32 -2.28374e-32)
(-4.87228e-267 -1.41804e-32 -2.92413e-32)
(-3.54663e-260 1.50053e-32 -3.64885e-32)
(-2.55351e-253 5.1084e-32 -4.47334e-32)
(-1.81738e-246 9.50264e-32 -5.41759e-32)
(-1.27782e-239 1.48007e-31 -6.50831e-32)
(-8.86984e-233 2.11475e-31 -7.78126e-32)
(-6.07386e-226 2.87242e-31 -9.28359e-32)
(-4.09983e-219 3.77601e-31 -1.10761e-31)
(-2.72546e-212 4.8545e-31 -1.32355e-31)
(-1.78265e-205 6.14451e-31 -1.58564e-31)
(-1.14601e-198 7.69195e-31 -1.90535e-31)
(-7.23257e-192 9.55392e-31 -2.2964e-31)
(-4.47528e-185 1.18009e-30 -2.7751e-31)
(-2.71109e-178 1.4519e-30 -3.3607e-31)
(-1.60533e-171 1.78131e-30 -4.07608e-31)
(-9.27459e-165 2.18101e-30 -4.94861e-31)
(-5.21734e-158 2.66637e-30 -6.01149e-31)
(-2.85115e-151 3.25595e-30 -7.30569e-31)
(-1.50959e-144 3.97235e-30 -8.88285e-31)
(-7.72048e-138 4.84322e-30 -1.08097e-30)
(-3.8005e-131 5.90279e-30 -1.31746e-30)
(-1.7933e-124 7.19401e-30 -1.60981e-30)
(-8.07162e-118 8.77183e-30 -1.97492e-30)
(-3.44527e-111 1.07081e-29 -2.43702e-30)
(-1.38471e-104 1.30992e-29 -3.03127e-30)
(-5.19478e-98 1.60783e-29 -3.80781e-30)
(-1.79913e-91 1.98345e-29 -4.83157e-30)
(-5.67117e-85 2.46439e-29 -6.15698e-30)
(-1.59652e-78 3.09167e-29 -7.6938e-30)
(-3.90989e-72 3.92562e-29 -8.63016e-30)
(-8.01466e-66 5.03037e-29 -5.17532e-30)
(-1.29294e-59 6.17972e-29 1.66372e-29)
(-1.46629e-53 4.17703e-29 7.81701e-29)
(-1.36627e-306 -8.27051e-32 -4.30112e-34)
(-1.0513e-299 -8.19235e-32 -2.60034e-33)
(-8.02267e-293 -7.718e-32 -6.13245e-33)
(-6.06945e-286 -6.84829e-32 -9.89811e-33)
(-4.55035e-279 -5.54439e-32 -1.40699e-32)
(-3.37924e-272 -3.75724e-32 -1.87356e-32)
(-2.48469e-265 -1.42764e-32 -2.39887e-32)
(-1.80796e-258 1.51434e-32 -2.99335e-32)
(-1.30119e-251 5.15095e-32 -3.66964e-32)
(-9.257e-245 9.58002e-32 -4.44415e-32)
(-6.50598e-238 1.49199e-31 -5.3388e-32)
(-4.51411e-231 2.13165e-31 -6.38292e-32)
(-3.08979e-224 2.89525e-31 -7.61518e-32)
(-2.08467e-217 3.8059e-31 -9.08551e-32)
(-1.3852e-210 4.89282e-31 -1.08568e-31)
(-9.05617e-204 6.19291e-31 -1.30067e-31)
(-5.81929e-197 7.75246e-31 -1.56294e-31)
(-3.67102e-190 9.62905e-31 -1.88374e-31)
(-2.27057e-183 1.18937e-30 -2.27644e-31)
(-1.37497e-176 1.46333e-30 -2.75685e-31)
(-8.13897e-170 1.79537e-30 -3.34376e-31)
(-4.70098e-163 2.19828e-30 -4.05963e-31)
(-2.64409e-156 2.68757e-30 -4.93174e-31)
(-1.44492e-149 3.282e-30 -5.99375e-31)
(-7.6519e-143 4.0044e-30 -7.28817e-31)
(-3.91525e-136 4.88277e-30 -8.86991e-31)
(-1.92899e-129 5.95181e-30 -1.08119e-30)
(-9.11488e-123 7.2552e-30 -1.32137e-30)
(-4.11143e-116 8.84894e-30 -1.62147e-30)
(-1.76055e-109 1.08065e-29 -2.00153e-30)
(-7.10944e-103 1.32266e-29 -2.49048e-30)
(-2.68558e-96 1.62454e-29 -3.12919e-30)
(-9.39524e-90 2.00541e-29 -3.96882e-30)
(-3.0057e-83 2.49214e-29 -5.04437e-30)
(-8.64947e-77 3.12065e-29 -6.24442e-30)
(-2.18951e-70 3.92835e-29 -6.77917e-30)
(-4.72192e-64 4.89124e-29 -3.28902e-30)
(-8.25148e-58 5.52279e-29 1.47681e-29)
(-1.0672e-51 2.62341e-29 6.01332e-29)
(4.01237e-307 -8.33038e-32 -3.49136e-34)
(3.0096e-300 -8.24593e-32 -2.04254e-33)
(2.2373e-293 -7.76707e-32 -4.78247e-33)
(1.64766e-286 -6.89119e-32 -7.71619e-33)
(1.20156e-279 -5.57861e-32 -1.09674e-32)
(8.67277e-273 -3.77979e-32 -1.46039e-32)
(6.19269e-266 -1.43513e-32 -1.86982e-32)
(4.37192e-259 1.52571e-32 -2.33313e-32)
(3.04987e-252 5.18548e-32 -2.8602e-32)
(2.101e-245 9.64254e-32 -3.46381e-32)
(1.42826e-238 1.50159e-31 -4.16103e-32)
(9.57402e-232 2.14525e-31 -4.97473e-32)
(6.32313e-225 2.91361e-31 -5.93508e-32)
(4.11084e-218 3.82991e-31 -7.08098e-32)
(2.62821e-211 4.92358e-31 -8.46147e-32)
(1.65064e-204 6.23175e-31 -1.01371e-31)
(1.01715e-197 7.80101e-31 -1.21812e-31)
(6.14169e-191 9.68932e-31 -1.46816e-31)
(3.62844e-184 1.19682e-30 -1.77424e-31)
(2.09395e-177 1.47251e-30 -2.1487e-31)
(1.17823e-170 1.80665e-30 -2.60618e-31)
(6.45073e-164 2.21214e-30 -3.16421e-31)
(3.42829e-157 2.70458e-30 -3.84406e-31)
(1.76389e-150 3.3029e-30 -4.67203e-31)
(8.75883e-144 4.03013e-30 -5.68131e-31)
(4.18264e-137 4.91452e-30 -6.91484e-31)
(1.91278e-130 5.99119e-30 -8.4297e-31)
(8.33582e-124 7.30437e-30 -1.03038e-30)
(3.4414e-117 8.91093e-30 -1.26467e-30)
(1.33635e-110 1.08856e-29 -1.5615e-30)
(4.8381e-104 1.3329e-29 -1.9435e-30)
(1.61509e-97 1.63796e-29 -2.44231e-30)
(4.90106e-91 2.02298e-29 -3.09637e-30)
(1.32657e-84 2.51404e-29 -3.92649e-30)
(3.1198e-78 3.14227e-29 -4.82138e-30)
(6.1346e-72 3.92463e-29 -5.08898e-30)
(9.48618e-66 4.76513e-29 -1.98642e-30)
(1.03095e-59 5.00713e-29 1.21014e-29)
(5.98178e-54 1.70603e-29 4.10529e-29)
(3.16912e-303 -8.37868e-32 -2.6123e-34)
(2.41957e-296 -8.28644e-32 -1.47374e-33)
(1.8314e-289 -7.80404e-32 -3.42297e-33)
(1.37373e-282 -6.92346e-32 -5.52118e-33)
(1.02071e-275 -5.60426e-32 -7.84708e-33)
(7.50917e-269 -3.79658e-32 -1.04487e-32)
(5.46704e-262 -1.44049e-32 -1.33777e-32)
(3.93688e-255 1.53464e-32 -1.66923e-32)
(2.80247e-248 5.21192e-32 -2.04627e-32)
(1.97083e-241 9.69012e-32 -2.47806e-32)
(1.3683e-234 1.50888e-31 -2.97681e-32)
(9.37166e-228 2.15554e-31 -3.55888e-32)
(6.32716e-221 2.92747e-31 -4.24586e-32)
(4.20704e-214 3.84802e-31 -5.06558e-32)
(2.75234e-207 4.94674e-31 -6.05315e-32)
(1.7698e-200 6.26096e-31 -7.25187e-32)
(1.11722e-193 7.8375e-31 -8.71423e-32)
(6.91477e-187 9.73461e-31 -1.0503e-31)
(4.19007e-180 1.20241e-30 -1.26929e-31)
(2.4818e-173 1.4794e-30 -1.5372e-31)
(1.43428e-166 1.81512e-30 -1.86451e-31)
(8.07113e-160 2.22255e-30 -2.26376e-31)
(4.4123e-153 2.71737e-30 -2.75021e-31)
(2.33711e-146 3.31862e-30 -3.34266e-31)
(1.19579e-139 4.04948e-30 -4.06493e-31)
(5.88937e-133 4.93842e-30 -4.94779e-31)
(2.78053e-126 6.02083e-30 -6.03221e-31)
(1.25233e-119 7.34139e-30 -7.37417e-31)
(5.34952e-113 8.95762e-30 -9.05225e-31)
(2.15204e-106 1.09452e-29 -1.11791e-30)
(8.08263e-100 1.34063e-29 -1.39168e-30)
(2.80333e-93 1.64808e-29 -1.74904e-30)
(8.85336e-87 2.03616e-29 -2.21667e-30)
(2.4989e-80 2.53028e-29 -2.80579e-30)
(6.1434e-74 3.15751e-29 -3.42323e-30)
(1.26705e-67 3.91836e-29 -3.53344e-30)
(2.06671e-61 4.66271e-29 -1.12402e-30)
(2.40107e-55 4.63317e-29 8.64985e-30)
(1.57736e-49 1.2792e-29 3.03798e-29)
(3.26299e-307 -8.41556e-32 -1.64666e-34)
(2.46875e-300 -8.31349e-32 -8.93254e-34)
(1.85114e-293 -7.82874e-32 -2.05649e-33)
(1.37507e-286 -6.94497e-32 -3.31665e-33)
(1.01142e-279 -5.62128e-32 -4.71369e-33)
(7.36309e-273 -3.80756e-32 -6.27638e-33)
(5.30249e-266 -1.44369e-32 -8.03572e-33)
(3.77529e-259 1.54114e-32 -1.00265e-32)
(2.65589e-252 5.23025e-32 -1.22911e-32)
(1.84492e-245 9.72268e-32 -1.48843e-32)
(1.26457e-238 1.51383e-31 -1.78797e-32)
(8.5463e-232 2.1625e-31 -2.13755e-32)
(5.69004e-225 2.93681e-31 -2.55013e-32)
(3.72871e-218 3.86017e-31 -3.04244e-32)
(2.40255e-211 4.96226e-31 -3.63558e-32)
(1.52048e-204 6.2805e-31 -4.35556e-32)
(9.43961e-198 7.86189e-31 -5.23388e-32)
(5.74129e-191 9.76486e-31 -6.3083e-32)
(3.41584e-184 1.20615e-30 -7.62362e-32)
(1.9847e-177 1.484e-30 -9.23284e-32)
(1.12406e-170 1.82078e-30 -1.11989e-31)
(6.19254e-164 2.22951e-30 -1.35971e-31)
(3.31052e-157 2.72592e-30 -1.65191e-31)
(1.71274e-150 3.32914e-30 -2.00781e-31)
(8.54865e-144 4.06243e-30 -2.44172e-31)
(4.10156e-137 4.95441e-30 -2.97215e-31)
(1.88372e-130 6.04067e-30 -3.62375e-31)
(8.24028e-124 7.36617e-30 -4.43025e-31)
(3.41313e-117 8.98888e-30 -5.43896e-31)
(1.32904e-110 1.09852e-29 -6.7177e-31)
(4.82242e-104 1.34579e-29 -8.36394e-31)
(1.61264e-97 1.65484e-29 -1.05123e-30)
(4.89974e-91 2.04496e-29 -1.33196e-30)
(1.32732e-84 2.54101e-29 -1.6838e-30)
(3.12316e-78 3.1672e-29 -2.04522e-30)
(6.14323e-72 3.91251e-29 -2.07858e-30)
(9.50262e-66 4.59099e-29 -5.56796e-31)
(1.03331e-59 4.39214e-29 5.33438e-30)
(6.00217e-54 1.22269e-29 1.65217e-29)
(1.69632e-311 -8.44163e-32 -5.71243e-35)
(1.27218e-304 -8.33073e-32 -3.00158e-34)
(9.4527e-298 -7.84489e-32 -6.85996e-34)
(6.95564e-291 -6.95944e-32 -1.10636e-33)
(5.0663e-284 -5.63335e-32 -1.57237e-33)
(3.6509e-277 -3.81639e-32 -2.09365e-33)
(2.60154e-270 -1.44836e-32 -2.68052e-33)
(1.83202e-263 1.54167e-32 -3.34457e-33)
(1.27418e-256 5.2371e-32 -4.09992e-33)
(8.74651e-250 9.73707e-32 -4.96486e-33)
(5.92141e-243 1.51616e-31 -5.96387e-33)
(3.95054e-236 2.16587e-31 -7.12975e-33)
(2.59508e-229 2.9414e-31 -8.50575e-33)
(1.67686e-222 3.8662e-31 -1.01477e-32)
(1.06474e-215 4.96997e-31 -1.21258e-32)
(6.63584e-209 6.29023e-31 -1.45269e-32)
(4.05423e-202 7.87403e-31 -1.74564e-32)
(2.42481e-195 9.77991e-31 -2.104e-32)
(1.41753e-188 1.20801e-30 -2.54271e-32)
(8.08593e-182 1.4863e-30 -3.07945e-32)
(4.49191e-175 1.82361e-30 -3.73522e-32)
(2.42492e-168 2.23299e-30 -4.53518e-32)
(1.26901e-161 2.73021e-30 -5.50985e-32)
(6.41982e-155 3.33442e-30 -6.69702e-32)
(3.12957e-148 4.06894e-30 -8.14442e-32)
(1.4647e-141 4.96247e-30 -9.91389e-32)
(6.55309e-135 6.05068e-30 -1.20877e-31)
(2.78859e-128 7.37869e-30 -1.47785e-31)
(1.12188e-121 9.00468e-30 -1.81442e-31)
(4.23622e-115 1.10053e-29 -2.24114e-31)
(1.48799e-108 1.34841e-29 -2.79053e-31)
(4.80791e-102 1.65825e-29 -3.50742e-31)
(1.40868e-95 2.04939e-29 -4.44349e-31)
(3.67187e-89 2.54639e-29 -5.61356e-31)
(8.29343e-83 3.17194e-29 -6.80303e-31)
(1.56152e-76 3.90912e-29 -6.85916e-31)
(2.3038e-70 4.55414e-29 -1.64792e-31)
(2.37586e-64 4.26988e-29 1.91341e-30)
(1.292e-58 9.30555e-30 3.76869e-30)
(6.44508e-06 1.86438e-22 5.70221e-23)
(2.00008e-06 2.7575e-22 1.31441e-22)
(1.99989e-06 1.77215e-22 8.5335e-23)
(1.99971e-06 8.05691e-23 4.05787e-23)
(-2.44564e-06 -7.3347e-24 -1.12806e-23)
(1.23004e-11 1.10421e-23 -4.72456e-23)
(-3.64356e-12 1.69157e-23 -1.96976e-23)
(1.0494e-12 8.3554e-24 -1.30712e-23)
(-3.6443e-12 3.23439e-24 -4.61908e-24)
(-8.13077e-13 7.52922e-25 -7.01577e-24)
(1.02985e-17 6.12487e-25 -2.6886e-24)
(-8.84735e-18 8.91479e-25 -1.09599e-24)
(3.84185e-19 3.97364e-25 -6.19619e-25)
(-2.58652e-18 1.91402e-25 -4.1679e-25)
(2.67525e-18 7.3053e-26 -3.87633e-25)
(3.67014e-24 3.03221e-26 -1.43818e-25)
(-7.25818e-24 4.29257e-26 -5.68469e-26)
(3.06799e-24 1.81273e-26 -3.47244e-26)
(3.33507e-25 8.34051e-27 -2.47749e-26)
(7.39592e-25 2.81786e-27 -1.82316e-26)
(-3.90581e-31 -5.60682e-28 -6.34913e-27)
(-1.98911e-30 -1.97507e-27 -3.22984e-27)
(3.45741e-30 -3.11521e-27 -2.30712e-27)
(-7.40487e-31 -3.51675e-27 -1.87185e-27)
(-2.04476e-31 -1.81591e-27 -5.56718e-28)
)
;

boundaryField
{
    fixedWallsLeftTop
    {
        type            noSlip;
    }
    backFaceLeftTop
    {
        type            noSlip;
    }
    frontFaceLeftTop
    {
        type            noSlip;
    }
    symmetryWallLeftTop
    {
        type            zeroGradient;
    }
    topToBottom
    {
        type            noSlip;
    }
    plug
    {
        type            cyclicAMI;
        value           nonuniform List<vector> 
40
(
(-6.81586e-32 -1.38721e-27 5.38518e-29)
(-6.81586e-32 -1.54991e-27 3.31217e-29)
(-6.81586e-32 -1.57576e-27 8.47089e-30)
(-6.81639e-32 7.84477e-27 9.14626e-28)
(-9.96763e-32 -1.02632e-27 7.01682e-28)
(-6.81639e-32 -9.89228e-27 7.66758e-28)
(-6.81586e-32 -8.78473e-28 6.1033e-29)
(-6.81586e-32 -9.00969e-28 5.35092e-29)
(-2.4683e-31 -1.62119e-27 -1.19782e-28)
(-2.4683e-31 -1.73314e-27 -1.3113e-28)
(-2.4683e-31 -1.89176e-27 -1.54622e-28)
(-2.4683e-31 -1.92312e-27 -1.73106e-28)
(-2.46854e-31 7.54656e-27 6.96278e-28)
(-3.60966e-31 -1.6952e-27 1.41272e-28)
(-2.46854e-31 -1.03004e-26 6.20355e-28)
(-2.46829e-31 -1.26613e-27 -1.22276e-28)
(1.15247e-30 -1.15681e-27 -1.78054e-29)
(1.15247e-30 -1.3115e-27 -1.6324e-29)
(1.15247e-30 -1.42248e-27 -2.61489e-29)
(1.15247e-30 -1.57955e-27 -4.37147e-29)
(1.15247e-30 -1.60844e-27 -5.6722e-29)
(1.1526e-30 7.9325e-27 7.75787e-28)
(1.68539e-30 -1.40742e-27 -1.64083e-29)
(1.15259e-30 -1.00981e-26 7.78612e-28)
(-6.6304e-31 -5.64068e-28 -1.12663e-28)
(-6.63038e-31 -5.94836e-28 -1.09472e-28)
(-6.63038e-31 -7.54587e-28 -1.05912e-28)
(-6.63038e-31 -8.67117e-28 -1.10127e-28)
(-6.63038e-31 -1.02706e-27 -1.21953e-28)
(-6.63038e-31 -1.05588e-27 -1.29745e-28)
(-6.6312e-31 8.6864e-27 6.75278e-28)
(-9.69639e-31 -5.7942e-28 -4.47646e-28)
(-1.30201e-31 -9.07037e-27 -2.03577e-28)
(-1.30194e-31 4.14993e-29 -1.0342e-27)
(-1.30194e-31 -4.86512e-30 -1.0303e-27)
(-1.30194e-31 -1.74942e-28 -1.02241e-27)
(-1.30194e-31 -2.9674e-28 -1.02301e-27)
(-1.30194e-31 -4.44105e-28 -1.03067e-27)
(-1.30194e-31 -5.217e-28 -1.03972e-27)
(-1.30197e-31 4.44669e-27 -6.68493e-28)
)
;
    }
    fixedWallsChannel
    {
        type            noSlip;
    }
    inlet
    {
        type            fixedValue;
        value           uniform (1 0 0);
    }
    outlet
    {
        type            cyclicAMI;
        value           nonuniform List<vector> 5((-7.30988e-32 -1.16553e-27 3.37811e-28) (-2.64721e-31 -1.61361e-27 9.63138e-29) (1.23601e-30 -1.33423e-27 1.65327e-28) (-7.11093e-31 3.69746e-28 -7.19055e-29) (-1.30195e-31 -7.53067e-28 -8.81549e-28));
    }
    backFaceInletChannel
    {
        type            noSlip;
    }
    frontFaceInletChannel
    {
        type            noSlip;
    }
}


// ************************************************************************* //
