/*--------------------------------*- C++ -*----------------------------------*\
| =========                 |                                                 |
| \\      /  F ield         | OpenFOAM: The Open Source CFD Toolbox           |
|  \\    /   O peration     | Version:  4.1                                   |
|   \\  /    A nd           | Web:      www.OpenFOAM.org                      |
|    \\/     M anipulation  |                                                 |
\*---------------------------------------------------------------------------*/
FoamFile
{
    version     2.0;
    format      ascii;
    class       volVectorField;
    location    "5";
    object      U;
}
// * * * * * * * * * * * * * * * * * * * * * * * * * * * * * * * * * * * * * //

dimensions      [0 1 -1 0 0 0 0];

internalField   nonuniform List<vector> 
400
(
(0.000998487 0 0)
(2.52028e-07 0 0)
(4.28367e-11 0 0)
(5.51454e-15 0 0)
(5.7346e-19 0 0)
(5.01741e-23 0 0)
(3.79867e-27 0 0)
(2.54023e-31 0 0)
(1.52406e-35 0 0)
(8.30579e-40 0 0)
(4.15273e-44 0 0)
(1.92056e-48 0 0)
(8.27291e-53 0 0)
(3.33859e-57 0 0)
(1.26862e-61 0 0)
(4.55897e-66 0 0)
(1.55536e-70 0 0)
(5.05478e-75 0 0)
(1.56959e-79 0 0)
(4.66953e-84 0 0)
(0.000998991 0 0)
(2.522e-07 0 0)
(4.28698e-11 0 0)
(5.51913e-15 0 0)
(5.73962e-19 0 0)
(5.02197e-23 0 0)
(3.80222e-27 0 0)
(2.54266e-31 0 0)
(1.52556e-35 0 0)
(8.3141e-40 0 0)
(4.15695e-44 0 0)
(1.92255e-48 0 0)
(8.28159e-53 0 0)
(3.34215e-57 0 0)
(1.26999e-61 0 0)
(4.56394e-66 0 0)
(1.55708e-70 0 0)
(5.06043e-75 0 0)
(1.57137e-79 0 0)
(4.67487e-84 0 0)
(0.000998991 0 0)
(2.522e-07 0 0)
(4.28698e-11 0 0)
(5.51913e-15 0 0)
(5.73962e-19 0 0)
(5.02197e-23 0 0)
(3.80223e-27 0 0)
(2.54266e-31 0 0)
(1.52556e-35 0 0)
(8.3141e-40 0 0)
(4.15696e-44 0 0)
(1.92255e-48 0 0)
(8.28159e-53 0 0)
(3.34215e-57 0 0)
(1.26999e-61 0 0)
(4.56395e-66 0 0)
(1.55708e-70 0 0)
(5.06043e-75 0 0)
(1.57137e-79 0 0)
(4.67487e-84 0 0)
(0.000998991 0 0)
(2.522e-07 0 0)
(4.28698e-11 0 0)
(5.51913e-15 0 0)
(5.73962e-19 0 0)
(5.02197e-23 0 0)
(3.80223e-27 0 0)
(2.54266e-31 0 0)
(1.52556e-35 0 0)
(8.3141e-40 0 0)
(4.15696e-44 0 0)
(1.92255e-48 0 0)
(8.28159e-53 0 0)
(3.34215e-57 0 0)
(1.26999e-61 0 0)
(4.56395e-66 0 0)
(1.55708e-70 0 0)
(5.06043e-75 0 0)
(1.57137e-79 0 0)
(4.67487e-84 0 0)
(0.000998991 0 0)
(2.522e-07 0 0)
(4.28698e-11 0 0)
(5.51913e-15 0 0)
(5.73962e-19 0 0)
(5.02197e-23 0 0)
(3.80223e-27 0 0)
(2.54266e-31 0 0)
(1.52556e-35 0 0)
(8.3141e-40 0 0)
(4.15696e-44 0 0)
(1.92255e-48 0 0)
(8.28159e-53 0 0)
(3.34215e-57 0 0)
(1.26999e-61 0 0)
(4.56395e-66 0 0)
(1.55708e-70 0 0)
(5.06043e-75 0 0)
(1.57137e-79 0 0)
(4.67487e-84 0 0)
(0.000998991 0 0)
(2.522e-07 0 0)
(4.28698e-11 0 0)
(5.51913e-15 0 0)
(5.73962e-19 0 0)
(5.02197e-23 0 0)
(3.80223e-27 0 0)
(2.54266e-31 0 0)
(1.52556e-35 0 0)
(8.3141e-40 0 0)
(4.15696e-44 0 0)
(1.92255e-48 0 0)
(8.28159e-53 0 0)
(3.34215e-57 0 0)
(1.26999e-61 0 0)
(4.56395e-66 0 0)
(1.55708e-70 0 0)
(5.06043e-75 0 0)
(1.57137e-79 0 0)
(4.67487e-84 0 0)
(0.000998991 0 0)
(2.522e-07 0 0)
(4.28698e-11 0 0)
(5.51913e-15 0 0)
(5.73962e-19 0 0)
(5.02197e-23 0 0)
(3.80223e-27 0 0)
(2.54266e-31 0 0)
(1.52556e-35 0 0)
(8.3141e-40 0 0)
(4.15696e-44 0 0)
(1.92255e-48 0 0)
(8.28159e-53 0 0)
(3.34215e-57 0 0)
(1.26999e-61 0 0)
(4.56395e-66 0 0)
(1.55708e-70 0 0)
(5.06043e-75 0 0)
(1.57137e-79 0 0)
(4.67487e-84 0 0)
(0.000998991 0 0)
(2.522e-07 0 0)
(4.28698e-11 0 0)
(5.51913e-15 0 0)
(5.73962e-19 0 0)
(5.02197e-23 0 0)
(3.80223e-27 0 0)
(2.54266e-31 0 0)
(1.52556e-35 0 0)
(8.3141e-40 0 0)
(4.15696e-44 0 0)
(1.92255e-48 0 0)
(8.28159e-53 0 0)
(3.34215e-57 0 0)
(1.26999e-61 0 0)
(4.56395e-66 0 0)
(1.55708e-70 0 0)
(5.06043e-75 0 0)
(1.57137e-79 0 0)
(4.67487e-84 0 0)
(0.000998991 0 0)
(2.522e-07 0 0)
(4.28698e-11 0 0)
(5.51913e-15 0 0)
(5.73962e-19 0 0)
(5.02197e-23 0 0)
(3.80223e-27 0 0)
(2.54266e-31 0 0)
(1.52556e-35 0 0)
(8.3141e-40 0 0)
(4.15696e-44 0 0)
(1.92255e-48 0 0)
(8.28159e-53 0 0)
(3.34215e-57 0 0)
(1.26999e-61 0 0)
(4.56395e-66 0 0)
(1.55708e-70 0 0)
(5.06043e-75 0 0)
(1.57137e-79 0 0)
(4.67487e-84 0 0)
(0.000998991 0 0)
(2.522e-07 0 0)
(4.28698e-11 0 0)
(5.51913e-15 0 0)
(5.73962e-19 0 0)
(5.02197e-23 0 0)
(3.80223e-27 0 0)
(2.54266e-31 0 0)
(1.52556e-35 0 0)
(8.3141e-40 0 0)
(4.15696e-44 0 0)
(1.92255e-48 0 0)
(8.28159e-53 0 0)
(3.34215e-57 0 0)
(1.26999e-61 0 0)
(4.56395e-66 0 0)
(1.55708e-70 0 0)
(5.06043e-75 0 0)
(1.57137e-79 0 0)
(4.67487e-84 0 0)
(0.000998991 0 0)
(2.522e-07 0 0)
(4.28698e-11 0 0)
(5.51913e-15 0 0)
(5.73962e-19 0 0)
(5.02197e-23 0 0)
(3.80223e-27 0 0)
(2.54266e-31 0 0)
(1.52556e-35 0 0)
(8.3141e-40 0 0)
(4.15696e-44 0 0)
(1.92255e-48 0 0)
(8.28159e-53 0 0)
(3.34215e-57 0 0)
(1.26999e-61 0 0)
(4.56395e-66 0 0)
(1.55708e-70 0 0)
(5.06043e-75 0 0)
(1.57137e-79 0 0)
(4.67487e-84 0 0)
(0.000998991 0 0)
(2.522e-07 0 0)
(4.28698e-11 0 0)
(5.51913e-15 0 0)
(5.73962e-19 0 0)
(5.02197e-23 0 0)
(3.80223e-27 0 0)
(2.54266e-31 0 0)
(1.52556e-35 0 0)
(8.3141e-40 0 0)
(4.15696e-44 0 0)
(1.92255e-48 0 0)
(8.28159e-53 0 0)
(3.34215e-57 0 0)
(1.26999e-61 0 0)
(4.56395e-66 0 0)
(1.55708e-70 0 0)
(5.06043e-75 0 0)
(1.57137e-79 0 0)
(4.67487e-84 0 0)
(0.000998991 0 0)
(2.522e-07 0 0)
(4.28698e-11 0 0)
(5.51913e-15 0 0)
(5.73962e-19 0 0)
(5.02197e-23 0 0)
(3.80223e-27 0 0)
(2.54266e-31 0 0)
(1.52556e-35 0 0)
(8.3141e-40 0 0)
(4.15696e-44 0 0)
(1.92255e-48 0 0)
(8.28159e-53 0 0)
(3.34215e-57 0 0)
(1.26999e-61 0 0)
(4.56395e-66 0 0)
(1.55708e-70 0 0)
(5.06043e-75 0 0)
(1.57137e-79 0 0)
(4.67487e-84 0 0)
(0.000998991 0 0)
(2.522e-07 0 0)
(4.28698e-11 0 0)
(5.51913e-15 0 0)
(5.73962e-19 0 0)
(5.02197e-23 0 0)
(3.80223e-27 0 0)
(2.54266e-31 0 0)
(1.52556e-35 0 0)
(8.3141e-40 0 0)
(4.15696e-44 0 0)
(1.92255e-48 0 0)
(8.28159e-53 0 0)
(3.34215e-57 0 0)
(1.26999e-61 0 0)
(4.56395e-66 0 0)
(1.55708e-70 0 0)
(5.06043e-75 0 0)
(1.57137e-79 0 0)
(4.67487e-84 0 0)
(0.000998991 0 0)
(2.522e-07 0 0)
(4.28698e-11 0 0)
(5.51913e-15 0 0)
(5.73962e-19 0 0)
(5.02197e-23 0 0)
(3.80223e-27 0 0)
(2.54266e-31 0 0)
(1.52556e-35 0 0)
(8.3141e-40 0 0)
(4.15696e-44 0 0)
(1.92255e-48 0 0)
(8.28159e-53 0 0)
(3.34215e-57 0 0)
(1.26999e-61 0 0)
(4.56395e-66 0 0)
(1.55708e-70 0 0)
(5.06043e-75 0 0)
(1.57137e-79 0 0)
(4.67487e-84 0 0)
(0.000998991 0 0)
(2.522e-07 0 0)
(4.28698e-11 0 0)
(5.51913e-15 0 0)
(5.73962e-19 0 0)
(5.02197e-23 0 0)
(3.80223e-27 0 0)
(2.54266e-31 0 0)
(1.52556e-35 0 0)
(8.3141e-40 0 0)
(4.15696e-44 0 0)
(1.92255e-48 0 0)
(8.28159e-53 0 0)
(3.34215e-57 0 0)
(1.26999e-61 0 0)
(4.56395e-66 0 0)
(1.55708e-70 0 0)
(5.06043e-75 0 0)
(1.57137e-79 0 0)
(4.67487e-84 0 0)
(0.000998991 0 0)
(2.522e-07 0 0)
(4.28698e-11 0 0)
(5.51913e-15 0 0)
(5.73962e-19 0 0)
(5.02197e-23 0 0)
(3.80223e-27 0 0)
(2.54266e-31 0 0)
(1.52556e-35 0 0)
(8.3141e-40 0 0)
(4.15696e-44 0 0)
(1.92255e-48 0 0)
(8.28159e-53 0 0)
(3.34215e-57 0 0)
(1.26999e-61 0 0)
(4.56395e-66 0 0)
(1.55708e-70 0 0)
(5.06043e-75 0 0)
(1.57137e-79 0 0)
(4.67487e-84 0 0)
(0.000998991 0 0)
(2.522e-07 0 0)
(4.28698e-11 0 0)
(5.51913e-15 0 0)
(5.73962e-19 0 0)
(5.02197e-23 0 0)
(3.80223e-27 0 0)
(2.54266e-31 0 0)
(1.52556e-35 0 0)
(8.3141e-40 0 0)
(4.15696e-44 0 0)
(1.92255e-48 0 0)
(8.28159e-53 0 0)
(3.34215e-57 0 0)
(1.26999e-61 0 0)
(4.56395e-66 0 0)
(1.55708e-70 0 0)
(5.06043e-75 0 0)
(1.57137e-79 0 0)
(4.67487e-84 0 0)
(0.000998991 0 0)
(2.522e-07 0 0)
(4.28698e-11 0 0)
(5.51913e-15 0 0)
(5.73962e-19 0 0)
(5.02197e-23 0 0)
(3.80222e-27 0 0)
(2.54266e-31 0 0)
(1.52556e-35 0 0)
(8.3141e-40 0 0)
(4.15695e-44 0 0)
(1.92255e-48 0 0)
(8.28159e-53 0 0)
(3.34215e-57 0 0)
(1.26999e-61 0 0)
(4.56394e-66 0 0)
(1.55708e-70 0 0)
(5.06043e-75 0 0)
(1.57137e-79 0 0)
(4.67487e-84 0 0)
(0.000998487 0 0)
(2.52028e-07 0 0)
(4.28367e-11 0 0)
(5.51454e-15 0 0)
(5.7346e-19 0 0)
(5.01741e-23 0 0)
(3.79867e-27 0 0)
(2.54023e-31 0 0)
(1.52406e-35 0 0)
(8.30579e-40 0 0)
(4.15273e-44 0 0)
(1.92056e-48 0 0)
(8.27291e-53 0 0)
(3.33859e-57 0 0)
(1.26862e-61 0 0)
(4.55897e-66 0 0)
(1.55536e-70 0 0)
(5.05478e-75 0 0)
(1.56959e-79 0 0)
(4.66954e-84 0 0)
)
;

boundaryField
{
    sourceFaceleft
    {
        type            noSlip;
    }
    destinationFaceleft
    {
        type            noSlip;
    }
    channelWallsleft
    {
        type            noSlip;
    }
    leftRightWallleft
    {
        type            zeroGradient;
    }
    inlet
    {
        type            fixedValue;
        value           uniform (1 0 0);
    }
}


// ************************************************************************* //
