/*--------------------------------*- C++ -*----------------------------------*\
| =========                 |                                                 |
| \\      /  F ield         | OpenFOAM: The Open Source CFD Toolbox           |
|  \\    /   O peration     | Version:  4.1                                   |
|   \\  /    A nd           | Web:      www.OpenFOAM.org                      |
|    \\/     M anipulation  |                                                 |
\*---------------------------------------------------------------------------*/
FoamFile
{
    version     2.0;
    format      ascii;
    class       volVectorField;
    location    "8";
    object      U;
}
// * * * * * * * * * * * * * * * * * * * * * * * * * * * * * * * * * * * * * //

dimensions      [0 1 -1 0 0 0 0];

internalField   nonuniform List<vector> 
1705
(
(-1.12213e-60 -5.59264e-28 -8.34454e-30)
(-9.71183e-60 -2.56837e-28 1.88865e-29)
(4.72723e-60 -5.71062e-28 2.77786e-29)
(3.34625e-57 -8.22216e-28 5.22517e-30)
(1.07876e-54 -5.45755e-28 -1.83152e-29)
(2.26515e-52 -2.72547e-28 6.11132e-29)
(1.07982e-50 -6.23727e-28 1.86964e-29)
(2.66069e-48 -8.44864e-28 -1.25798e-29)
(3.96205e-46 -5.41258e-28 -2.86996e-29)
(1.18068e-43 -3.0385e-28 1.06981e-28)
(3.93427e-46 -6.92284e-28 8.1004e-30)
(2.11139e-48 -5.78502e-28 -1.16917e-29)
(4.3889e-50 -3.52215e-28 1.59894e-28)
(7.48818e-52 -7.64414e-28 3.54736e-29)
(1.5461e-49 -9.45203e-28 -2.06543e-30)
(2.93374e-47 -6.15684e-28 -2.49274e-29)
(1.79212e-46 -4.26503e-28 2.24797e-28)
(1.70741e-43 -8.90226e-28 2.47962e-29)
(1.6187e-45 -6.99637e-28 -5.73227e-30)
(2.83621e-47 -5.21911e-28 3.12196e-28)
(7.84212e-48 -1.02765e-27 6.43065e-29)
(1.92754e-45 -1.15676e-27 1.21444e-29)
(2.6344e-43 -7.92928e-28 -2.33155e-29)
(2.01577e-46 -6.52544e-28 4.19179e-28)
(1.18852e-47 -1.23751e-27 5.32156e-29)
(-4.73423e-45 -1.32278e-27 -1.42603e-29)
(-4.97136e-43 -9.18805e-28 -4.68189e-29)
(2.23775e-44 -8.2003e-28 5.55799e-28)
(-2.60067e-43 -1.50361e-27 3.49763e-29)
(-2.53042e-45 -1.11644e-27 -2.05083e-29)
(-4.74214e-46 -1.02685e-27 7.57913e-28)
(-5.21572e-43 -1.81825e-27 1.0456e-28)
(-8.41345e-45 -1.84496e-27 3.43937e-30)
(-5.48597e-43 -1.34512e-27 -5.34368e-29)
(1.92038e-44 -1.30663e-27 1.00246e-27)
(1.00958e-42 -2.27441e-27 8.46699e-29)
(7.27468e-40 -1.67851e-27 -1.08423e-29)
(3.02412e-37 -1.65528e-27 1.37093e-27)
(1.5703e-35 -2.82744e-27 2.0207e-28)
(8.69979e-33 -2.81918e-27 1.28026e-28)
(8.419e-32 -3.05747e-27 9.279e-27)
(7.70993e-32 -3.94628e-27 9.36821e-27)
(-2.63313e-32 -3.15307e-27 9.37665e-27)
(-8.26729e-30 3.16045e-26 1.2689e-26)
(1.61597e-30 -9.94787e-28 6.61327e-27)
(-8.24609e-30 -3.46782e-26 1.21125e-26)
(-3.67002e-32 -5.83363e-28 9.50564e-27)
(3.96042e-32 2.10039e-28 9.44816e-27)
(-3.84496e-31 -6.58675e-28 9.81651e-27)
(-3.69986e-31 -9.6885e-28 9.82404e-27)
(-3.785e-31 -1.87617e-27 9.7556e-27)
(-6.70834e-31 -1.12607e-27 9.80965e-27)
(-2.31059e-29 3.35229e-26 1.29813e-26)
(4.33867e-30 4.90603e-28 6.88311e-27)
(-2.30095e-29 -3.30558e-26 1.25888e-26)
(-8.24906e-32 1.19051e-27 9.87997e-27)
(8.04809e-31 1.91128e-27 9.91609e-27)
(2.70108e-31 9.71488e-28 9.99813e-27)
(2.63304e-31 6.18304e-28 1.00212e-26)
(2.75127e-31 -3.27585e-28 1e-26)
(1.29532e-30 3.77868e-28 1.00914e-26)
(8.05347e-29 3.45914e-26 1.30784e-26)
(-1.54595e-29 1.49786e-27 6.83795e-27)
(7.95855e-29 -3.15899e-26 1.29064e-26)
(3.75129e-31 2.41315e-27 9.52758e-27)
(2.62e-31 3.01912e-27 9.51634e-27)
(2.68217e-31 2.0047e-27 9.61475e-27)
(2.74669e-31 1.57884e-27 9.66726e-27)
(2.77659e-31 5.75007e-28 9.67663e-27)
(-8.14987e-33 1.16775e-27 9.78162e-27)
(-2.21356e-29 3.36804e-26 1.24501e-26)
(4.62763e-30 6.57206e-27 5.98527e-27)
(-2.545e-29 -2.50789e-26 1.01976e-26)
(-5.53195e-31 2.13532e-27 7.86383e-27)
(-2.37776e-31 2.34046e-27 7.87029e-27)
(-2.37007e-31 1.10592e-27 7.95644e-27)
(-2.39918e-31 3.95265e-28 7.98316e-27)
(-2.44915e-31 -5.83612e-28 7.96481e-27)
(-4.28878e-31 -8.36846e-28 7.95775e-27)
(-1.47221e-29 1.38237e-26 8.95547e-27)
(9.4647e-31 1.19467e-26 7.20016e-28)
(7.05122e-35 -3.99605e-28 -2.07289e-28)
(3.81002e-36 -4.28715e-28 -2.93131e-31)
(9.24285e-40 -3.02576e-28 -1.81894e-28)
(1.83045e-41 -3.35863e-28 -1.53143e-29)
(7.75288e-45 -3.23738e-28 -1.63174e-28)
(1.82697e-47 -2.32448e-28 -1.21265e-28)
(4.00307e-46 -2.29094e-28 -4.90311e-30)
(4.24764e-43 -2.44939e-28 -1.11153e-28)
(-3.99084e-43 -1.68962e-28 -8.47101e-29)
(-4.23757e-46 -1.7945e-28 3.46086e-32)
(-8.62854e-48 -1.31516e-28 -8.04509e-29)
(1.7935e-46 -1.57884e-28 -7.44357e-30)
(2.54862e-43 -1.78267e-28 -7.65965e-29)
(-3.82307e-43 -1.0515e-28 -5.94876e-29)
(-4.13104e-46 -1.28099e-28 -3.71064e-30)
(-7.36185e-47 -9.65807e-29 -5.73803e-29)
(-1.96275e-43 -1.19011e-28 -8.97711e-30)
(3.45937e-43 -1.35958e-28 -5.6064e-29)
(-3.576e-43 -6.37399e-29 -4.40832e-29)
(-3.86941e-46 -9.80208e-29 -5.51489e-30)
(-1.50897e-47 -1.17613e-28 -4.26162e-29)
(-1.43287e-47 -4.97919e-29 -3.47357e-29)
(-3.69471e-46 -8.09707e-29 -2.23632e-30)
(-3.35809e-43 -6.37211e-29 -3.36423e-29)
(-3.69771e-46 -7.83444e-29 -5.47132e-30)
(-1.44115e-47 -8.52974e-29 -3.24357e-29)
(-1.45054e-47 -3.03062e-29 -2.65488e-29)
(-3.74844e-46 -5.43848e-29 -2.50543e-30)
(-3.25798e-43 -4.39988e-29 -2.60797e-29)
(-7.31941e-46 -5.16601e-29 -4.37006e-30)
(-3.18914e-43 -5.30382e-29 -2.53993e-29)
(-1.26551e-46 -1.68273e-29 -2.13644e-29)
(-3.79269e-46 -3.14023e-29 -1.93146e-30)
(-3.29721e-43 -3.44466e-29 -2.10167e-29)
(-1.17701e-46 -1.15801e-29 -1.88953e-29)
(-6.67032e-48 -7.32917e-30 -1.30361e-31)
(-1.34952e-47 -8.6136e-30 -1.92685e-29)
(-3.42006e-46 -3.14763e-30 3.38108e-31)
(-2.99506e-43 1.4365e-30 -1.93419e-29)
(-2.79201e-277 2.9906e-33 -1.4953e-32)
(-6.26518e-271 3.10687e-33 -4.54303e-32)
(-1.377e-264 3.34323e-33 -7.76625e-32)
(-2.96234e-258 3.7086e-33 -1.1291e-31)
(-6.23344e-252 4.21685e-33 -1.52539e-31)
(-1.28201e-245 4.88721e-33 -1.98079e-31)
(-2.57506e-239 5.74498e-33 -2.51281e-31)
(-5.04719e-233 6.82261e-33 -3.14179e-31)
(-9.64486e-227 8.1611e-33 -3.8917e-31)
(-1.79522e-220 9.81176e-33 -4.791e-31)
(-3.25143e-214 1.18385e-32 -5.87382e-31)
(-5.72403e-208 1.43206e-32 -7.18139e-31)
(-9.7836e-202 1.73561e-32 -8.76378e-31)
(-1.62154e-195 2.10654e-32 -1.06821e-30)
(-2.60261e-189 2.55961e-32 -1.3011e-30)
(-4.03942e-183 3.11269e-32 -1.58421e-30)
(-6.05315e-177 3.78733e-32 -1.92871e-30)
(-8.74303e-171 4.60932e-32 -2.34824e-30)
(-1.21496e-164 5.60932e-32 -2.85931e-30)
(-1.62108e-158 6.82372e-32 -3.48183e-30)
(-2.0722e-152 8.29568e-32 -4.23964e-30)
(-2.53153e-146 1.00766e-31 -5.16116e-30)
(-2.94772e-140 1.22279e-31 -6.28013e-30)
(-3.26162e-134 1.48237e-31 -7.63661e-30)
(-3.41793e-128 1.79529e-31 -9.2782e-30)
(-3.37925e-122 2.17206e-31 -1.12616e-29)
(-3.13856e-116 2.62457e-31 -1.36545e-29)
(-2.72484e-110 3.16508e-31 -1.65364e-29)
(-2.19868e-104 3.80358e-31 -1.99994e-29)
(-1.63789e-98 4.5422e-31 -2.41434e-29)
(-1.11752e-92 5.36376e-31 -2.90641e-29)
(-6.91705e-87 6.21e-31 -3.48229e-29)
(-3.83883e-81 6.94198e-31 -4.13867e-29)
(-1.88245e-75 7.27417e-31 -4.85114e-29)
(-8.0043e-70 6.68021e-31 -5.55461e-29)
(-2.87835e-64 4.30728e-31 -6.11442e-29)
(-8.45584e-59 -9.33457e-32 -6.29807e-29)
(-1.92914e-53 -9.73593e-31 -5.78302e-29)
(-3.15396e-48 -2.1378e-30 -4.36055e-29)
(-1.13106e-280 8.97031e-33 -1.49369e-32)
(-2.52487e-274 9.3179e-33 -4.53822e-32)
(-5.52016e-268 1.0025e-32 -7.7581e-32)
(-1.18123e-261 1.11186e-32 -1.12791e-31)
(-2.47219e-255 1.26407e-32 -1.52378e-31)
(-5.05674e-249 1.46495e-32 -1.97869e-31)
(-1.01009e-242 1.72217e-32 -2.51014e-31)
(-1.9687e-236 2.04555e-32 -3.13846e-31)
(-3.74068e-230 2.44746e-32 -3.88758e-31)
(-6.9224e-224 2.94334e-32 -4.78593e-31)
(-1.24641e-217 3.55234e-32 -5.86761e-31)
(-2.18117e-211 4.29807e-32 -7.17379e-31)
(-3.70545e-205 5.20957e-32 -8.75447e-31)
(-6.10343e-199 6.32247e-32 -1.06707e-30)
(-9.7343e-193 7.68023e-32 -1.29971e-30)
(-1.50108e-186 9.33579e-32 -1.5825e-30)
(-2.23454e-180 1.13532e-31 -1.92663e-30)
(-3.20566e-174 1.38099e-31 -2.34571e-30)
(-4.42367e-168 1.67986e-31 -2.85624e-30)
(-5.86001e-162 2.04308e-31 -3.4781e-30)
(-7.43521e-156 2.48398e-31 -4.23514e-30)
(-9.01347e-150 3.01849e-31 -5.15573e-30)
(-1.04113e-143 3.66566e-31 -6.2736e-30)
(-1.14234e-137 4.44822e-31 -7.62876e-30)
(-1.18653e-131 5.39299e-31 -9.2688e-30)
(-1.16214e-125 6.53098e-31 -1.12504e-29)
(-1.06859e-119 7.89644e-31 -1.36411e-29)
(-9.17741e-114 9.52365e-31 -1.65207e-29)
(-7.31825e-108 1.14394e-30 -1.99813e-29)
(-5.38067e-102 1.36466e-30 -2.41236e-29)
(-3.61726e-96 1.60918e-30 -2.90444e-29)
(-2.20103e-90 1.86014e-30 -3.48077e-29)
(-1.19696e-84 2.07649e-30 -4.13847e-29)
(-5.7243e-79 2.17367e-30 -4.85393e-29)
(-2.35625e-73 1.99493e-30 -5.56312e-29)
(-8.10091e-68 1.28488e-30 -6.13248e-29)
(-2.22299e-62 -2.85565e-31 -6.32906e-29)
(-4.50242e-57 -2.92998e-30 -5.82657e-29)
(-5.64421e-52 -6.25293e-30 -4.37167e-29)
(1.49993e-278 1.49391e-32 -1.48907e-32)
(3.34432e-272 1.55166e-32 -4.52418e-32)
(7.3028e-266 1.66919e-32 -7.73412e-32)
(1.56074e-259 1.85104e-32 -1.12443e-31)
(3.2623e-253 2.10424e-32 -1.51907e-31)
(6.66422e-247 2.43854e-32 -1.97258e-31)
(1.32943e-240 2.86682e-32 -2.5024e-31)
(2.58769e-234 3.40555e-32 -3.12879e-31)
(4.91023e-228 4.07545e-32 -3.8756e-31)
(9.0746e-222 4.90228e-32 -4.77119e-31)
(1.63174e-215 5.91787e-32 -5.84953e-31)
(2.85172e-209 7.16132e-32 -7.15168e-31)
(4.83832e-203 8.68057e-32 -8.72747e-31)
(7.95933e-197 1.05342e-31 -1.06377e-30)
(1.26788e-190 1.27939e-31 -1.29569e-30)
(1.95286e-184 1.55467e-31 -1.57761e-30)
(2.90392e-178 1.88988e-31 -1.92068e-30)
(4.16184e-172 2.29789e-31 -2.33846e-30)
(5.7382e-166 2.7943e-31 -2.84743e-30)
(7.59599e-160 3.39794e-31 -3.4674e-30)
(9.63283e-154 4.13148e-31 -4.22214e-30)
(1.16743e-147 5.02216e-31 -5.13996e-30)
(1.34848e-141 6.10245e-31 -6.2545e-30)
(1.48011e-135 7.41082e-31 -7.60567e-30)
(1.5386e-129 8.99215e-31 -9.24093e-30)
(1.50902e-123 1.08975e-30 -1.12169e-29)
(1.39039e-117 1.31821e-30 -1.36011e-29)
(1.19759e-111 1.59003e-30 -1.64734e-29)
(9.58834e-106 1.90929e-30 -1.99264e-29)
(7.0884e-100 2.27618e-30 -2.40618e-29)
(4.80065e-94 2.6817e-30 -2.89787e-29)
(2.9504e-88 3.09742e-30 -3.47458e-29)
(1.62651e-82 3.45628e-30 -4.13433e-29)
(7.92722e-77 3.61955e-30 -4.85504e-29)
(3.35263e-71 3.32823e-30 -5.57496e-29)
(1.20033e-65 2.15652e-30 -6.16286e-29)
(3.51512e-60 -4.52305e-31 -6.38527e-29)
(8.00556e-55 -4.87741e-30 -5.90503e-29)
(1.30962e-49 -1.03656e-29 -4.39962e-29)
(-2.72562e-277 2.08847e-32 -1.48215e-32)
(-6.11828e-271 2.16912e-32 -4.50317e-32)
(-1.34518e-264 2.3333e-32 -7.69822e-32)
(-2.89492e-258 2.58739e-32 -1.11921e-31)
(-6.0938e-252 2.94122e-32 -1.51203e-31)
(-1.25377e-245 3.40847e-32 -1.96344e-31)
(-2.5193e-239 4.00718e-32 -2.4908e-31)
(-4.9399e-233 4.76042e-32 -3.11429e-31)
(-9.44381e-227 5.69723e-32 -3.85764e-31)
(-1.75856e-220 6.85362e-32 -4.74908e-31)
(-3.18649e-214 8.27406e-32 -5.82243e-31)
(-5.61238e-208 1.00131e-31 -7.11854e-31)
(-9.59756e-202 1.21375e-31 -8.68701e-31)
(-1.59154e-195 1.4729e-31 -1.05884e-30)
(-2.55589e-189 1.7887e-31 -1.28968e-30)
(-3.96927e-183 2.17332e-31 -1.5703e-30)
(-5.95179e-177 2.64155e-31 -1.91177e-30)
(-8.60247e-171 3.2114e-31 -2.32762e-30)
(-1.1963e-164 3.90474e-31 -2.83424e-30)
(-1.59744e-158 4.74805e-31 -3.45136e-30)
(-2.04373e-152 5.7733e-31 -4.20265e-30)
(-2.49908e-146 7.01887e-31 -5.11631e-30)
(-2.91292e-140 8.53057e-31 -6.22582e-30)
(-3.22676e-134 1.03625e-30 -7.57097e-30)
(-3.38562e-128 1.25775e-30 -9.19906e-30)
(-3.35196e-122 1.52468e-30 -1.11666e-29)
(-3.11806e-116 1.8447e-30 -1.3541e-29)
(-2.71177e-110 2.22532e-30 -1.64024e-29)
(-2.19247e-104 2.67218e-30 -1.98441e-29)
(-1.63694e-98 3.18562e-30 -2.39692e-29)
(-1.11975e-92 3.75347e-30 -2.88802e-29)
(-6.9515e-87 4.33704e-30 -3.46528e-29)
(-3.87131e-81 4.84457e-30 -4.12803e-29)
(-1.90609e-75 5.08511e-30 -4.85649e-29)
(-8.14375e-70 4.69913e-30 -5.59238e-29)
(-2.94515e-64 3.08897e-30 -6.20809e-29)
(-8.70964e-59 -5.42186e-31 -6.46974e-29)
(-2.00191e-53 -6.77794e-30 -6.02484e-29)
(-3.30081e-48 -1.48471e-29 -4.51683e-29)
(6.05809e-279 2.67981e-32 -1.47295e-32)
(1.35e-272 2.78323e-32 -4.47523e-32)
(2.94629e-266 2.99382e-32 -7.65047e-32)
(6.29313e-260 3.31977e-32 -1.11227e-31)
(1.31464e-253 3.77371e-32 -1.50265e-31)
(2.68393e-247 4.37321e-32 -1.95126e-31)
(5.3508e-241 5.14143e-32 -2.47536e-31)
(1.04085e-234 6.10803e-32 -3.09499e-31)
(1.97377e-228 7.31026e-32 -3.83374e-31)
(3.64528e-222 8.79437e-32 -4.71965e-31)
(6.55021e-216 1.06174e-31 -5.78634e-31)
(1.14394e-209 1.28492e-31 -7.07441e-31)
(1.93942e-203 1.55753e-31 -8.63316e-31)
(3.18807e-197 1.89004e-31 -1.05228e-30)
(5.07446e-191 2.2952e-31 -1.28168e-30)
(7.8097e-185 2.78858e-31 -1.56056e-30)
(1.16035e-178 3.38916e-31 -1.89992e-30)
(1.66156e-172 4.12007e-31 -2.3132e-30)
(2.28886e-166 5.00939e-31 -2.81669e-30)
(3.0271e-160 6.09123e-31 -3.43002e-30)
(3.83514e-154 7.40674e-31 -4.17672e-30)
(4.64329e-148 9.00541e-31 -5.08481e-30)
(5.35786e-142 1.09462e-30 -6.18762e-30)
(5.87459e-136 1.32988e-30 -7.52473e-30)
(6.09996e-130 1.61441e-30 -9.14325e-30)
(5.97579e-124 1.95734e-30 -1.10995e-29)
(5.49945e-118 2.36851e-30 -1.34609e-29)
(4.73108e-112 2.85759e-30 -1.63079e-29)
(3.78314e-106 3.43197e-30 -1.97344e-29)
(2.79324e-100 4.09245e-30 -2.38455e-29)
(1.88936e-94 4.8243e-30 -2.87484e-29)
(1.15975e-88 5.57964e-30 -3.45276e-29)
(6.38622e-83 6.24393e-30 -4.11937e-29)
(3.10938e-77 6.57673e-30 -4.85794e-29)
(1.314e-71 6.12077e-30 -5.61488e-29)
(4.70233e-66 4.10485e-30 -6.26769e-29)
(1.37721e-60 -5.24401e-31 -6.58261e-29)
(3.14004e-55 -8.60148e-30 -6.19112e-29)
(5.15e-50 -1.93031e-29 -4.7353e-29)
(-1.91892e-277 3.26699e-32 -1.46147e-32)
(-4.35146e-271 3.39303e-32 -4.44038e-32)
(-9.66379e-265 3.64972e-32 -7.59092e-32)
(-2.10043e-258 4.04704e-32 -1.10361e-31)
(-4.46494e-252 4.60041e-32 -1.49096e-31)
(-9.27566e-246 5.33124e-32 -1.93608e-31)
(-1.88173e-239 6.26781e-32 -2.4561e-31)
(-3.7247e-233 7.44627e-32 -3.07091e-31)
(-7.18727e-227 8.91205e-32 -3.80392e-31)
(-1.35072e-220 1.07215e-31 -4.68294e-31)
(-2.46978e-214 1.29442e-31 -5.74133e-31)
(-4.38914e-208 1.56652e-31 -7.01938e-31)
(-7.57229e-202 1.89889e-31 -8.56599e-31)
(-1.26668e-195 2.30424e-31 -1.04409e-30)
(-2.05172e-189 2.79814e-31 -1.27171e-30)
(-3.21336e-183 3.39953e-31 -1.54842e-30)
(-4.85867e-177 4.13157e-31 -1.88514e-30)
(-7.08042e-171 5.02246e-31 -2.29522e-30)
(-9.92629e-165 6.10649e-31 -2.79481e-30)
(-1.33607e-158 7.42529e-31 -3.40341e-30)
(-1.72277e-152 9.02917e-31 -4.14437e-30)
(-2.1229e-146 1.09786e-30 -5.04552e-30)
(-2.49324e-140 1.33457e-30 -6.13996e-30)
(-2.78246e-134 1.62155e-30 -7.46701e-30)
(-2.94083e-128 1.96869e-30 -9.07357e-30)
(-2.93251e-122 2.38716e-30 -1.10158e-29)
(-2.74709e-116 2.88902e-30 -1.33609e-29)
(-2.40564e-110 3.48618e-30 -1.61898e-29)
(-1.95813e-104 4.18797e-30 -1.95971e-29)
(-1.47168e-98 4.99605e-30 -2.36907e-29)
(-1.01326e-92 5.89386e-30 -2.85827e-29)
(-6.33059e-87 6.82572e-30 -3.43689e-29)
(-3.54768e-81 7.65668e-30 -4.10809e-29)
(-1.75755e-75 8.10052e-30 -4.85895e-29)
(-7.55471e-70 7.60608e-30 -5.64182e-29)
(-2.74836e-64 5.22735e-30 -6.34099e-29)
(-8.17466e-59 -3.65702e-31 -6.72387e-29)
(-1.88944e-53 -1.03169e-29 -6.40041e-29)
(-3.1298e-48 -2.40367e-29 -4.90871e-29)
(-2.04454e-277 3.84914e-32 -1.44775e-32)
(-4.63497e-271 3.9976e-32 -4.39869e-32)
(-1.02906e-264 4.29999e-32 -7.51966e-32)
(-2.23607e-258 4.76809e-32 -1.09326e-31)
(-4.75205e-252 5.42003e-32 -1.47697e-31)
(-9.86969e-246 6.28108e-32 -1.91792e-31)
(-2.00177e-239 7.38455e-32 -2.43306e-31)
(-3.96141e-233 8.77305e-32 -3.0421e-31)
(-7.64235e-227 1.05001e-31 -3.76823e-31)
(-1.43594e-220 1.26322e-31 -4.63901e-31)
(-2.62509e-214 1.5251e-31 -5.68747e-31)
(-4.66422e-208 1.8457e-31 -6.95352e-31)
(-8.04536e-202 2.2373e-31 -8.48561e-31)
(-1.34557e-195 2.71487e-31 -1.03429e-30)
(-2.17911e-189 3.29674e-31 -1.25978e-30)
(-3.4123e-183 4.00524e-31 -1.53389e-30)
(-5.15861e-177 4.86764e-31 -1.86746e-30)
(-7.51627e-171 5.91717e-31 -2.2737e-30)
(-1.05356e-164 7.1943e-31 -2.76864e-30)
(-1.41785e-158 8.74813e-31 -3.37157e-30)
(-1.82793e-152 1.0638e-30 -4.10565e-30)
(-2.25212e-146 1.29353e-30 -4.99848e-30)
(-2.64456e-140 1.57252e-30 -6.08289e-30)
(-2.95085e-134 1.91081e-30 -7.3979e-30)
(-3.11826e-128 2.32009e-30 -8.99013e-30)
(-3.1089e-122 2.81356e-30 -1.09154e-29)
(-2.9118e-116 3.40557e-30 -1.32411e-29)
(-2.54941e-110 4.11036e-30 -1.60481e-29)
(-2.07478e-104 4.93943e-30 -1.94324e-29)
(-1.55909e-98 5.89572e-30 -2.35044e-29)
(-1.07329e-92 6.96172e-30 -2.83824e-29)
(-6.70516e-87 8.07558e-30 -3.4175e-29)
(-3.75779e-81 9.08488e-30 -4.09387e-29)
(-1.86219e-75 9.6622e-30 -4.85896e-29)
(-8.01035e-70 9.16773e-30 -5.67235e-29)
(-2.9185e-64 6.48021e-30 -6.42712e-29)
(-8.70492e-59 -2.98819e-32 -6.8935e-29)
(-2.02126e-53 -1.18786e-29 -6.66454e-29)
(-3.36518e-48 -2.87561e-29 -5.2841e-29)
(-8.69047e-281 4.42534e-32 -1.43179e-32)
(-1.95955e-274 4.596e-32 -4.35022e-32)
(-4.32699e-268 4.94363e-32 -7.43682e-32)
(-9.35062e-262 5.48178e-32 -1.08121e-31)
(-1.97613e-255 6.23131e-32 -1.4607e-31)
(-4.08123e-249 7.22125e-32 -1.89679e-31)
(-8.23042e-243 8.48992e-32 -2.40626e-31)
(-1.61937e-236 1.00863e-31 -3.0086e-31)
(-3.10584e-230 1.2072e-31 -3.72674e-31)
(-5.80107e-224 1.45233e-31 -4.58792e-31)
(-1.05413e-217 1.75343e-31 -5.62484e-31)
(-1.86154e-211 2.12203e-31 -6.87694e-31)
(-3.19106e-205 2.57225e-31 -8.39215e-31)
(-5.30328e-199 3.12131e-31 -1.0229e-30)
(-8.53333e-193 3.79025e-31 -1.2459e-30)
(-1.32749e-186 4.60477e-31 -1.517e-30)
(-1.99342e-180 5.59621e-31 -1.8469e-30)
(-2.88459e-174 6.80282e-31 -2.24869e-30)
(-4.01497e-168 8.27113e-31 -2.73819e-30)
(-5.36428e-162 1.00577e-30 -3.33454e-30)
(-6.86441e-156 1.22307e-30 -4.06063e-30)
(-8.39244e-150 1.48725e-30 -4.94378e-30)
(-9.77643e-144 1.80812e-30 -6.0165e-30)
(-1.08183e-137 2.19724e-30 -7.3175e-30)
(-1.13327e-131 2.6681e-30 -8.89302e-30)
(-1.11952e-125 3.23596e-30 -1.07987e-29)
(-1.03835e-119 3.91748e-30 -1.31016e-29)
(-8.99638e-114 4.72938e-30 -1.5883e-29)
(-7.23861e-108 5.68553e-30 -1.92401e-29)
(-5.37162e-102 6.79067e-30 -2.32862e-29)
(-3.64621e-96 8.02731e-30 -2.81467e-29)
(-2.24141e-90 9.3293e-30 -3.39443e-29)
(-1.23243e-84 1.05302e-29 -4.07636e-29)
(-5.96627e-79 1.1267e-29 -4.85729e-29)
(-2.49046e-73 1.08179e-29 -5.70546e-29)
(-8.70781e-68 7.88767e-30 -6.52494e-29)
(-2.44211e-62 5.22292e-31 -7.09104e-29)
(-5.10539e-57 -1.32364e-29 -6.97494e-29)
(-6.7969e-52 -3.30443e-29 -5.66971e-29)
(-2.23907e-281 4.99471e-32 -1.41363e-32)
(-5.57892e-275 5.18731e-32 -4.29505e-32)
(-1.34654e-268 5.57965e-32 -7.34251e-32)
(-3.15243e-262 6.18702e-32 -1.0675e-31)
(-7.16424e-256 7.03298e-32 -1.44218e-31)
(-1.58113e-249 8.1503e-32 -1.87274e-31)
(-3.38915e-243 9.58222e-32 -2.37576e-31)
(-7.05482e-237 1.13841e-31 -2.97046e-31)
(-1.42569e-230 1.36253e-31 -3.67949e-31)
(-2.79578e-224 1.63921e-31 -4.52976e-31)
(-5.31693e-218 1.97906e-31 -5.55353e-31)
(-9.79886e-212 2.39509e-31 -6.78975e-31)
(-1.74852e-205 2.90323e-31 -8.28576e-31)
(-3.01796e-199 3.52293e-31 -1.00993e-30)
(-5.03287e-193 4.27792e-31 -1.23011e-30)
(-8.099e-187 5.19721e-31 -1.49777e-30)
(-1.25589e-180 6.31619e-31 -1.8235e-30)
(-1.87371e-174 7.67803e-31 -2.2202e-30)
(-2.68491e-168 9.3353e-31 -2.70354e-30)
(-3.68812e-162 1.13518e-30 -3.29238e-30)
(-4.84624e-156 1.38049e-30 -4.00936e-30)
(-6.07716e-150 1.67873e-30 -4.88147e-30)
(-7.25341e-144 2.041e-30 -5.94089e-30)
(-8.21563e-138 2.4804e-30 -7.22591e-30)
(-8.80122e-132 3.0122e-30 -8.78238e-30)
(-8.88381e-126 3.65376e-30 -1.06656e-29)
(-8.41249e-120 4.42407e-30 -1.29424e-29)
(-7.43611e-114 5.34244e-30 -1.56945e-29)
(-6.10006e-108 6.42541e-30 -1.90201e-29)
(-4.61221e-102 7.68002e-30 -2.3036e-29)
(-3.18793e-96 9.08988e-30 -2.78747e-29)
(-1.99437e-90 1.05867e-29 -3.36745e-29)
(-1.11536e-84 1.19938e-29 -4.05512e-29)
(-5.4888e-79 1.29193e-29 -4.8532e-29)
(-2.32756e-73 1.25682e-29 -5.73993e-29)
(-8.26138e-68 9.47427e-30 -6.63303e-29)
(-2.3498e-62 1.33317e-30 -7.31598e-29)
(-4.97668e-57 -1.43493e-29 -7.33588e-29)
(-6.70876e-52 -3.75447e-29 -6.01561e-29)
(-5.73488e-278 5.55637e-32 -1.39329e-32)
(-1.42316e-271 5.77062e-32 -4.23325e-32)
(-3.42728e-265 6.20706e-32 -7.23688e-32)
(-8.01669e-259 6.88273e-32 -1.05215e-31)
(-1.82223e-252 7.82381e-32 -1.42143e-31)
(-4.02581e-246 9.06678e-32 -1.84581e-31)
(-8.64431e-240 1.06597e-31 -2.34159e-31)
(-1.80357e-233 1.26643e-31 -2.92774e-31)
(-3.65505e-227 1.51576e-31 -3.62658e-31)
(-7.19089e-221 1.82355e-31 -4.46462e-31)
(-1.37251e-214 2.20163e-31 -5.47366e-31)
(-2.53952e-208 2.66445e-31 -6.6921e-31)
(-4.55096e-202 3.22974e-31 -8.16659e-31)
(-7.89095e-196 3.91911e-31 -9.95405e-31)
(-1.32232e-189 4.759e-31 -1.21242e-30)
(-2.1388e-183 5.78165e-31 -1.47623e-30)
(-3.33443e-177 7.02645e-31 -1.79729e-30)
(-5.00284e-171 8.54145e-31 -2.1883e-30)
(-7.21118e-165 1.03852e-30 -2.66472e-30)
(-9.96701e-159 1.26287e-30 -3.24515e-30)
(-1.31818e-152 1.5358e-30 -3.95192e-30)
(-1.66425e-146 1.86766e-30 -4.81167e-30)
(-2.0006e-140 2.27081e-30 -5.85616e-30)
(-2.28313e-134 2.75988e-30 -7.12326e-30)
(-2.46546e-128 3.35191e-30 -8.65835e-30)
(-2.50984e-122 4.06635e-30 -1.05163e-29)
(-2.39845e-116 4.92462e-30 -1.27639e-29)
(-2.14109e-110 5.94874e-30 -1.54827e-29)
(-1.77545e-104 7.15815e-30 -1.87725e-29)
(-1.35856e-98 8.56281e-30 -2.27533e-29)
(-9.51781e-93 1.01486e-29 -2.75654e-29)
(-6.04759e-87 1.18472e-29 -3.33635e-29)
(-3.44498e-81 1.34764e-29 -4.02971e-29)
(-1.73402e-75 1.46227e-29 -4.84581e-29)
(-7.56972e-70 1.4429e-29 -5.77436e-29)
(-2.79567e-64 1.12646e-29 -6.74964e-29)
(-8.43888e-59 2.44892e-30 -7.56752e-29)
(-1.97867e-53 -1.51587e-29 -7.75249e-29)
(-3.32295e-48 -4.18951e-29 -6.60576e-29)
(-2.22838e-281 6.10947e-32 -1.3708e-32)
(-5.5563e-275 6.34503e-32 -4.16493e-32)
(-1.34189e-268 6.8249e-32 -7.12009e-32)
(-3.14318e-262 7.56782e-32 -1.03517e-31)
(-7.14647e-256 8.60258e-32 -1.3985e-31)
(-1.57785e-249 9.96928e-32 -1.81602e-31)
(-3.38332e-243 1.17208e-31 -2.30381e-31)
(-7.045e-237 1.39249e-31 -2.88051e-31)
(-1.42413e-230 1.66665e-31 -3.56807e-31)
(-2.7935e-224 2.00509e-31 -4.39259e-31)
(-5.31397e-218 2.42081e-31 -5.38535e-31)
(-9.79579e-212 2.92971e-31 -6.58413e-31)
(-1.74837e-205 3.55127e-31 -8.03483e-31)
(-3.01838e-199 4.30926e-31 -9.79346e-31)
(-5.03464e-193 5.23274e-31 -1.19286e-30)
(-8.10355e-187 6.35718e-31 -1.45242e-30)
(-1.25685e-180 7.7259e-31 -1.7683e-30)
(-1.87552e-174 9.39174e-31 -2.15303e-30)
(-2.68807e-168 1.14191e-30 -2.62179e-30)
(-3.69323e-162 1.38862e-30 -3.19292e-30)
(-4.854e-156 1.68877e-30 -3.8884e-30)
(-6.08824e-150 2.05376e-30 -4.73447e-30)
(-7.26835e-144 2.4972e-30 -5.76245e-30)
(-8.23462e-138 3.03524e-30 -7.00969e-30)
(-8.82398e-132 3.68669e-30 -8.52109e-30)
(-8.90944e-126 4.47313e-30 -1.0351e-29)
(-8.43957e-120 5.41842e-30 -1.2566e-29)
(-7.46287e-114 6.54742e-30 -1.52478e-29)
(-6.12466e-108 7.8828e-30 -1.84973e-29)
(-4.63316e-102 9.43797e-30 -2.24379e-29)
(-3.20436e-96 1.12023e-29 -2.72178e-29)
(-2.00613e-90 1.311e-29 -3.30089e-29)
(-1.12299e-84 1.4978e-29 -3.99961e-29)
(-5.53308e-79 1.63799e-29 -4.83415e-29)
(-2.35023e-73 1.64095e-29 -5.80709e-29)
(-8.36191e-68 1.3283e-29 -6.87264e-29)
(-2.38746e-62 3.91987e-30 -7.84444e-29)
(-5.09181e-57 -1.56e-29 -8.22276e-29)
(-6.98166e-52 -4.6533e-29 -7.21367e-29)
(-1.48643e-280 6.65314e-32 -1.3462e-32)
(-3.29776e-274 6.90965e-32 -4.09019e-32)
(-7.16549e-268 7.43222e-32 -6.99232e-32)
(-1.52384e-261 8.24124e-32 -1.01659e-31)
(-3.16951e-255 9.36808e-32 -1.3734e-31)
(-6.44293e-249 1.08564e-31 -1.78344e-31)
(-1.279e-242 1.27639e-31 -2.26248e-31)
(-2.47738e-236 1.51641e-31 -2.82883e-31)
(-4.67804e-230 1.81497e-31 -3.50406e-31)
(-8.60345e-224 2.18354e-31 -4.31378e-31)
(-1.53951e-217 2.63625e-31 -5.28874e-31)
(-2.67745e-211 3.19045e-31 -6.46601e-31)
(-4.52055e-205 3.86732e-31 -7.89068e-31)
(-7.40033e-199 4.69277e-31 -9.61776e-31)
(-1.17306e-192 5.69843e-31 -1.17146e-30)
(-1.79793e-186 6.92293e-31 -1.42637e-30)
(-2.66028e-180 8.41347e-31 -1.73659e-30)
(-3.79358e-174 1.02276e-30 -2.11444e-30)
(-5.20393e-168 1.24355e-30 -2.57483e-30)
(-6.85324e-162 1.51225e-30 -3.13578e-30)
(-8.64519e-156 1.83916e-30 -3.81889e-30)
(-1.04208e-149 2.23674e-30 -4.64999e-30)
(-1.19699e-143 2.71983e-30 -5.65987e-30)
(-1.30625e-137 3.30607e-30 -6.88536e-30)
(-1.34965e-131 4.01606e-30 -8.37077e-30)
(-1.31525e-125 4.8735e-30 -1.01699e-29)
(-1.20358e-119 5.90475e-30 -1.2349e-29)
(-1.02905e-113 7.13765e-30 -1.49898e-29)
(-8.17233e-108 8.59835e-30 -1.81944e-29)
(-5.98708e-102 1.03044e-29 -2.20894e-29)
(-4.01309e-96 1.22497e-29 -2.6831e-29)
(-2.43676e-90 1.4374e-29 -3.26083e-29)
(-1.32387e-84 1.64979e-29 -3.96431e-29)
(-6.33487e-79 1.81922e-29 -4.81718e-29)
(-2.61473e-73 1.85172e-29 -5.83629e-29)
(-9.04258e-68 1.55531e-29 -6.99944e-29)
(-2.50821e-62 5.80091e-30 -8.14518e-29)
(-5.17913e-57 -1.55818e-29 -8.76155e-29)
(-6.75677e-52 -5.09472e-29 -7.82958e-29)
(-3.4472e-277 7.18655e-32 -1.31952e-32)
(-7.69097e-271 7.46362e-32 -4.00914e-32)
(-1.68063e-264 8.02808e-32 -6.85377e-32)
(-3.59464e-258 8.90195e-32 -9.96451e-32)
(-7.52012e-252 1.01191e-31 -1.34619e-31)
(-1.53766e-245 1.17268e-31 -1.74811e-31)
(-3.0706e-239 1.37872e-31 -2.21766e-31)
(-5.98343e-233 1.63799e-31 -2.77279e-31)
(-1.13674e-226 1.96049e-31 -3.43464e-31)
(-2.1035e-220 2.35862e-31 -4.22833e-31)
(-3.7876e-214 2.84764e-31 -5.18397e-31)
(-6.62916e-208 3.44627e-31 -6.33792e-31)
(-1.12649e-201 4.17742e-31 -7.73436e-31)
(-1.85624e-195 5.06905e-31 -9.42723e-31)
(-2.96213e-189 6.15534e-31 -1.14826e-30)
(-4.57103e-183 7.47802e-31 -1.39812e-30)
(-6.8107e-177 9.08809e-31 -1.70221e-30)
(-9.78152e-171 1.10478e-30 -2.07259e-30)
(-1.35165e-164 1.34329e-30 -2.5239e-30)
(-1.79346e-158 1.63356e-30 -3.0738e-30)
(-2.28e-152 1.98675e-30 -3.7435e-30)
(-2.77042e-146 2.41632e-30 -4.55834e-30)
(-3.20891e-140 2.93835e-30 -5.54858e-30)
(-3.53242e-134 3.57195e-30 -6.75044e-30)
(-3.68332e-128 4.33951e-30 -8.2076e-30)
(-3.6243e-122 5.26684e-30 -9.97328e-30)
(-3.35097e-116 6.38288e-30 -1.21131e-29)
(-2.89704e-110 7.71855e-30 -1.47091e-29)
(-2.32876e-104 9.30376e-30 -1.7864e-29)
(-1.72908e-98 1.11608e-29 -2.17076e-29)
(-1.17665e-92 1.32896e-29 -2.64039e-29)
(-7.27041e-87 1.56374e-29 -3.21593e-29)
(-4.03269e-81 1.80346e-29 -3.92325e-29)
(-1.97959e-75 2.00593e-29 -4.79376e-29)
(-8.44467e-70 2.07577e-29 -5.85988e-29)
(-3.05594e-64 1.80971e-29 -7.12696e-29)
(-9.07443e-59 8.15133e-30 -8.46714e-29)
(-2.10658e-53 -1.50014e-29 -9.35771e-29)
(-3.54118e-48 -5.52197e-29 -8.59807e-29)
(-2.2178e-277 7.70888e-32 -1.29081e-32)
(-4.66506e-271 8.00608e-32 -3.92191e-32)
(-9.56918e-265 8.61156e-32 -6.70465e-32)
(-1.91167e-258 9.54894e-32 -9.74772e-32)
(-3.7139e-252 1.08546e-31 -1.31691e-31)
(-7.00452e-246 1.25791e-31 -1.71008e-31)
(-1.27989e-239 1.47893e-31 -2.16941e-31)
(-2.26019e-233 1.75705e-31 -2.71247e-31)
(-3.84544e-227 2.10299e-31 -3.35993e-31)
(-6.2783e-221 2.53006e-31 -4.13636e-31)
(-9.78293e-215 3.05463e-31 -5.07121e-31)
(-1.44351e-208 3.69678e-31 -6.20005e-31)
(-1.99234e-202 4.48107e-31 -7.56612e-31)
(-2.51762e-196 5.43751e-31 -9.22218e-31)
(-2.78617e-190 6.60276e-31 -1.12328e-30)
(-2.38426e-184 8.0216e-31 -1.36771e-30)
(-6.76985e-179 9.74873e-31 -1.6652e-30)
(3.18796e-172 1.18509e-30 -2.02754e-30)
(1.01947e-165 1.44096e-30 -2.46907e-30)
(2.12607e-159 1.75236e-30 -3.00708e-30)
(3.69234e-153 2.1313e-30 -3.66234e-30)
(5.69615e-147 2.59222e-30 -4.45967e-30)
(8.00668e-141 3.15243e-30 -5.42874e-30)
(1.0373e-134 3.83248e-30 -6.60513e-30)
(1.24497e-128 4.65655e-30 -8.03179e-30)
(1.38643e-122 5.65257e-30 -9.76127e-30)
(1.43165e-116 6.85209e-30 -1.18587e-29)
(1.36759e-110 8.28923e-30 -1.44057e-29)
(1.20392e-104 9.99798e-30 -1.7506e-29)
(9.71642e-99 1.20058e-29 -2.12923e-29)
(7.1408e-93 1.43201e-29 -2.59357e-29)
(4.73815e-87 1.68984e-29 -3.16593e-29)
(2.80801e-81 1.95859e-29 -3.87587e-29)
(1.466e-75 2.19798e-29 -4.76271e-29)
(6.62293e-70 2.31338e-29 -5.87554e-29)
(2.52811e-64 2.09351e-29 -7.25156e-29)
(7.88909e-59 1.10344e-29 -8.80715e-29)
(1.91714e-53 -1.37357e-29 -1.0029e-28)
(3.35189e-48 -5.85718e-29 -9.4239e-29)
(-1.52988e-280 8.21932e-32 -1.26011e-32)
(-3.22321e-274 8.53619e-32 -3.82863e-32)
(-6.62449e-268 9.18176e-32 -6.54519e-32)
(-1.32648e-261 1.01812e-31 -9.5159e-32)
(-2.58406e-255 1.15733e-31 -1.28559e-31)
(-4.88907e-249 1.3412e-31 -1.66941e-31)
(-8.96613e-243 1.57686e-31 -2.11783e-31)
(-1.58994e-236 1.8734e-31 -2.64798e-31)
(-2.71789e-230 2.24225e-31 -3.28004e-31)
(-4.46105e-224 2.69761e-31 -4.038e-31)
(-6.99286e-218 3.25692e-31 -4.95062e-31)
(-1.03871e-211 3.94159e-31 -6.05263e-31)
(-1.44424e-205 4.77782e-31 -7.38622e-31)
(-1.83978e-199 5.7976e-31 -9.0029e-31)
(-2.0535e-193 7.04002e-31 -1.09657e-30)
(-1.77118e-187 8.55283e-31 -1.3352e-30)
(-4.95007e-182 1.03944e-30 -1.62562e-30)
(2.46973e-175 1.26359e-30 -1.97937e-30)
(7.96985e-169 1.53642e-30 -2.41044e-30)
(1.68713e-162 1.86849e-30 -2.93573e-30)
(2.98237e-156 2.27259e-30 -3.57553e-30)
(4.69457e-150 2.76417e-30 -4.35411e-30)
(6.75046e-144 3.36173e-30 -5.30053e-30)
(8.97166e-138 4.08726e-30 -6.44962e-30)
(1.10809e-131 4.96669e-30 -7.84358e-30)
(1.27442e-125 6.03009e-30 -9.53417e-30)
(1.36459e-119 7.31164e-30 -1.15858e-29)
(1.35796e-113 8.84881e-30 -1.40799e-29)
(1.25204e-107 1.06799e-29 -1.71206e-29)
(1.06489e-101 1.28382e-29 -2.08432e-29)
(8.30735e-96 1.53396e-29 -2.54254e-29)
(5.90132e-90 1.81544e-29 -3.11061e-29)
(3.78273e-84 2.11486e-29 -3.82162e-29)
(2.16292e-78 2.39502e-29 -4.7228e-29)
(1.08722e-72 2.56455e-29 -5.88077e-29)
(4.71483e-67 2.40839e-29 -7.36895e-29)
(1.72063e-61 1.4517e-29 -9.16056e-29)
(5.10448e-56 -1.1665e-29 -1.07498e-28)
(1.16514e-50 -6.11136e-29 -1.04171e-28)
(-3.3758e-277 8.71709e-32 -1.22747e-32)
(-7.53229e-271 9.05314e-32 -3.72945e-32)
(-1.64611e-264 9.7378e-32 -6.37565e-32)
(-3.52118e-258 1.07978e-31 -9.26941e-32)
(-7.36732e-252 1.22742e-31 -1.25229e-31)
(-1.50662e-245 1.42243e-31 -1.62618e-31)
(-3.00907e-239 1.67235e-31 -2.06298e-31)
(-5.86454e-233 1.98686e-31 -2.57939e-31)
(-1.11436e-226 2.37806e-31 -3.19509e-31)
(-2.06255e-220 2.86099e-31 -3.93342e-31)
(-3.71477e-214 3.45418e-31 -4.82241e-31)
(-6.50347e-208 4.18033e-31 -5.89587e-31)
(-1.10547e-201 5.06721e-31 -7.19492e-31)
(-1.82224e-195 6.14876e-31 -8.76974e-31)
(-2.90901e-189 7.46643e-31 -1.06818e-30)
(-4.49104e-183 9.07088e-31 -1.30063e-30)
(-6.69486e-177 1.1024e-30 -1.58354e-30)
(-9.62059e-171 1.34014e-30 -1.92815e-30)
(-1.33026e-164 1.62951e-30 -2.34809e-30)
(-1.76636e-158 1.98174e-30 -2.85985e-30)
(-2.24742e-152 2.41041e-30 -3.4832e-30)
(-2.73341e-146 2.93192e-30 -4.24184e-30)
(-3.16945e-140 3.56594e-30 -5.16412e-30)
(-3.4933e-134 4.3359e-30 -6.28413e-30)
(-3.64769e-128 5.26944e-30 -7.64323e-30)
(-3.59508e-122 6.3988e-30 -9.29228e-30)
(-3.33015e-116 7.76082e-30 -1.12949e-29)
(-2.88521e-110 9.39637e-30 -1.3732e-29)
(-2.32494e-104 1.13483e-29 -1.67081e-29)
(-1.73111e-98 1.36564e-29 -2.03604e-29)
(-1.1818e-92 1.63459e-29 -2.48724e-29)
(-7.32863e-87 1.94028e-29 -3.04975e-29)
(-4.08146e-81 2.27187e-29 -3.75995e-29)
(-2.01249e-75 2.59653e-29 -4.67278e-29)
(-8.62654e-70 2.8289e-29 -5.87287e-29)
(-3.13754e-64 2.75558e-29 -7.47413e-29)
(-9.3631e-59 1.86691e-29 -9.52212e-29)
(-2.18331e-53 -8.66195e-30 -1.15416e-28)
(-3.69031e-48 -6.60107e-29 -1.1522e-28)
(-1.1508e-276 9.20141e-32 -1.19293e-32)
(-2.50756e-270 9.55613e-32 -3.62452e-32)
(-5.34698e-264 1.02788e-31 -6.19627e-32)
(-1.11496e-257 1.13977e-31 -9.00863e-32)
(-2.27186e-251 1.29561e-31 -1.21706e-31)
(-4.51983e-245 1.50146e-31 -1.58043e-31)
(-8.77232e-239 1.76527e-31 -2.00494e-31)
(-1.65945e-232 2.09725e-31 -2.50684e-31)
(-3.05669e-226 2.51019e-31 -3.10521e-31)
(-5.47681e-220 3.01996e-31 -3.82278e-31)
(-9.53484e-214 3.64612e-31 -4.68676e-31)
(-1.61099e-207 4.41263e-31 -5.73002e-31)
(-2.63821e-201 5.34879e-31 -6.99253e-31)
(-4.18181e-195 6.49044e-31 -8.52305e-31)
(-6.4063e-189 7.88134e-31 -1.03813e-30)
(-9.46959e-183 9.57497e-31 -1.26405e-30)
(-1.34824e-176 1.16367e-30 -1.53901e-30)
(-1.84531e-170 1.41463e-30 -1.87395e-30)
(-2.42274e-164 1.72011e-30 -2.28212e-30)
(-3.04408e-158 2.09196e-30 -2.77955e-30)
(-3.65062e-152 2.54454e-30 -3.38549e-30)
(-4.16639e-146 3.09519e-30 -4.12301e-30)
(-4.51009e-140 3.76473e-30 -5.01973e-30)
(-4.61308e-134 4.57799e-30 -6.10892e-30)
(-4.43888e-128 5.56434e-30 -7.431e-30)
(-3.9977e-122 6.75812e-30 -9.0359e-30)
(-3.34936e-116 8.19889e-30 -1.09863e-29)
(-2.59136e-110 9.93102e-30 -1.33624e-29)
(-1.83453e-104 1.20021e-29 -1.62686e-29)
(-1.17433e-98 1.44589e-29 -1.98437e-29)
(-6.68808e-93 1.73371e-29 -2.42761e-29)
(-3.30889e-87 2.06403e-29 -2.98316e-29)
(-1.36643e-81 2.42914e-29 -3.69037e-29)
(-4.3333e-76 2.80177e-29 -4.6114e-29)
(-7.96759e-71 3.10565e-29 -5.84896e-29)
(1.10769e-65 3.1357e-29 -7.56135e-29)
(1.59039e-59 2.3564e-29 -9.88491e-29)
(6.88802e-54 -4.45724e-30 -1.24434e-28)
(1.77194e-48 -6.89888e-29 -1.29282e-28)
(-6.59176e-280 9.67154e-32 -1.15655e-32)
(-1.43711e-273 1.00444e-31 -3.514e-32)
(-3.06689e-267 1.0804e-31 -6.00734e-32)
(-6.40225e-261 1.198e-31 -8.73395e-32)
(-1.3064e-254 1.36181e-31 -1.17995e-31)
(-2.6037e-248 1.57817e-31 -1.53224e-31)
(-5.06437e-242 1.85547e-31 -1.94382e-31)
(-9.60511e-236 2.20441e-31 -2.43041e-31)
(-1.77468e-229 2.63846e-31 -3.01055e-31)
(-3.1912e-223 3.17428e-31 -3.70624e-31)
(-5.57887e-217 3.83244e-31 -4.54388e-31)
(-9.47128e-211 4.63812e-31 -5.55534e-31)
(-1.55962e-204 5.62213e-31 -6.77936e-31)
(-2.48778e-198 6.82212e-31 -8.26323e-31)
(-3.83869e-192 8.28411e-31 -1.00649e-30)
(-5.72107e-186 1.00643e-30 -1.22552e-30)
(-8.22209e-180 1.22314e-30 -1.49211e-30)
(-1.13743e-173 1.48694e-30 -1.81686e-30)
(-1.51169e-167 1.80806e-30 -2.21263e-30)
(-1.92607e-161 2.19896e-30 -2.69496e-30)
(-2.34712e-155 2.67477e-30 -3.28255e-30)
(-2.72851e-149 3.25373e-30 -3.9978e-30)
(-3.01716e-143 3.9578e-30 -4.86756e-30)
(-3.1634e-137 4.81317e-30 -5.92421e-30)
(-3.13349e-131 5.85091e-30 -7.2072e-30)
(-2.9204e-125 7.10748e-30 -8.76537e-30)
(-2.549e-119 8.62514e-30 -1.06603e-29)
(-2.07239e-113 1.04518e-29 -1.29714e-29)
(-1.55966e-107 1.26402e-29 -1.58025e-29)
(-1.07853e-101 1.5244e-29 -1.92934e-29)
(-6.79267e-96 1.83107e-29 -2.36361e-29)
(-3.85447e-90 2.18635e-29 -2.91067e-29)
(-1.94429e-84 2.58609e-29 -3.61241e-29)
(-8.56884e-79 3.00982e-29 -4.53747e-29)
(-3.22425e-73 3.39354e-29 -5.80608e-29)
(-1.00268e-67 3.5485e-29 -7.62398e-29)
(-2.45203e-62 2.92732e-29 -1.02384e-28)
(-4.32058e-57 1.2078e-30 -1.33926e-28)
(-4.4644e-52 -7.01589e-29 -1.44015e-28)
(-3.61246e-277 1.01268e-31 -1.1184e-32)
(-8.06014e-271 1.05172e-31 -3.39806e-32)
(-1.7614e-264 1.13125e-31 -5.80914e-32)
(-3.76757e-258 1.25439e-31 -8.44581e-32)
(-7.88226e-252 1.4259e-31 -1.14102e-31)
(-1.61177e-245 1.65245e-31 -1.4817e-31)
(-3.21869e-239 1.9428e-31 -1.87969e-31)
(-6.27218e-233 2.30817e-31 -2.35024e-31)
(-1.19161e-226 2.76265e-31 -2.91124e-31)
(-2.20508e-220 3.32371e-31 -3.58398e-31)
(-3.97051e-214 4.01285e-31 -4.39399e-31)
(-6.94923e-208 4.85646e-31 -5.37209e-31)
(-1.18086e-201 5.8868e-31 -6.55573e-31)
(-1.94577e-195 7.14329e-31 -7.99066e-31)
(-3.10488e-189 8.67411e-31 -9.73288e-31)
(-4.79108e-183 1.05381e-30 -1.1851e-30)
(-7.13816e-177 1.28073e-30 -1.44291e-30)
(-1.02511e-170 1.55696e-30 -1.75697e-30)
(-1.41643e-164 1.89323e-30 -2.13972e-30)
(-1.87927e-158 2.30259e-30 -2.60621e-30)
(-2.38892e-152 2.8009e-30 -3.17454e-30)
(-2.90257e-146 3.4073e-30 -3.8664e-30)
(-3.36179e-140 4.14484e-30 -4.70784e-30)
(-3.70064e-134 5.04106e-30 -5.73029e-30)
(-3.85884e-128 6.1287e-30 -6.97214e-30)
(-3.79738e-122 7.44631e-30 -8.48105e-30)
(-3.51171e-116 9.03885e-30 -1.03174e-29)
(-3.03707e-110 1.09579e-29 -1.25594e-29)
(-2.44266e-104 1.32612e-29 -1.53102e-29)
(-1.81515e-98 1.60102e-29 -1.87096e-29)
(-1.23668e-92 1.92644e-29 -2.29522e-29)
(-7.65416e-87 2.30684e-29 -2.83215e-29)
(-4.25543e-81 2.74207e-29 -3.52567e-29)
(-2.09562e-75 3.21954e-29 -4.44991e-29)
(-8.97891e-70 3.69079e-29 -5.74122e-29)
(-3.26895e-64 3.99268e-29 -7.65459e-29)
(-9.78921e-59 3.58617e-29 -1.05705e-28)
(-2.2999e-53 8.6035e-30 -1.44321e-28)
(-3.93297e-48 -7.52914e-29 -1.6146e-28)
(-1.86288e-276 1.05664e-31 -1.07851e-32)
(-4.04434e-270 1.09737e-31 -3.27688e-32)
(-8.59062e-264 1.18036e-31 -5.60199e-32)
(-1.78401e-257 1.30884e-31 -8.14464e-32)
(-3.61936e-251 1.4878e-31 -1.10034e-31)
(-7.16747e-245 1.72419e-31 -1.42886e-31)
(-1.38427e-238 2.02714e-31 -1.81267e-31)
(-2.60489e-232 2.40838e-31 -2.26644e-31)
(-4.77128e-226 2.88259e-31 -2.80744e-31)
(-8.49751e-220 3.46801e-31 -3.4562e-31)
(-1.4698e-213 4.18708e-31 -4.23733e-31)
(-2.46602e-207 5.06732e-31 -5.18055e-31)
(-4.00793e-201 6.14239e-31 -6.32199e-31)
(-6.3008e-195 7.45344e-31 -7.70576e-31)
(-9.56605e-189 9.05074e-31 -9.38589e-31)
(-1.40016e-182 1.09957e-30 -1.14286e-30)
(-1.97196e-176 1.33635e-30 -1.39148e-30)
(-2.66673e-170 1.62459e-30 -1.69436e-30)
(-3.45461e-164 1.97549e-30 -2.0635e-30)
(-4.27578e-158 2.40268e-30 -2.51343e-30)
(-5.04123e-152 2.92273e-30 -3.06161e-30)
(-5.6427e-146 3.55566e-30 -3.72901e-30)
(-5.97253e-140 4.32556e-30 -4.54081e-30)
(-5.95038e-134 5.26131e-30 -5.52744e-30)
(-5.54935e-128 6.39726e-30 -6.72615e-30)
(-4.81161e-122 7.77404e-30 -8.18334e-30)
(-3.84518e-116 9.43933e-30 -9.95801e-30)
(-2.79946e-110 1.14484e-29 -1.21269e-29)
(-1.82606e-104 1.3864e-29 -1.47921e-29)
(-1.03917e-98 1.67556e-29 -1.80927e-29)
(-4.90606e-93 2.01956e-29 -2.22245e-29)
(-1.68737e-87 2.4251e-29 -2.74754e-29)
(-1.87586e-82 2.89635e-29 -3.42987e-29)
(2.76334e-76 3.42958e-29 -4.34773e-29)
(2.75275e-70 3.99502e-29 -5.65145e-29)
(1.56523e-64 4.46552e-29 -7.64491e-29)
(6.32824e-59 4.3383e-29 -1.08649e-28)
(1.85224e-53 1.82616e-29 -1.56157e-28)
(3.72259e-48 -7.71458e-29 -1.84483e-28)
(-8.20237e-280 1.09897e-31 -1.03697e-32)
(-1.77243e-273 1.14133e-31 -3.15066e-32)
(-3.74722e-267 1.22764e-31 -5.3862e-32)
(-7.74544e-261 1.36127e-31 -7.83092e-32)
(-1.56402e-254 1.54741e-31 -1.05796e-31)
(-3.08279e-248 1.79326e-31 -1.37383e-31)
(-5.92611e-242 2.10835e-31 -1.74285e-31)
(-1.10999e-235 2.50487e-31 -2.17915e-31)
(-2.02374e-229 2.99808e-31 -2.69931e-31)
(-3.58771e-223 3.60696e-31 -3.32308e-31)
(-6.17749e-217 4.35485e-31 -4.07413e-31)
(-1.03182e-210 5.27036e-31 -4.98102e-31)
(-1.66962e-204 6.38852e-31 -6.0785e-31)
(-2.61354e-198 7.75211e-31 -7.40899e-31)
(-3.9515e-192 9.41343e-31 -9.02442e-31)
(-5.76074e-186 1.14364e-30 -1.09885e-30)
(-8.08296e-180 1.38992e-30 -1.33791e-30)
(-1.08931e-173 1.68972e-30 -1.62914e-30)
(-1.40684e-167 2.05471e-30 -1.9841e-30)
(-1.73684e-161 2.49908e-30 -2.41676e-30)
(-2.04405e-155 3.04008e-30 -2.94394e-30)
(-2.28601e-149 3.69857e-30 -3.58584e-30)
(-2.42098e-143 4.49968e-30 -4.36671e-30)
(-2.41818e-137 5.47355e-30 -5.31595e-30)
(-2.26771e-131 6.65615e-30 -6.46959e-30)
(-1.98618e-125 8.09014e-30 -7.87264e-30)
(-1.61506e-119 9.82587e-30 -9.58256e-30)
(-1.21106e-113 1.19222e-29 -1.16744e-29)
(-8.31292e-108 1.44474e-29 -1.42487e-29)
(-5.1856e-102 1.74787e-29 -1.74433e-29)
(-2.92495e-96 2.11018e-29 -2.14532e-29)
(-1.49573e-90 2.5407e-29 -2.6568e-29)
(-7.08417e-85 3.04815e-29 -3.32478e-29)
(-3.27294e-79 3.63841e-29 -4.23017e-29)
(-1.56823e-73 4.30328e-29 -5.53403e-29)
(-7.73786e-68 4.96259e-29 -7.58594e-29)
(-3.51578e-62 5.18635e-29 -1.10983e-28)
(-1.23789e-56 3.07261e-29 -1.68426e-28)
(-2.5391e-51 -7.5517e-29 -2.08624e-28)
(-2.12537e-279 1.1396e-31 -9.93821e-33)
(-4.73626e-273 1.18354e-31 -3.01957e-32)
(-1.03827e-266 1.27304e-31 -5.16211e-32)
(-2.23945e-260 1.41161e-31 -7.50512e-32)
(-4.75375e-254 1.60462e-31 -1.01394e-31)
(-9.93401e-248 1.85957e-31 -1.31667e-31)
(-2.04432e-241 2.18632e-31 -1.67035e-31)
(-4.14427e-235 2.5975e-31 -2.08849e-31)
(-8.27819e-229 3.10895e-31 -2.58702e-31)
(-1.62959e-222 3.74035e-31 -3.18485e-31)
(-3.1613e-216 4.5159e-31 -3.90465e-31)
(-6.04211e-210 5.46528e-31 -4.77381e-31)
(-1.13713e-203 6.6248e-31 -5.82564e-31)
(-2.10553e-197 8.03883e-31 -7.10078e-31)
(-3.83115e-191 9.76161e-31 -8.64903e-31)
(-6.8401e-185 1.18594e-30 -1.05314e-30)
(-1.19617e-178 1.44134e-30 -1.28227e-30)
(-2.04477e-172 1.75224e-30 -1.5614e-30)
(-3.40926e-166 2.13077e-30 -1.90163e-30)
(-5.53118e-160 2.59163e-30 -2.31636e-30)
(-8.7105e-154 3.15276e-30 -2.82171e-30)
(-1.32805e-147 3.83581e-30 -3.43709e-30)
(-1.9551e-141 4.66691e-30 -4.18581e-30)
(-2.77127e-135 5.67746e-30 -5.09615e-30)
(-3.77102e-129 6.90495e-30 -6.20284e-30)
(-4.91049e-123 8.39407e-30 -7.54939e-30)
(-6.09775e-117 1.01978e-29 -9.19158e-30)
(-7.19322e-111 1.23787e-29 -1.12026e-29)
(-8.02586e-105 1.50102e-29 -1.36808e-29)
(-8.42714e-99 1.81777e-29 -1.67618e-29)
(-8.2772e-93 2.19803e-29 -2.06388e-29)
(-7.54947e-87 2.65319e-29 -2.55995e-29)
(-6.33508e-81 3.19664e-29 -3.21032e-29)
(-4.83143e-75 3.84436e-29 -4.0967e-29)
(-3.29215e-69 4.61199e-29 -5.38662e-29)
(-1.95351e-63 5.47741e-29 -7.46829e-29)
(-9.66889e-58 6.12838e-29 -1.12429e-28)
(-3.66209e-52 4.65874e-29 -1.81633e-28)
(-8.33214e-47 -6.88779e-29 -2.40836e-28)
(-5.74322e-276 1.17848e-31 -9.49144e-33)
(-1.32439e-269 1.22391e-31 -2.88383e-32)
(-3.0153e-263 1.31647e-31 -4.93006e-32)
(-6.77954e-257 1.45977e-31 -7.16775e-32)
(-1.50557e-250 1.65937e-31 -9.68363e-32)
(-3.30257e-244 1.92301e-31 -1.25749e-31)
(-7.15504e-238 2.26091e-31 -1.59527e-31)
(-1.53057e-231 2.68612e-31 -1.99462e-31)
(-3.23115e-225 3.21503e-31 -2.47074e-31)
(-6.7267e-219 3.86798e-31 -3.04169e-31)
(-1.37966e-212 4.67e-31 -3.72914e-31)
(-2.78455e-206 5.65178e-31 -4.55924e-31)
(-5.52284e-200 6.85087e-31 -5.56379e-31)
(-1.07482e-193 8.31316e-31 -6.78163e-31)
(-2.04914e-187 1.00947e-30 -8.2603e-31)
(-3.8205e-181 1.22642e-30 -1.00581e-30)
(-6.95355e-175 1.49053e-30 -1.22465e-30)
(-1.23321e-168 1.81207e-30 -1.49125e-30)
(-2.12715e-162 2.20354e-30 -1.81622e-30)
(-3.56171e-156 2.6802e-30 -2.21236e-30)
(-5.77786e-150 3.26059e-30 -2.69511e-30)
(-9.06233e-144 3.96716e-30 -3.283e-30)
(-1.37138e-137 4.827e-30 -3.99838e-30)
(-1.99776e-131 5.8727e-30 -4.86835e-30)
(-2.79487e-125 7.14326e-30 -5.92627e-30)
(-3.74525e-119 8.68532e-30 -7.21407e-30)
(-4.79361e-113 1.05545e-29 -8.78563e-30)
(-5.84152e-107 1.28169e-29 -1.0712e-29)
(-6.75315e-101 1.55511e-29 -1.30889e-29)
(-7.3757e-95 1.88509e-29 -1.60492e-29)
(-7.57356e-89 2.28284e-29 -1.97823e-29)
(-7.26863e-83 2.76213e-29 -2.45707e-29)
(-6.473e-77 3.34098e-29 -3.08655e-29)
(-5.29898e-71 4.0456e-29 -3.9471e-29)
(-3.93708e-65 4.91704e-29 -5.20742e-29)
(-2.60552e-59 6.00111e-29 -7.28266e-29)
(-1.48869e-53 7.15571e-29 -1.12621e-28)
(-6.89424e-48 6.64689e-29 -1.94459e-28)
(-2.14389e-42 -5.55484e-29 -2.78509e-28)
(-4.39485e-273 1.21555e-31 -9.03004e-33)
(-1.17144e-266 1.2624e-31 -2.74364e-32)
(-3.06215e-260 1.35787e-31 -4.6904e-32)
(-7.84737e-254 1.50567e-31 -6.81933e-32)
(-1.97087e-247 1.71155e-31 -9.21292e-32)
(-4.84902e-241 1.98349e-31 -1.19637e-31)
(-1.1682e-234 2.33201e-31 -1.51773e-31)
(-2.75446e-228 2.7706e-31 -1.89767e-31)
(-6.35298e-222 3.31615e-31 -2.35065e-31)
(-1.43249e-215 3.98964e-31 -2.89385e-31)
(-3.15577e-209 4.81689e-31 -3.54789e-31)
(-6.78778e-203 5.82956e-31 -4.33764e-31)
(-1.42444e-196 7.06637e-31 -5.29336e-31)
(-2.91419e-190 8.57467e-31 -6.45201e-31)
(-5.80743e-184 1.04123e-30 -7.85882e-31)
(-1.1263e-177 1.265e-30 -9.5693e-31)
(-2.12375e-171 1.53744e-30 -1.16514e-30)
(-3.88943e-165 1.8691e-30 -1.4188e-30)
(-6.91053e-159 2.27292e-30 -1.728e-30)
(-1.18975e-152 2.76464e-30 -2.10495e-30)
(-1.9822e-146 3.36341e-30 -2.56432e-30)
(-3.19134e-140 4.09242e-30 -3.12381e-30)
(-4.95749e-134 4.97969e-30 -3.8047e-30)
(-7.41795e-128 6.05895e-30 -4.6329e-30)
(-1.06719e-121 7.37067e-30 -5.64031e-30)
(-1.4732e-115 8.96339e-30 -6.86715e-30)
(-1.94707e-109 1.08952e-29 -8.36528e-30)
(-2.45774e-103 1.32358e-29 -1.02033e-29)
(-2.95489e-97 1.60691e-29 -1.2474e-29)
(-3.37349e-91 1.94966e-29 -1.53064e-29)
(-3.64474e-85 2.36435e-29 -1.88848e-29)
(-3.71213e-79 2.86706e-29 -2.34832e-29)
(-3.54842e-73 3.4803e-29 -2.95363e-29)
(-3.16739e-67 4.24028e-29 -3.78149e-29)
(-2.6246e-61 5.21383e-29 -4.99551e-29)
(-2.00501e-55 6.52229e-29 -7.02056e-29)
(-1.40046e-49 8.25004e-29 -1.11137e-28)
(-8.85481e-44 9.10134e-29 -2.07054e-28)
(-5.00566e-38 -4.04773e-29 -3.2741e-28)
(6.32467e-272 1.25073e-31 -8.55471e-33)
(1.65583e-265 1.29895e-31 -2.59922e-32)
(4.25036e-259 1.39718e-31 -4.44352e-32)
(1.06935e-252 1.54926e-31 -6.46039e-32)
(2.63596e-246 1.7611e-31 -8.72801e-32)
(6.36351e-240 2.0409e-31 -1.1334e-31)
(1.50382e-233 2.39952e-31 -1.43785e-31)
(3.47705e-227 2.85081e-31 -1.79779e-31)
(7.86156e-221 3.41216e-31 -2.22693e-31)
(1.73711e-214 4.10515e-31 -2.74155e-31)
(3.74879e-208 4.95636e-31 -3.36116e-31)
(7.89584e-202 5.99835e-31 -4.10935e-31)
(1.62191e-195 7.27099e-31 -5.01477e-31)
(3.24661e-189 8.82297e-31 -6.11244e-31)
(6.32757e-183 1.07138e-30 -7.44522e-31)
(1.19963e-176 1.30164e-30 -9.06571e-31)
(2.21022e-170 1.58197e-30 -1.10383e-30)
(3.95309e-164 1.92326e-30 -1.34416e-30)
(6.85573e-158 2.33881e-30 -1.63711e-30)
(1.15147e-151 2.84483e-30 -1.99427e-30)
(1.87046e-145 3.46105e-30 -2.42956e-30)
(2.9344e-139 4.21138e-30 -2.95975e-30)
(4.43894e-133 5.12472e-30 -3.60508e-30)
(6.4638e-127 6.23591e-30 -4.39015e-30)
(9.04343e-121 7.58681e-30 -5.34538e-30)
(1.21319e-114 9.22779e-30 -6.50916e-30)
(1.55702e-108 1.12194e-29 -7.93114e-30)
(1.907e-102 1.36349e-29 -9.67719e-30)
(2.22283e-96 1.6563e-29 -1.18368e-29)
(2.45823e-90 2.01132e-29 -1.45344e-29)
(2.5704e-84 2.44232e-29 -1.79475e-29)
(2.53135e-78 2.96757e-29 -2.23388e-29)
(2.33751e-72 3.61379e-29 -2.8119e-29)
(2.01373e-66 4.42652e-29 -3.6004e-29)
(1.60894e-60 5.49746e-29 -4.75102e-29)
(1.18407e-54 7.02697e-29 -6.67542e-29)
(7.96109e-49 9.37988e-29 -1.07463e-28)
(4.84227e-43 1.21146e-28 -2.19054e-28)
(2.63246e-37 -2.6403e-29 -3.84013e-28)
(3.79421e-270 1.28399e-31 -8.06619e-33)
(9.58407e-264 1.33349e-31 -2.4508e-32)
(2.37891e-257 1.43433e-31 -4.18978e-32)
(5.79952e-251 1.59046e-31 -6.09149e-32)
(1.38793e-244 1.80793e-31 -8.22963e-32)
(3.25887e-238 2.09518e-31 -1.06868e-31)
(7.50321e-232 2.46333e-31 -1.35575e-31)
(1.69295e-225 2.92662e-31 -1.69514e-31)
(3.74099e-219 3.5029e-31 -2.09978e-31)
(8.09062e-213 4.21433e-31 -2.58501e-31)
(1.7113e-206 5.08818e-31 -3.16925e-31)
(3.53748e-200 6.1579e-31 -3.87471e-31)
(7.14076e-194 7.46439e-31 -4.72844e-31)
(1.40641e-187 9.05766e-31 -5.76344e-31)
(2.70029e-181 1.09988e-30 -7.02014e-31)
(5.04925e-175 1.33627e-30 -8.54813e-31)
(9.1859e-169 1.62406e-30 -1.04081e-30)
(1.62414e-162 1.97445e-30 -1.26743e-30)
(2.78759e-156 2.40108e-30 -1.54369e-30)
(4.6387e-150 2.92063e-30 -1.8805e-30)
(7.4738e-144 3.55336e-30 -2.29101e-30)
(1.16422e-137 4.32386e-30 -2.79107e-30)
(1.75062e-131 5.26188e-30 -3.3998e-30)
(2.53672e-125 6.40329e-30 -4.14048e-30)
(3.53565e-119 7.79131e-30 -5.04193e-30)
(4.73038e-113 9.47806e-30 -6.14063e-30)
(6.0615e-107 1.15265e-29 -7.48386e-30)
(7.42074e-101 1.40131e-29 -9.13454e-30)
(8.65581e-95 1.70317e-29 -1.11783e-29)
(9.5903e-89 2.06991e-29 -1.37343e-29)
(1.00584e-82 2.5165e-29 -1.69723e-29)
(9.94748e-77 3.06324e-29 -2.11403e-29)
(9.23555e-71 3.74065e-29 -2.66184e-29)
(8.00887e-65 4.60255e-29 -3.40476e-29)
(6.44875e-59 5.763e-29 -4.47542e-29)
(4.78809e-53 7.49897e-29 -6.24408e-29)
(3.25119e-47 1.04949e-28 -1.00962e-28)
(1.99877e-41 1.58261e-28 -2.31128e-28)
(1.09886e-35 1.20713e-28 -1.05148e-27)
(-1.06224e-269 1.31527e-31 -7.56524e-33)
(-2.69232e-263 1.36597e-31 -2.29859e-32)
(-6.70588e-257 1.46927e-31 -3.92958e-32)
(-1.64057e-250 1.6292e-31 -5.7132e-32)
(-3.94019e-244 1.85197e-31 -7.71857e-32)
(-9.28521e-238 2.14622e-31 -1.00232e-31)
(-2.1457e-231 2.52334e-31 -1.27156e-31)
(-4.8595e-225 2.99792e-31 -1.58988e-31)
(-1.07791e-218 3.58825e-31 -1.96939e-31)
(-2.34021e-212 4.31701e-31 -2.42449e-31)
(-4.96936e-206 5.21216e-31 -2.97245e-31)
(-1.03133e-199 6.30795e-31 -3.63411e-31)
(-2.09028e-193 7.64628e-31 -4.43482e-31)
(-4.13388e-187 9.27839e-31 -5.40555e-31)
(-7.97018e-181 1.12669e-30 -6.58422e-31)
(-1.49667e-174 1.36884e-30 -8.01735e-31)
(-2.73458e-168 1.66365e-30 -9.76192e-31)
(-4.85617e-162 2.02259e-30 -1.18875e-30)
(-8.372e-156 2.45966e-30 -1.44788e-30)
(-1.39945e-149 2.99193e-30 -1.76381e-30)
(-2.26513e-143 3.6402e-30 -2.14891e-30)
(-3.54494e-137 4.42969e-30 -2.61805e-30)
(-5.35578e-131 5.39093e-30 -3.18919e-30)
(-7.79816e-125 6.56081e-30 -3.88426e-30)
(-1.09222e-118 7.98383e-30 -4.73043e-30)
(-1.46856e-112 9.71376e-30 -5.76212e-30)
(-1.89132e-106 1.18158e-29 -7.02413e-30)
(-2.32732e-100 1.43698e-29 -8.57615e-30)
(-2.72882e-94 1.74741e-29 -1.04996e-29)
(-3.03945e-88 2.12527e-29 -1.29077e-29)
(-3.20497e-82 2.58665e-29 -1.59609e-29)
(-3.18695e-76 3.15369e-29 -1.98905e-29)
(-2.97529e-70 3.86019e-29 -2.50404e-29)
(-2.59466e-64 4.76676e-29 -3.19593e-29)
(-2.10119e-58 6.00575e-29 -4.17174e-29)
(-1.56917e-52 7.9208e-29 -5.72903e-29)
(-1.07177e-46 1.1517e-28 -9.08082e-29)
(-6.62848e-41 1.98989e-28 -2.15917e-28)
(-3.66622e-35 3.94062e-28 -9.81154e-28)
(2.32673e-270 1.34452e-31 -7.05263e-33)
(5.92737e-264 1.39635e-31 -2.14284e-32)
(1.484e-257 1.50195e-31 -3.66333e-32)
(3.6496e-251 1.66543e-31 -5.3261e-32)
(8.81198e-245 1.89315e-31 -7.1956e-32)
(2.08778e-238 2.19395e-31 -9.34406e-32)
(4.85097e-232 2.57946e-31 -1.18541e-31)
(1.10471e-225 3.0646e-31 -1.48216e-31)
(2.46415e-219 3.66806e-31 -1.83596e-31)
(5.38018e-213 4.41304e-31 -2.26023e-31)
(1.14903e-206 5.32811e-31 -2.77106e-31)
(2.39854e-200 6.44827e-31 -3.38789e-31)
(4.88992e-194 7.81638e-31 -4.13435e-31)
(9.72816e-188 9.48481e-31 -5.03931e-31)
(1.8869e-181 1.15176e-30 -6.13814e-31)
(3.56484e-175 1.3993e-30 -7.4742e-31)
(6.55343e-169 1.70068e-30 -9.10063e-31)
(1.17102e-162 2.06762e-30 -1.10823e-30)
(2.0315e-156 2.51444e-30 -1.34982e-30)
(3.41738e-150 3.05862e-30 -1.64439e-30)
(5.56679e-144 3.72142e-30 -2.00346e-30)
(8.76846e-138 4.52868e-30 -2.44093e-30)
(1.33342e-131 5.51167e-30 -2.97357e-30)
(1.9543e-125 6.70822e-30 -3.6219e-30)
(2.75545e-119 8.16403e-30 -4.41134e-30)
(3.72978e-113 9.93447e-30 -5.37423e-30)
(4.83606e-107 1.20869e-29 -6.55266e-30)
(5.99162e-101 1.47042e-29 -8.00289e-30)
(7.07376e-95 1.78892e-29 -9.80173e-30)
(7.93381e-89 2.17726e-29 -1.20559e-29)
(8.42455e-83 2.65256e-29 -1.49154e-29)
(8.43644e-77 3.23858e-29 -1.85932e-29)
(7.93231e-71 3.97177e-29 -2.33923e-29)
(6.96723e-65 4.91779e-29 -2.97564e-29)
(5.68299e-59 6.22169e-29 -3.84462e-29)
(4.275e-53 8.27556e-29 -5.14183e-29)
(2.94136e-47 1.2348e-28 -7.70057e-29)
(1.83256e-41 2.35252e-28 -1.75351e-28)
(1.02113e-35 6.58111e-28 -9.22587e-28)
(6.44272e-271 1.3717e-31 -6.52914e-33)
(1.66576e-264 1.42458e-31 -1.98379e-32)
(4.23043e-258 1.53231e-31 -3.39143e-32)
(1.05481e-251 1.69909e-31 -4.93079e-32)
(2.5809e-245 1.93142e-31 -6.66154e-32)
(6.19359e-239 2.23829e-31 -8.65054e-32)
(1.45697e-232 2.6316e-31 -1.09743e-31)
(3.35766e-226 3.12655e-31 -1.37216e-31)
(7.57594e-220 3.74221e-31 -1.6997e-31)
(1.67249e-213 4.50226e-31 -2.09248e-31)
(3.61012e-207 5.43583e-31 -2.5654e-31)
(7.61355e-201 6.57866e-31 -3.13645e-31)
(1.56756e-194 7.97444e-31 -3.82751e-31)
(3.14828e-188 9.6766e-31 -4.66531e-31)
(6.16244e-182 1.17505e-30 -5.68259e-31)
(1.1745e-175 1.4276e-30 -6.91951e-31)
(2.1774e-169 1.73508e-30 -8.42527e-31)
(3.92232e-163 2.10946e-30 -1.026e-30)
(6.85749e-157 2.56534e-30 -1.24968e-30)
(1.16217e-150 3.12058e-30 -1.52242e-30)
(1.90665e-144 3.7969e-30 -1.8549e-30)
(3.02376e-138 4.62068e-30 -2.25999e-30)
(4.62825e-132 5.62391e-30 -2.75328e-30)
(6.82562e-126 6.84527e-30 -3.35379e-30)
(9.68095e-120 8.33161e-30 -4.08518e-30)
(1.31784e-113 1.01398e-29 -4.97754e-30)
(1.71792e-107 1.23393e-29 -6.07018e-30)
(2.1393e-101 1.50157e-29 -7.41569e-30)
(2.53793e-95 1.82761e-29 -9.08591e-30)
(2.85956e-89 2.22576e-29 -1.11804e-29)
(3.04961e-83 2.71404e-29 -1.38382e-29)
(3.0664e-77 3.3176e-29 -1.72521e-29)
(2.89425e-71 4.07491e-29 -2.1682e-29)
(2.55129e-65 5.05462e-29 -2.74594e-29)
(2.08804e-59 6.40783e-29 -3.50018e-29)
(1.57566e-53 8.54974e-29 -4.50377e-29)
(1.08729e-47 1.28951e-28 -6.03088e-29)
(6.79253e-42 2.59047e-28 -1.08993e-28)
(3.79441e-36 9.62312e-28 -1.00694e-27)
(2.38046e-274 1.39676e-31 -5.99559e-33)
(6.10364e-268 1.45061e-31 -1.82168e-32)
(1.53686e-261 1.5603e-31 -3.1143e-32)
(3.79828e-255 1.73014e-31 -4.52787e-32)
(9.20918e-249 1.96671e-31 -6.1172e-32)
(2.18928e-242 2.27919e-31 -7.94369e-32)
(5.10008e-236 2.67969e-31 -1.00776e-31)
(1.16355e-229 3.18368e-31 -1.26004e-31)
(2.59806e-223 3.8106e-31 -1.56082e-31)
(5.67373e-217 4.58454e-31 -1.92151e-31)
(1.21097e-210 5.53518e-31 -2.35578e-31)
(2.52408e-204 6.69889e-31 -2.88017e-31)
(5.13366e-198 8.12019e-31 -3.51476e-31)
(1.01794e-191 9.85348e-31 -4.28411e-31)
(1.96602e-185 1.19653e-30 -5.21827e-31)
(3.69473e-179 1.45369e-30 -6.35414e-31)
(6.74905e-173 1.7668e-30 -7.73691e-31)
(1.19692e-166 2.14804e-30 -9.42179e-31)
(2.05828e-160 2.61229e-30 -1.1476e-30)
(3.4275e-154 3.17774e-30 -1.39808e-30)
(5.51876e-148 3.86652e-30 -1.70344e-30)
(8.57827e-142 4.70555e-30 -2.07553e-30)
(1.28496e-135 5.72745e-30 -2.52866e-30)
(1.85126e-129 6.97173e-30 -3.08036e-30)
(2.55976e-123 8.48628e-30 -3.75244e-30)
(3.38883e-117 1.03294e-29 -4.5727e-30)
(4.28399e-111 1.25723e-29 -5.57748e-30)
(5.1555e-105 1.53035e-29 -6.81551e-30)
(5.88569e-99 1.8634e-29 -8.35335e-30)
(6.34841e-93 2.27063e-29 -1.0283e-29)
(6.43855e-87 2.77091e-29 -1.27317e-29)
(6.10452e-81 3.39051e-29 -1.58715e-29)
(5.37197e-75 4.16922e-29 -1.99182e-29)
(4.34719e-69 5.17663e-29 -2.50906e-29)
(3.19453e-63 6.56262e-29 -3.14559e-29)
(2.0927e-57 8.73588e-29 -3.84438e-29)
(1.18541e-51 1.30958e-28 -4.22957e-29)
(5.46258e-46 2.59907e-28 -8.66082e-30)
(1.71492e-40 9.33555e-28 1.01746e-27)
(4.05681e-278 1.41967e-31 -5.4528e-33)
(1.0435e-271 1.4744e-31 -1.65677e-32)
(2.63175e-265 1.58589e-31 -2.83236e-32)
(6.50566e-259 1.75851e-31 -4.11798e-32)
(1.57564e-252 1.99896e-31 -5.56344e-32)
(3.73722e-246 2.31657e-31 -7.22459e-32)
(8.67667e-240 2.72364e-31 -9.16529e-32)
(1.97078e-233 3.2359e-31 -1.14598e-31)
(4.37669e-227 3.87311e-31 -1.41953e-31)
(9.49736e-221 4.65975e-31 -1.74757e-31)
(2.01238e-214 5.62599e-31 -2.14253e-31)
(4.16045e-208 6.8088e-31 -2.61945e-31)
(8.38584e-202 8.25342e-31 -3.19659e-31)
(1.64646e-195 1.00152e-30 -3.89629e-31)
(3.14589e-189 1.21616e-30 -4.74589e-31)
(5.84362e-183 1.47755e-30 -5.77895e-31)
(1.05411e-176 1.79581e-30 -7.03658e-31)
(1.84433e-170 2.18331e-30 -8.56902e-31)
(3.12585e-164 2.65521e-30 -1.04374e-30)
(5.12455e-158 3.22998e-30 -1.27157e-30)
(8.11375e-152 3.93017e-30 -1.54933e-30)
(1.23856e-145 4.78314e-30 -1.88781e-30)
(1.81936e-139 5.82213e-30 -2.30005e-30)
(2.56627e-133 7.08738e-30 -2.80203e-30)
(3.46768e-127 8.62777e-30 -3.41365e-30)
(4.4768e-121 1.05028e-29 -4.16033e-30)
(5.50513e-115 1.27857e-29 -5.07535e-30)
(6.42568e-109 1.55671e-29 -6.20336e-30)
(7.0901e-103 1.89619e-29 -7.60536e-30)
(7.35997e-97 2.31176e-29 -9.36539e-30)
(7.14611e-91 2.82302e-29 -1.15984e-29)
(6.44351e-85 3.4571e-29 -1.44555e-29)
(5.34663e-79 4.25446e-29 -1.81098e-29)
(4.03377e-73 5.28361e-29 -2.26726e-29)
(2.72095e-67 6.68608e-29 -2.78833e-29)
(1.60016e-61 8.83463e-29 -3.19714e-29)
(7.86584e-56 1.29552e-28 -2.57991e-29)
(2.97284e-50 2.38987e-28 5.1548e-29)
(6.86036e-45 5.93654e-28 8.25068e-28)
(-5.15753e-279 1.44039e-31 -4.9016e-33)
(-1.15226e-272 1.49592e-31 -1.4893e-32)
(-2.52145e-266 1.60904e-31 -2.54606e-32)
(-5.40082e-260 1.78418e-31 -3.70173e-32)
(-1.13155e-253 2.02814e-31 -5.00109e-32)
(-2.31727e-247 2.35038e-31 -6.49434e-32)
(-4.63473e-241 2.76339e-31 -8.23889e-32)
(-9.04606e-235 3.28313e-31 -1.03014e-31)
(-1.72146e-228 3.92965e-31 -1.27605e-31)
(-3.19102e-222 4.72778e-31 -1.57093e-31)
(-5.75598e-216 5.70813e-31 -1.92597e-31)
(-1.00925e-209 6.90821e-31 -2.35468e-31)
(-1.71818e-203 8.37393e-31 -2.87349e-31)
(-2.8365e-197 1.01614e-30 -3.50247e-31)
(-4.53483e-191 1.23392e-30 -4.2662e-31)
(-7.01081e-185 1.49913e-30 -5.19485e-31)
(-1.04644e-178 1.82203e-30 -6.32539e-31)
(-1.50537e-172 2.21521e-30 -7.70299e-31)
(-2.08317e-166 2.69402e-30 -9.38261e-31)
(-2.76722e-160 3.27724e-30 -1.14309e-30)
(-3.52027e-154 3.98774e-30 -1.39281e-30)
(-4.27733e-148 4.85334e-30 -1.69713e-30)
(-4.94912e-142 5.90779e-30 -2.06781e-30)
(-5.43431e-136 7.19204e-30 -2.51923e-30)
(-5.63993e-130 8.75583e-30 -3.06935e-30)
(-5.506e-124 1.06599e-29 -3.74112e-30)
(-5.02691e-118 1.29789e-29 -4.56462e-30)
(-4.26072e-112 1.5806e-29 -5.58028e-30)
(-3.32051e-106 1.92591e-29 -6.84326e-30)
(-2.34784e-100 2.34905e-29 -8.42935e-30)
(-1.47612e-94 2.87022e-29 -1.0441e-29)
(-7.97317e-89 3.5172e-29 -1.30086e-29)
(-3.44234e-83 4.33052e-29 -1.62652e-29)
(-9.42573e-78 5.37579e-29 -2.02273e-29)
(9.55849e-73 6.77985e-29 -2.43539e-29)
(3.13949e-66 8.85454e-29 -2.59056e-29)
(2.16566e-60 1.25417e-28 -1.21676e-29)
(8.62307e-55 2.08267e-28 8.41594e-29)
(1.66363e-49 3.57743e-28 6.44452e-28)
(-9.37948e-279 1.45889e-31 -4.34285e-33)
(-2.08967e-272 1.51513e-31 -1.31953e-32)
(-4.55915e-266 1.6297e-31 -2.25584e-32)
(-9.73429e-260 1.80709e-31 -3.27978e-32)
(-2.03249e-253 2.05418e-31 -4.43103e-32)
(-4.14698e-247 2.38056e-31 -5.75408e-32)
(-8.26163e-241 2.79888e-31 -7.29978e-32)
(-1.60569e-234 3.3253e-31 -9.12724e-32)
(-3.04178e-228 3.98012e-31 -1.1306e-31)
(-5.61107e-222 4.78851e-31 -1.39187e-31)
(-1.00686e-215 5.78146e-31 -1.70644e-31)
(-1.75557e-209 6.99697e-31 -2.08629e-31)
(-2.97083e-203 8.48152e-31 -2.54596e-31)
(-4.87301e-197 1.0292e-30 -3.10324e-31)
(-7.73708e-191 1.24978e-30 -3.77992e-31)
(-1.18732e-184 1.51839e-30 -4.60273e-31)
(-1.75821e-178 1.84545e-30 -5.60442e-31)
(-2.50788e-172 2.24369e-30 -6.82504e-31)
(-3.43904e-166 2.72868e-30 -8.31331e-31)
(-4.52403e-160 3.31944e-30 -1.01282e-30)
(-5.69556e-154 4.03916e-30 -1.23411e-30)
(-6.84402e-148 4.91603e-30 -1.5038e-30)
(-7.82603e-142 5.9843e-30 -1.83231e-30)
(-8.48669e-136 7.28553e-30 -2.23242e-30)
(-8.69331e-130 8.87025e-30 -2.72008e-30)
(-8.37294e-124 1.08002e-29 -3.31572e-30)
(-7.54114e-118 1.31516e-29 -4.04613e-30)
(-6.30926e-112 1.60196e-29 -4.94732e-30)
(-4.86314e-106 1.9525e-29 -6.06846e-30)
(-3.41697e-100 2.38241e-29 -7.47677e-30)
(-2.15746e-94 2.91241e-29 -9.26215e-30)
(-1.19915e-88 3.57071e-29 -1.15349e-29)
(-5.67673e-83 4.39741e-29 -1.43926e-29)
(-2.14866e-77 5.45372e-29 -1.7774e-29)
(-5.47155e-72 6.84691e-29 -2.09258e-29)
(-1.28757e-67 8.80998e-29 -2.04477e-29)
(7.37599e-61 1.19444e-28 -1.85467e-30)
(4.25888e-55 1.74913e-28 9.80128e-29)
(1.27074e-49 1.96163e-28 5.19796e-28)
(6.5675e-281 1.47514e-31 -3.77741e-33)
(1.46898e-274 1.532e-31 -1.14773e-32)
(3.2186e-268 1.64785e-31 -1.96214e-32)
(6.90358e-262 1.82722e-31 -2.85277e-32)
(1.44857e-255 2.07706e-31 -3.85414e-32)
(2.9713e-249 2.40708e-31 -5.00494e-32)
(5.9534e-243 2.83006e-31 -6.34941e-32)
(1.16424e-236 3.36234e-31 -7.93896e-32)
(2.22023e-230 4.02446e-31 -9.83407e-32)
(4.12515e-224 4.84186e-31 -1.21066e-31)
(7.46002e-218 5.84588e-31 -1.48428e-31)
(1.31173e-211 7.07494e-31 -1.81467e-31)
(2.24011e-205 8.57604e-31 -2.2145e-31)
(3.71099e-199 1.04066e-30 -2.69922e-31)
(5.95592e-193 1.2637e-30 -3.2878e-31)
(9.24788e-187 1.53531e-30 -4.00349e-31)
(1.38713e-180 1.86602e-30 -4.8748e-31)
(2.00663e-174 2.26871e-30 -5.93654e-31)
(2.79463e-168 2.75912e-30 -7.23111e-31)
(3.73982e-162 3.35651e-30 -8.8099e-31)
(4.79875e-156 4.08432e-30 -1.07349e-30)
(5.89047e-150 4.97111e-30 -1.30811e-30)
(6.8993e-144 6.05153e-30 -1.59391e-30)
(7.68888e-138 7.36769e-30 -1.94204e-30)
(8.12743e-132 8.97082e-30 -2.36641e-30)
(8.11976e-126 1.09236e-29 -2.88484e-30)
(7.63675e-120 1.33035e-29 -3.52074e-30)
(6.73126e-114 1.62075e-29 -4.3056e-30)
(5.53202e-108 1.9759e-29 -5.28237e-30)
(4.2142e-102 2.41176e-29 -6.50954e-30)
(2.95553e-96 2.94948e-29 -8.06444e-30)
(1.89317e-90 3.61755e-29 -1.00386e-29)
(1.09722e-84 4.45522e-29 -1.24992e-29)
(5.68944e-79 5.5183e-29 -1.53283e-29)
(2.60375e-73 6.89126e-29 -1.76414e-29)
(1.03417e-67 8.71855e-29 -1.57106e-29)
(3.49053e-62 1.12506e-28 5.19507e-30)
(9.74023e-57 1.42953e-28 9.95029e-29)
(2.16116e-51 8.61697e-29 4.01022e-28)
(-2.34024e-281 1.48912e-31 -3.20615e-33)
(-5.2135e-275 1.54652e-31 -9.74161e-33)
(-1.13746e-268 1.66346e-31 -1.66542e-32)
(-2.42881e-262 1.84453e-31 -2.42136e-32)
(-5.07219e-256 2.09674e-31 -3.27131e-32)
(-1.03519e-249 2.42988e-31 -4.24809e-32)
(-2.0631e-243 2.85687e-31 -5.38925e-32)
(-4.0118e-237 3.3942e-31 -6.73843e-32)
(-7.60483e-231 4.0626e-31 -8.34696e-32)
(-1.40398e-224 4.88775e-31 -1.02759e-31)
(-2.52181e-218 5.90128e-31 -1.25983e-31)
(-4.4023e-212 7.14199e-31 -1.54026e-31)
(-7.46033e-206 8.65732e-31 -1.87962e-31)
(-1.22577e-199 1.05053e-30 -2.29104e-31)
(-1.95009e-193 1.27568e-30 -2.79062e-31)
(-2.99961e-187 1.54987e-30 -3.39808e-31)
(-4.45415e-181 1.88371e-30 -4.13764e-31)
(-6.37408e-175 2.29022e-30 -5.03885e-31)
(-8.77446e-169 2.7853e-30 -6.13771e-31)
(-1.15957e-162 3.38838e-30 -7.47785e-31)
(-1.46786e-156 4.12317e-30 -9.11194e-31)
(-1.7755e-150 5.01848e-30 -1.11036e-30)
(-2.04659e-144 6.10936e-30 -1.35299e-30)
(-2.24132e-138 7.43837e-30 -1.64856e-30)
(-2.32419e-132 9.05736e-30 -2.0089e-30)
(-2.27342e-126 1.10298e-29 -2.44917e-30)
(-2.08856e-120 1.34343e-29 -2.98934e-30)
(-1.79315e-114 1.63693e-29 -3.65624e-30)
(-1.43054e-108 1.99604e-29 -4.48644e-30)
(-1.05338e-102 2.43704e-29 -5.52959e-30)
(-7.10267e-97 2.98138e-29 -6.85058e-30)
(-4.34381e-91 3.65767e-29 -8.52343e-30)
(-2.38161e-85 4.50412e-29 -1.05911e-29)
(-1.15375e-79 5.5706e-29 -1.29019e-29)
(-4.8476e-74 6.9175e-29 -1.45253e-29)
(-1.7238e-68 8.59892e-29 -1.1729e-29)
(-5.01745e-63 1.05361e-28 9.29876e-30)
(-1.13978e-57 1.14502e-28 9.27451e-29)
(-1.88185e-52 9.89616e-30 3.03877e-28)
(-1.31246e-279 1.5008e-31 -2.62996e-33)
(-2.93902e-273 1.55865e-31 -7.99092e-33)
(-6.44709e-267 1.67651e-31 -1.36612e-32)
(-1.38449e-260 1.85899e-31 -1.98622e-32)
(-2.90862e-254 2.11318e-31 -2.68343e-32)
(-5.97359e-248 2.44894e-31 -3.48468e-32)
(-1.19841e-241 2.87927e-31 -4.42077e-32)
(-2.34662e-235 3.42082e-31 -5.5275e-32)
(-4.481e-229 4.09447e-31 -6.84698e-32)
(-8.33685e-223 4.92609e-31 -8.42924e-32)
(-1.50973e-216 5.94759e-31 -1.03343e-31)
(-2.65836e-210 7.19804e-31 -1.26346e-31)
(-4.54631e-204 8.72526e-31 -1.54184e-31)
(-7.54253e-198 1.05877e-30 -1.87933e-31)
(-1.21235e-191 1.28569e-30 -2.28912e-31)
(-1.88533e-185 1.56203e-30 -2.78743e-31)
(-2.83236e-179 1.8985e-30 -3.39409e-31)
(-4.10393e-173 2.3082e-30 -4.13336e-31)
(-5.72503e-167 2.80718e-30 -5.03479e-31)
(-7.67438e-161 3.41503e-30 -6.13417e-31)
(-9.86455e-155 4.15563e-30 -7.47473e-31)
(-1.21303e-148 5.05808e-30 -9.10867e-31)
(-1.42333e-142 6.15771e-30 -1.10993e-30)
(-1.58906e-136 7.49747e-30 -1.35244e-30)
(-1.68262e-130 9.12972e-30 -1.64812e-30)
(-1.68376e-124 1.11186e-29 -2.00945e-30)
(-1.58581e-118 1.35437e-29 -2.45283e-30)
(-1.39919e-112 1.65047e-29 -3.00038e-30)
(-1.15032e-106 2.0129e-29 -3.68216e-30)
(-8.75706e-101 2.45818e-29 -4.53888e-30)
(-6.12747e-95 3.00803e-29 -5.62318e-30)
(-3.90614e-89 3.69107e-29 -6.99307e-30)
(-2.24435e-83 4.54435e-29 -8.6733e-30)
(-1.14689e-77 5.61181e-29 -1.05016e-29)
(-5.12517e-72 6.93039e-29 -1.15848e-29)
(-1.959e-66 8.46901e-29 -8.47336e-30)
(-6.21349e-61 9.86226e-29 1.08976e-29)
(-1.56344e-55 9.06187e-29 8.04096e-29)
(-2.88489e-50 -4.05122e-29 2.37228e-28)
(3.51941e-280 1.51016e-31 -2.04971e-33)
(7.6451e-274 1.56837e-31 -6.22793e-33)
(1.62537e-267 1.68697e-31 -1.06473e-32)
(3.37966e-261 1.87059e-31 -1.54802e-32)
(6.86793e-255 2.12636e-31 -2.09141e-32)
(1.36292e-248 2.46422e-31 -2.71589e-32)
(2.63904e-242 2.89724e-31 -3.44547e-32)
(4.98162e-236 3.44217e-31 -4.30805e-32)
(9.15873e-230 4.12002e-31 -5.33642e-32)
(1.63835e-223 4.95685e-31 -6.56961e-32)
(2.84851e-217 5.98472e-31 -8.05438e-32)
(4.80812e-211 7.24298e-31 -9.84721e-32)
(7.86943e-205 8.77974e-31 -1.20168e-31)
(1.24723e-198 1.06538e-30 -1.46471e-31)
(1.91148e-192 1.29372e-30 -1.7841e-31)
(2.82841e-186 1.57178e-30 -2.17247e-31)
(4.03402e-180 1.91035e-30 -2.64529e-31)
(5.53563e-174 2.32262e-30 -3.22148e-31)
(7.29402e-168 2.82472e-30 -3.92407e-31)
(9.20859e-162 3.43639e-30 -4.78095e-31)
(1.11123e-155 4.18166e-30 -5.82584e-31)
(1.27836e-149 5.08983e-30 -7.09943e-31)
(1.39785e-143 6.19648e-30 -8.65113e-31)
(1.44811e-137 7.54488e-30 -1.05416e-30)
(1.41602e-131 9.18778e-30 -1.28467e-30)
(1.30151e-125 1.11899e-29 -1.56638e-30)
(1.11911e-119 1.36315e-29 -1.91213e-30)
(8.95282e-114 1.66133e-29 -2.33918e-30)
(6.62137e-108 2.02643e-29 -2.87102e-30)
(4.49354e-102 2.47514e-29 -3.53935e-30)
(2.77345e-96 3.02938e-29 -4.3848e-30)
(1.54017e-90 3.71775e-29 -5.45078e-30)
(7.5942e-85 4.57615e-29 -6.74961e-30)
(3.26952e-79 5.64308e-29 -8.12982e-30)
(1.20248e-73 6.93449e-29 -8.81091e-30)
(3.66627e-68 8.34486e-29 -5.86524e-30)
(8.86021e-63 9.27574e-29 1.04845e-29)
(1.56847e-57 7.16749e-29 6.49178e-29)
(1.66337e-52 -7.3145e-29 1.69344e-28)
(8.0606e-277 1.5172e-31 -1.46632e-33)
(1.76009e-270 1.57568e-31 -4.45535e-33)
(3.76163e-264 1.69483e-31 -7.61689e-33)
(7.86291e-258 1.8793e-31 -1.10743e-32)
(1.60635e-251 2.13627e-31 -1.49617e-32)
(3.20482e-245 2.4757e-31 -1.94292e-32)
(6.23901e-239 2.91074e-31 -2.46486e-32)
(1.18412e-232 3.45821e-31 -3.08194e-32)
(2.18895e-226 4.13923e-31 -3.81763e-32)
(3.93733e-220 4.97995e-31 -4.69985e-32)
(6.88385e-214 6.01262e-31 -5.76203e-32)
(1.1685e-207 7.27675e-31 -7.0446e-32)
(1.92337e-201 8.82067e-31 -8.5967e-32)
(3.06593e-195 1.07035e-30 -1.04784e-31)
(4.72616e-189 1.29975e-30 -1.27632e-31)
(7.03456e-183 1.57911e-30 -1.55416e-31)
(1.00931e-176 1.91926e-30 -1.89241e-31)
(1.39344e-170 2.33345e-30 -2.30462e-31)
(1.84745e-164 2.8379e-30 -2.80726e-31)
(2.34712e-158 3.45243e-30 -3.42029e-31)
(2.85068e-152 4.20122e-30 -4.16784e-31)
(3.30121e-146 5.11369e-30 -5.07903e-31)
(3.63451e-140 6.22562e-30 -6.18923e-31)
(3.79194e-134 7.58051e-30 -7.54183e-31)
(3.73544e-128 9.23143e-30 -9.19118e-31)
(3.46026e-122 1.12435e-29 -1.12071e-30)
(3.00014e-116 1.36975e-29 -1.36815e-30)
(2.42176e-110 1.6695e-29 -1.67381e-30)
(1.80892e-104 2.0366e-29 -2.05454e-30)
(1.2414e-98 2.48789e-29 -2.53297e-30)
(7.7621e-93 3.04541e-29 -3.13796e-30)
(4.37856e-87 3.73772e-29 -3.89955e-30)
(2.20209e-81 4.59974e-29 -4.82264e-30)
(9.73429e-76 5.6655e-29 -5.7849e-30)
(3.71736e-70 6.93382e-29 -6.18122e-30)
(1.20086e-64 8.23981e-29 -3.79086e-30)
(3.19857e-59 8.81026e-29 8.54291e-30)
(6.80689e-54 5.76928e-29 4.72288e-29)
(1.11025e-48 -9.263e-29 1.21918e-28)
(3.52071e-280 1.5219e-31 -8.8068e-34)
(7.64902e-274 1.58056e-31 -2.67592e-33)
(1.62643e-267 1.70008e-31 -4.57479e-33)
(3.38233e-261 1.88512e-31 -6.65139e-33)
(6.87429e-255 2.14288e-31 -8.98623e-33)
(1.36436e-248 2.48336e-31 -1.16695e-32)
(2.64218e-242 2.91975e-31 -1.48044e-32)
(4.98818e-236 3.46892e-31 -1.85107e-32)
(9.17197e-230 4.15205e-31 -2.29294e-32)
(1.64092e-223 4.99538e-31 -2.82282e-32)
(2.85336e-217 6.03126e-31 -3.46078e-32)
(4.81691e-211 7.2993e-31 -4.23112e-32)
(7.88483e-205 8.84801e-31 -5.16333e-32)
(1.24984e-198 1.07367e-30 -6.29348e-32)
(1.91574e-192 1.30377e-30 -7.66581e-32)
(2.8351e-186 1.584e-30 -9.33453e-32)
(4.04416e-180 1.9252e-30 -1.13661e-31)
(5.55039e-174 2.34067e-30 -1.3842e-31)
(7.31467e-168 2.84669e-30 -1.68609e-31)
(9.23628e-162 3.46314e-30 -2.0543e-31)
(1.11479e-155 4.21427e-30 -2.50332e-31)
(1.28272e-149 5.12962e-30 -3.05063e-31)
(1.40293e-143 6.24508e-30 -3.71749e-31)
(1.45374e-137 7.60432e-30 -4.52997e-31)
(1.42193e-131 9.26059e-30 -5.52073e-31)
(1.30737e-125 1.12793e-29 -6.73172e-31)
(1.12456e-119 1.37415e-29 -8.21825e-31)
(9.00024e-114 1.67495e-29 -1.00547e-30)
(6.65974e-108 2.04338e-29 -1.23424e-30)
(4.52223e-102 2.49639e-29 -1.52172e-30)
(2.79311e-96 3.05609e-29 -1.88514e-30)
(1.5524e-90 3.75099e-29 -2.34213e-30)
(7.66238e-85 4.61532e-29 -2.89405e-30)
(3.30308e-79 5.67993e-29 -3.46166e-30)
(1.21676e-73 6.93159e-29 -3.66229e-30)
(3.71728e-68 8.16409e-29 -2.11236e-30)
(9.00619e-63 8.48858e-29 5.54342e-30)
(1.59922e-57 4.8518e-29 2.8771e-29)
(1.70158e-52 -1.02464e-28 6.88097e-29)
(7.72833e-284 1.52424e-31 -2.93849e-34)
(1.67065e-277 1.58299e-31 -8.92863e-34)
(3.53445e-271 1.70269e-31 -1.52646e-33)
(7.31297e-265 1.88802e-31 -2.21935e-33)
(1.4787e-258 2.14618e-31 -2.99839e-33)
(2.9197e-252 2.48719e-31 -3.8937e-33)
(5.62482e-246 2.92425e-31 -4.9397e-33)
(1.05635e-239 3.47427e-31 -6.17637e-33)
(1.9321e-233 4.15846e-31 -7.65076e-33)
(3.43824e-227 5.0031e-31 -9.41878e-33)
(5.94653e-221 6.04058e-31 -1.15475e-32)
(9.98422e-215 7.3106e-31 -1.41178e-32)
(1.62537e-208 8.8617e-31 -1.72282e-32)
(2.56216e-202 1.07533e-30 -2.09991e-32)
(3.90527e-196 1.30579e-30 -2.55779e-32)
(5.74672e-190 1.58644e-30 -3.11457e-32)
(8.15049e-184 1.92817e-30 -3.79244e-32)
(1.11211e-177 2.34428e-30 -4.61852e-32)
(1.45698e-171 2.85108e-30 -5.62585e-32)
(1.82871e-165 3.46849e-30 -6.85445e-32)
(2.19371e-159 4.2208e-30 -8.3527e-32)
(2.50841e-153 5.13759e-30 -1.0179e-31)
(2.72597e-147 6.25482e-30 -1.24042e-31)
(2.8061e-141 7.61625e-30 -1.51153e-31)
(2.72601e-135 9.27521e-30 -1.84213e-31)
(2.48862e-129 1.12972e-29 -2.24623e-31)
(2.1247e-123 1.37637e-29 -2.74228e-31)
(1.68702e-117 1.67769e-29 -3.35513e-31)
(1.23767e-111 2.04678e-29 -4.11856e-31)
(8.32564e-106 2.50064e-29 -5.07793e-31)
(5.08811e-100 3.06142e-29 -6.2906e-31)
(2.79344e-94 3.75759e-29 -7.81471e-31)
(1.35851e-88 4.62304e-29 -9.65224e-31)
(5.74748e-83 5.687e-29 -1.15293e-30)
(2.06468e-77 6.93005e-29 -1.21353e-30)
(6.08461e-72 8.12461e-29 -6.77356e-31)
(1.39418e-66 8.32466e-29 1.91883e-30)
(2.25197e-61 4.39372e-29 9.7622e-30)
(1.99979e-56 -1.09397e-28 1.90592e-29)
(5.15032e-05 1.57374e-21 4.91298e-22)
(1.6005e-05 2.27872e-21 1.09137e-21)
(1.59934e-05 1.41867e-21 6.79835e-22)
(1.59824e-05 6.44986e-22 3.22852e-22)
(-1.95374e-05 -6.87294e-23 -9.93779e-23)
(8.03335e-10 9.02181e-23 -3.89475e-22)
(-2.49195e-10 1.36873e-22 -1.58829e-22)
(6.40985e-11 6.65059e-23 -1.0815e-22)
(-2.4956e-10 2.59951e-23 -3.89103e-23)
(-4.7233e-11 6.17184e-24 -5.93441e-23)
(5.41038e-15 4.9541e-24 -2.16736e-23)
(-4.99892e-15 7.19896e-24 -8.69287e-24)
(1.70565e-16 3.22088e-24 -4.9388e-24)
(-1.32531e-15 1.58544e-24 -3.31471e-24)
(1.60914e-15 6.10871e-25 -3.07749e-24)
(1.28132e-20 2.60058e-25 -1.16612e-24)
(-3.30393e-20 3.76924e-25 -4.56423e-25)
(1.6371e-20 1.76903e-25 -2.80313e-25)
(3.57485e-21 9.78925e-26 -1.99234e-25)
(2.04172e-21 3.79319e-26 -1.54052e-25)
(-4.91196e-26 9.87186e-27 -5.51604e-26)
(-4.18463e-26 1.22761e-26 -2.00219e-26)
(1.53814e-25 1.88964e-27 -1.08522e-26)
(-4.38176e-26 -2.37336e-27 -5.5942e-27)
(-1.61256e-26 -1.85411e-27 -3.71112e-28)
)
;

boundaryField
{
    fixedWallsLeftTop
    {
        type            noSlip;
    }
    backFaceLeftTop
    {
        type            noSlip;
    }
    frontFaceLeftTop
    {
        type            noSlip;
    }
    symmetryWallLeftTop
    {
        type            zeroGradient;
    }
    topToBottom
    {
        type            noSlip;
    }
    plug
    {
        type            cyclicAMI;
        value           nonuniform List<vector> 
40
(
(-5.37516e-27 -2.65635e-27 6.0623e-27)
(-5.37517e-27 -3.24889e-27 6.12177e-27)
(-5.37523e-27 -2.72008e-27 6.1274e-27)
(-5.38073e-27 2.04516e-26 8.33561e-27)
(-7.86004e-27 -1.41369e-27 3.20855e-27)
(-5.38071e-27 -2.37368e-26 7.95132e-27)
(-5.37524e-27 -1.00694e-27 6.21339e-27)
(-5.37519e-27 -4.7801e-28 6.17507e-27)
(-1.46061e-26 -1.23024e-27 4.67961e-27)
(-1.46061e-26 -1.43702e-27 4.68462e-27)
(-1.46061e-26 -2.0419e-27 4.639e-27)
(-1.46063e-26 -1.54183e-27 4.67503e-27)
(-1.46213e-26 2.15575e-26 6.78947e-27)
(-2.13578e-26 -9.05509e-28 8.0072e-28)
(-1.46212e-26 -2.28283e-26 6.5278e-27)
(-1.46059e-26 2.55444e-30 4.72191e-27)
(5.12719e-26 1.90407e-27 2.99333e-27)
(5.12715e-26 1.27754e-27 3.04803e-27)
(5.12715e-26 1.04208e-27 3.06338e-27)
(5.12715e-26 4.11491e-28 3.0493e-27)
(5.12722e-26 8.81793e-28 3.11019e-27)
(5.1325e-26 2.36908e-26 5.10153e-27)
(7.49727e-26 1.68884e-27 -1.78556e-27)
(5.13244e-26 -2.04301e-26 4.98687e-27)
(-1.39485e-26 5.70081e-27 -3.22259e-28)
(-1.39486e-26 6.10479e-27 -3.29753e-28)
(-1.39486e-26 5.42851e-27 -2.64143e-28)
(-1.39486e-26 5.1446e-27 -2.29137e-28)
(-1.39486e-26 4.47538e-27 -2.22896e-28)
(-1.39488e-26 4.87055e-27 -1.52897e-28)
(-1.39635e-26 2.65457e-26 1.62608e-27)
(-2.03967e-26 9.35266e-27 -6.69262e-27)
(-1.63902e-26 -1.34287e-26 -1.15884e-26)
(-1.63736e-26 4.71417e-27 -1.31442e-26)
(-1.63734e-26 4.85092e-27 -1.31399e-26)
(-1.63734e-26 4.0279e-27 -1.30825e-26)
(-1.63734e-26 3.55413e-27 -1.30647e-26)
(-1.63734e-26 2.90154e-27 -1.30769e-26)
(-1.63735e-26 2.73272e-27 -1.30816e-26)
(-1.6383e-26 1.25064e-26 -1.24165e-26)
)
;
    }
    fixedWallsChannel
    {
        type            noSlip;
    }
    inlet
    {
        type            fixedValue;
        value           uniform (1 0 0);
    }
    outlet
    {
        type            cyclicAMI;
        value           nonuniform List<vector> 5((-5.76591e-27 -1.83529e-27 6.16334e-27) (-1.56678e-26 -1.04775e-27 4.54886e-27) (5.49985e-26 1.3221e-27 2.77446e-27) (-1.49608e-26 8.48547e-27 -1.0361e-27) (-1.63767e-26 2.73239e-27 -1.28244e-26));
    }
    backFaceInletChannel
    {
        type            noSlip;
    }
    frontFaceInletChannel
    {
        type            noSlip;
    }
}


// ************************************************************************* //
