/*--------------------------------*- C++ -*----------------------------------*\
| =========                 |                                                 |
| \\      /  F ield         | OpenFOAM: The Open Source CFD Toolbox           |
|  \\    /   O peration     | Version:  4.1                                   |
|   \\  /    A nd           | Web:      www.OpenFOAM.org                      |
|    \\/     M anipulation  |                                                 |
\*---------------------------------------------------------------------------*/
FoamFile
{
    version     2.0;
    format      ascii;
    class       volVectorField;
    location    "5";
    object      U;
}
// * * * * * * * * * * * * * * * * * * * * * * * * * * * * * * * * * * * * * //

dimensions      [0 1 -1 0 0 0 0];

internalField   nonuniform List<vector> 
1705
(
(-2.00669e-61 -3.98928e-28 -4.25093e-30)
(-2.60064e-60 -1.29766e-28 1.14967e-29)
(1.81899e-61 -4.06144e-28 1.80126e-29)
(3.95123e-58 -6.50406e-28 4.12767e-30)
(1.88758e-55 -3.86006e-28 -1.11692e-29)
(5.92274e-53 -1.4176e-28 4.22071e-29)
(2.81291e-51 -4.47852e-28 1.18461e-29)
(9.95966e-49 -6.65322e-28 -9.9249e-30)
(1.94773e-46 -3.78075e-28 -1.81162e-29)
(7.72632e-44 -1.64369e-28 7.54465e-29)
(1.93397e-46 -4.99659e-28 4.39437e-30)
(7.75833e-49 -4.04927e-28 -6.39072e-30)
(1.60189e-50 -2.00339e-28 1.09251e-28)
(1.53759e-52 -5.50065e-28 2.40842e-29)
(4.5066e-50 -7.31964e-28 -1.63153e-30)
(1.32757e-47 -4.28884e-28 -1.55575e-29)
(9.45212e-47 -2.56016e-28 1.55864e-28)
(1.29226e-43 -6.43383e-28 1.65985e-29)
(8.82452e-46 -4.90994e-28 -2.48213e-30)
(1.2747e-47 -3.27367e-28 2.14718e-28)
(2.11677e-48 -7.40368e-28 4.50199e-29)
(8.02484e-46 -8.77589e-28 9.16368e-30)
(1.58986e-43 -5.58015e-28 -1.50298e-29)
(8.36796e-47 -4.24402e-28 2.91582e-28)
(5.9627e-48 -8.91902e-28 3.71198e-29)
(-2.49803e-45 -9.92521e-28 -1.07668e-29)
(-3.67916e-43 -6.48133e-28 -3.18844e-29)
(1.76573e-44 -5.45697e-28 3.89489e-28)
(-2.17759e-43 -1.0799e-27 2.38191e-29)
(-1.34969e-45 -7.94233e-28 -1.3969e-29)
(-2.22264e-46 -6.94787e-28 5.3073e-28)
(-3.46453e-43 -1.29668e-27 7.31157e-29)
(-3.92606e-45 -1.35703e-27 2.42774e-30)
(-3.59017e-43 -9.62152e-28 -3.80828e-29)
(4.20945e-47 -8.94165e-28 7.05203e-28)
(1.29623e-44 -1.61456e-27 5.83449e-29)
(1.51288e-41 -1.20915e-27 -8.47089e-30)
(1.00022e-38 -1.14218e-27 9.64795e-28)
(5.37809e-37 -1.99607e-27 1.40346e-28)
(4.74836e-34 -2.05619e-27 6.15535e-29)
(4.59146e-33 -2.2475e-27 5.50763e-27)
(4.22666e-33 -2.80888e-27 5.50295e-27)
(6.45352e-34 -2.45097e-27 5.48132e-27)
(-4.5793e-31 2.36605e-26 7.98908e-27)
(8.9064e-32 -6.72109e-28 4.56751e-27)
(-4.56738e-31 -2.59354e-26 7.56121e-27)
(7.9981e-35 -4.78652e-28 5.59006e-27)
(2.23579e-33 -1.19797e-28 5.5604e-27)
(-2.21794e-32 -6.64633e-28 5.93671e-27)
(-2.12526e-32 -9.03158e-28 5.93496e-27)
(-2.16284e-32 -1.47438e-27 5.88277e-27)
(-3.21106e-32 -1.14486e-27 5.8939e-27)
(-1.29339e-30 2.49155e-26 8.29635e-27)
(2.4154e-31 3.06604e-28 4.78595e-27)
(-1.28804e-30 -2.48958e-26 8.0205e-27)
(1.36524e-33 6.5551e-28 5.97007e-27)
(4.77584e-32 9.71498e-28 6.15008e-27)
(1.68183e-32 3.85452e-28 6.19991e-27)
(1.65765e-32 1.22771e-28 6.20699e-27)
(1.6865e-32 -4.71253e-28 6.18571e-27)
(5.42262e-32 -1.6389e-28 6.22256e-27)
(4.63393e-30 2.56765e-26 8.49526e-27)
(-8.84896e-31 9.55606e-28 4.80365e-27)
(4.57819e-30 -2.40071e-26 8.40492e-27)
(-2.45021e-33 1.47739e-27 6.04928e-27)
(1.38409e-32 1.72502e-27 6.06084e-27)
(1.43645e-32 1.09172e-27 6.11812e-27)
(1.47307e-32 7.85567e-28 6.14576e-27)
(1.50036e-32 1.50356e-28 6.14517e-27)
(3.44783e-33 4.05027e-28 6.19486e-27)
(-1.40408e-30 2.53671e-26 8.26753e-27)
(2.69584e-31 4.0887e-27 4.3299e-27)
(-1.38384e-30 -2.00827e-26 7.07744e-27)
(-2.43635e-32 1.39115e-27 5.18265e-27)
(-1.36446e-32 1.42448e-27 5.19363e-27)
(-1.37342e-32 6.39091e-28 5.24693e-27)
(-1.39043e-32 1.59322e-28 5.26177e-27)
(-1.41194e-32 -4.79949e-28 5.24682e-27)
(-2.04657e-32 -6.98954e-28 5.23567e-27)
(-7.99081e-31 1.08927e-26 6.06616e-27)
(5.10697e-32 9.14148e-27 5.77378e-28)
(2.36677e-36 -2.98502e-28 -1.32665e-28)
(1.24082e-37 -2.8231e-28 3.95249e-30)
(1.90502e-41 -1.92831e-28 -1.17626e-28)
(3.57434e-43 -2.15266e-28 -6.42289e-30)
(1.0355e-46 -1.99902e-28 -1.06917e-28)
(8.53985e-48 -1.69212e-28 -8.04861e-29)
(1.73339e-46 -1.39334e-28 -1.41271e-30)
(3.15941e-43 -1.54606e-28 -7.51076e-29)
(-2.92271e-43 -1.20288e-28 -5.78499e-29)
(-2.10456e-46 -1.11411e-28 3.92932e-31)
(-5.06629e-48 -8.06293e-29 -5.62877e-29)
(5.60448e-47 -9.97864e-29 -4.55757e-30)
(1.52982e-43 -1.21562e-28 -5.4579e-29)
(-2.76455e-43 -7.26456e-29 -4.29646e-29)
(-2.09259e-46 -8.29505e-29 -2.96419e-30)
(-2.55221e-47 -6.29838e-29 -4.20251e-29)
(-1.06513e-43 -8.01378e-29 -6.59252e-30)
(2.58336e-43 -9.91163e-29 -4.16184e-29)
(-2.6136e-43 -4.18289e-29 -3.30836e-29)
(-1.96303e-46 -6.77585e-29 -4.63001e-30)
(-7.63463e-48 -8.91797e-29 -3.21823e-29)
(-7.43239e-48 -3.28607e-29 -2.64824e-29)
(-1.89249e-46 -5.76507e-29 -2.26781e-30)
(-2.5341e-43 -4.65936e-29 -2.56781e-29)
(-1.89402e-46 -5.84411e-29 -4.58009e-30)
(-7.47553e-48 -6.67809e-29 -2.47263e-29)
(-7.50754e-48 -1.97786e-29 -2.02353e-29)
(-1.92999e-46 -3.96247e-29 -2.26102e-30)
(-2.5551e-43 -3.3383e-29 -1.98709e-29)
(-3.78176e-46 -3.95584e-29 -3.58335e-30)
(-2.37715e-43 -4.17067e-29 -1.92872e-29)
(-6.56904e-47 -1.15452e-29 -1.61001e-29)
(-1.97417e-46 -2.35423e-29 -1.58002e-30)
(-2.50081e-43 -2.67996e-29 -1.58058e-29)
(-6.12683e-47 -9.32137e-30 -1.40552e-29)
(-3.47294e-48 -3.42042e-30 6.36432e-32)
(-7.07952e-48 -6.35e-30 -1.44304e-29)
(-1.79025e-46 -1.36795e-30 6.64923e-31)
(-2.30957e-43 3.8585e-30 -1.45332e-29)
(-2.37168e-284 2.25172e-33 -1.12586e-32)
(-7.65806e-278 2.32677e-33 -3.45037e-32)
(-2.42761e-271 2.49707e-33 -5.93135e-32)
(-7.55029e-265 2.76714e-33 -8.62905e-32)
(-2.30239e-258 3.14499e-33 -1.16452e-31)
(-6.87888e-252 3.64477e-33 -1.50915e-31)
(-2.01211e-245 4.28539e-33 -1.90965e-31)
(-5.75747e-239 5.09123e-33 -2.38107e-31)
(-1.61023e-232 6.09306e-33 -2.94122e-31)
(-4.39768e-226 7.32941e-33 -3.61139e-31)
(-1.1717e-219 8.84825e-33 -4.41726e-31)
(-3.04238e-213 1.0709e-32 -5.38989e-31)
(-7.69004e-207 1.29852e-32 -6.56715e-31)
(-1.8899e-200 1.57669e-32 -7.99524e-31)
(-4.51001e-194 1.91643e-32 -9.7307e-31)
(-1.04361e-187 2.33112e-32 -1.18427e-30)
(-2.33807e-181 2.83681e-32 -1.44155e-30)
(-5.06309e-175 3.45273e-32 -1.75519e-30)
(-1.05786e-168 4.20171e-32 -2.13757e-30)
(-2.12831e-162 5.11082e-32 -2.60362e-30)
(-4.11423e-156 6.21217e-32 -3.17116e-30)
(-7.62333e-150 7.54398e-32 -3.86139e-30)
(-1.35034e-143 9.15192e-32 -4.69942e-30)
(-2.27974e-137 1.1091e-31 -5.71504e-30)
(-3.65612e-131 1.34273e-31 -6.94359e-30)
(-5.54886e-125 1.62382e-31 -8.42717e-30)
(-7.93531e-119 1.9611e-31 -1.02158e-29)
(-1.06402e-112 2.36338e-31 -1.23684e-29)
(-1.33006e-106 2.83754e-31 -1.49527e-29)
(-1.53957e-100 3.38412e-31 -1.80416e-29)
(-1.63703e-94 3.9887e-31 -2.17035e-29)
(-1.58361e-88 4.60568e-31 -2.598e-29)
(-1.37723e-82 5.12939e-31 -3.08395e-29)
(-1.06078e-76 5.34721e-31 -3.60926e-29)
(-7.09681e-71 4.8743e-31 -4.12502e-29)
(-4.01755e-65 3.09745e-31 -4.53194e-29)
(-1.85456e-59 -7.53136e-32 -4.66098e-29)
(-6.60095e-54 -7.15274e-31 -4.28014e-29)
(-1.65157e-48 -1.57022e-30 -3.26662e-29)
(-6.60927e-288 6.68282e-33 -1.12473e-32)
(-2.11915e-281 6.9163e-33 -3.44665e-32)
(-6.67001e-275 7.43583e-33 -5.92461e-32)
(-2.05954e-268 8.25556e-33 -8.61906e-32)
(-6.23448e-262 9.40103e-33 -1.16315e-31)
(-1.84887e-255 1.09145e-32 -1.50736e-31)
(-5.36732e-249 1.28526e-32 -1.90738e-31)
(-1.52407e-242 1.52881e-32 -2.37822e-31)
(-4.22938e-236 1.83128e-32 -2.93769e-31)
(-1.14597e-229 2.20415e-32 -3.60705e-31)
(-3.02876e-223 2.66166e-32 -4.41193e-31)
(-7.80014e-217 3.22142e-32 -5.38337e-31)
(-1.9552e-210 3.9051e-32 -6.55916e-31)
(-4.76439e-204 4.73928e-32 -7.98547e-31)
(-1.12715e-197 5.75647e-32 -9.71877e-31)
(-2.58521e-191 6.9962e-32 -1.18281e-30)
(-5.73966e-185 8.5064e-32 -1.43978e-30)
(-1.23147e-178 1.03448e-31 -1.75302e-30)
(-2.54869e-172 1.2581e-31 -2.13494e-30)
(-5.078e-166 1.52979e-31 -2.60044e-30)
(-9.7184e-160 1.85952e-31 -3.16731e-30)
(-1.78223e-153 2.25916e-31 -3.85674e-30)
(-3.12334e-147 2.74289e-31 -4.69382e-30)
(-5.21488e-141 3.32761e-31 -5.70831e-30)
(-8.2672e-135 4.03318e-31 -6.93552e-30)
(-1.2396e-128 4.88244e-31 -8.41749e-30)
(-1.75023e-122 5.90038e-31 -1.02043e-29)
(-2.3152e-116 7.11147e-31 -1.23549e-29)
(-2.85225e-110 8.53377e-31 -1.49371e-29)
(-3.24974e-104 1.01664e-30 -1.80243e-29)
(-3.39574e-98 1.19645e-30 -2.1686e-29)
(-3.2211e-92 1.37922e-30 -2.59654e-29)
(-2.73855e-86 1.53375e-30 -3.08344e-29)
(-2.05296e-80 1.59708e-30 -3.61091e-29)
(-1.32774e-74 1.45463e-30 -4.13081e-29)
(-7.18461e-69 9.22803e-31 -4.54461e-29)
(-3.10471e-63 -2.3108e-31 -4.68293e-29)
(-9.88378e-58 -2.15303e-30 -4.31136e-29)
(-1.93343e-52 -4.54274e-30 -3.26522e-29)
(1.45373e-285 1.10376e-32 -1.12156e-32)
(4.66039e-279 1.14406e-32 -3.4365e-32)
(1.46648e-272 1.23183e-32 -5.90663e-32)
(4.52652e-266 1.36958e-32 -8.59271e-32)
(1.36962e-259 1.56184e-32 -1.15959e-31)
(4.05944e-253 1.81568e-32 -1.50274e-31)
(1.17771e-246 2.14047e-32 -1.90152e-31)
(3.3417e-240 2.54833e-32 -2.37092e-31)
(9.26571e-234 3.05448e-32 -2.92866e-31)
(2.50828e-227 3.67794e-32 -3.59596e-31)
(6.62267e-221 4.44225e-32 -4.39835e-31)
(1.70372e-214 5.37641e-32 -5.36678e-31)
(4.26563e-208 6.5161e-32 -6.53892e-31)
(1.03816e-201 7.90499e-32 -7.9608e-31)
(2.45285e-195 9.59656e-32 -9.68872e-31)
(5.61824e-189 1.1656e-31 -1.17915e-30)
(1.24562e-182 1.41628e-31 -1.43532e-30)
(2.66874e-176 1.72133e-31 -1.7476e-30)
(5.51542e-170 2.09244e-31 -2.12835e-30)
(1.09734e-163 2.5437e-31 -2.59243e-30)
(2.09724e-157 3.09209e-31 -3.15759e-30)
(3.84108e-151 3.75793e-31 -3.84495e-30)
(6.72357e-145 4.56544e-31 -4.67955e-30)
(1.12149e-138 5.54321e-31 -5.69105e-30)
(1.77659e-132 6.72446e-31 -6.91472e-30)
(2.6628e-126 8.1467e-31 -8.39252e-30)
(3.75998e-120 9.85012e-31 -1.01745e-29)
(4.97724e-114 1.18732e-30 -1.23197e-29)
(6.14142e-108 1.42433e-30 -1.48964e-29)
(7.0165e-102 1.69561e-30 -1.79787e-29)
(7.36366e-96 1.99367e-30 -2.16379e-29)
(7.03117e-90 2.29622e-30 -2.59208e-29)
(6.03681e-84 2.55227e-30 -3.08056e-29)
(4.59197e-78 2.65853e-30 -3.61198e-29)
(3.0358e-72 2.42563e-30 -4.1398e-29)
(1.69995e-66 1.54747e-30 -4.56707e-29)
(7.77514e-61 -3.69663e-31 -4.72395e-29)
(2.75005e-55 -3.58607e-30 -4.3677e-29)
(6.87353e-50 -7.50393e-30 -3.26686e-29)
(-2.29954e-284 1.53811e-32 -1.11667e-32)
(-7.42794e-278 1.59573e-32 -3.42104e-32)
(-2.35558e-271 1.71928e-32 -5.87951e-32)
(-7.32914e-265 1.91247e-32 -8.55306e-32)
(-2.23585e-258 2.18197e-32 -1.15423e-31)
(-6.68283e-252 2.53766e-32 -1.49579e-31)
(-1.95558e-245 2.99265e-32 -1.89273e-31)
(-5.59812e-239 3.56385e-32 -2.35994e-31)
(-1.56635e-232 4.27254e-32 -2.9151e-31)
(-4.27974e-226 5.14524e-32 -3.5793e-31)
(-1.1408e-219 6.21476e-32 -4.37796e-31)
(-2.96353e-213 7.52152e-32 -5.34189e-31)
(-7.49431e-207 9.11516e-32 -6.50859e-31)
(-1.8427e-200 1.10565e-31 -7.92386e-31)
(-4.39962e-194 1.34199e-31 -9.64374e-31)
(-1.0186e-187 1.62963e-31 -1.17368e-30)
(-2.28327e-181 1.97966e-31 -1.42866e-30)
(-4.94721e-175 2.40558e-31 -1.7395e-30)
(-1.03426e-168 2.92378e-31 -2.1185e-30)
(-2.08211e-162 3.5541e-31 -2.58044e-30)
(-4.02755e-156 4.32048e-31 -3.14303e-30)
(-7.46791e-150 5.25161e-31 -3.82727e-30)
(-1.32379e-143 6.38163e-31 -4.65812e-30)
(-2.23673e-137 7.75077e-31 -5.66513e-30)
(-3.59031e-131 9.40554e-31 -6.88345e-30)
(-5.4543e-125 1.13982e-30 -8.35498e-30)
(-7.80858e-119 1.37845e-30 -1.01297e-29)
(-1.04832e-112 1.66175e-30 -1.2267e-29)
(-1.31229e-106 1.99348e-30 -1.48354e-29)
(-1.5215e-100 2.37312e-30 -1.79104e-29)
(-1.62096e-94 2.79047e-30 -2.15659e-29)
(-1.57169e-88 3.21516e-30 -2.58537e-29)
(-1.3707e-82 3.57736e-30 -3.07619e-29)
(-1.05938e-76 3.73475e-30 -3.61344e-29)
(-7.11798e-71 3.42435e-30 -4.15303e-29)
(-4.05163e-65 2.21633e-30 -4.60052e-29)
(-1.8838e-59 -4.52961e-31 -4.7856e-29)
(-6.77155e-54 -4.98762e-30 -4.45405e-29)
(-1.7182e-48 -1.08203e-29 -3.35732e-29)
(5.97947e-286 1.97056e-32 -1.11004e-32)
(1.91606e-279 2.04565e-32 -3.40027e-32)
(6.02644e-273 2.2048e-32 -5.84329e-32)
(1.85928e-266 2.45307e-32 -8.50017e-32)
(5.62295e-260 2.79927e-32 -1.14709e-31)
(1.66576e-253 3.25609e-32 -1.48653e-31)
(4.83011e-247 3.8404e-32 -1.881e-31)
(1.36977e-240 4.57384e-32 -2.34532e-31)
(3.79591e-234 5.48372e-32 -2.89703e-31)
(1.02697e-227 6.60404e-32 -3.55711e-31)
(2.70991e-221 7.97686e-32 -4.35082e-31)
(6.96702e-215 9.65395e-32 -5.30877e-31)
(1.74321e-208 1.16989e-31 -6.46822e-31)
(4.23969e-202 1.41895e-31 -7.87471e-31)
(1.00101e-195 1.72212e-31 -9.58392e-31)
(2.29113e-189 2.09104e-31 -1.1664e-30)
(5.07578e-183 2.53994e-31 -1.4198e-30)
(1.08662e-176 3.08616e-31 -1.72872e-30)
(2.24383e-170 3.75077e-31 -2.10538e-30)
(4.4604e-164 4.55933e-31 -2.56449e-30)
(8.51697e-158 5.54265e-31 -3.12364e-30)
(1.55839e-151 6.73774e-31 -3.80373e-30)
(2.72513e-145 8.18859e-31 -4.62956e-30)
(4.54069e-139 9.94697e-31 -5.63058e-30)
(7.18504e-133 1.20727e-30 -6.84177e-30)
(1.07564e-126 1.46329e-30 -8.30494e-30)
(1.51694e-120 1.76991e-30 -1.00701e-29)
(2.00535e-114 2.13397e-30 -1.21967e-29)
(2.47087e-108 2.56039e-30 -1.47541e-29)
(2.81862e-102 3.0488e-30 -1.78193e-29)
(2.95323e-96 3.58675e-30 -2.14695e-29)
(2.81492e-90 4.13659e-30 -2.57634e-29)
(2.4123e-84 4.61097e-30 -3.07017e-29)
(1.83134e-78 4.83051e-30 -3.61504e-29)
(1.20833e-72 4.46039e-30 -4.17017e-29)
(6.75408e-67 2.94569e-30 -4.64462e-29)
(3.0852e-61 -4.58891e-31 -4.86803e-29)
(1.09101e-55 -6.33439e-30 -4.57504e-29)
(2.72871e-50 -1.40945e-29 -3.52221e-29)
(-1.22032e-284 2.40037e-32 -1.10166e-32)
(-4.02759e-278 2.49288e-32 -3.3742e-32)
(-1.30453e-271 2.68738e-32 -5.79802e-32)
(-4.14404e-265 2.9903e-32 -8.43416e-32)
(-1.29024e-258 3.41259e-32 -1.13817e-31)
(-3.93445e-252 3.96974e-32 -1.47497e-31)
(-1.1742e-245 4.68233e-32 -1.86637e-31)
(-3.42685e-239 5.57674e-32 -2.32708e-31)
(-9.77185e-233 6.68625e-32 -2.8745e-31)
(-2.72015e-226 8.05231e-32 -3.52944e-31)
(-7.38452e-220 9.72614e-32 -4.31696e-31)
(-1.95305e-213 1.17708e-31 -5.26745e-31)
(-5.0267e-207 1.42638e-31 -6.41788e-31)
(-1.2575e-200 1.72998e-31 -7.81342e-31)
(-3.05372e-194 2.09952e-31 -9.50933e-31)
(-7.18846e-188 2.54917e-31 -1.15732e-30)
(-1.63783e-181 3.09629e-31 -1.40876e-30)
(-3.6059e-175 3.76202e-31 -1.71528e-30)
(-7.65745e-169 4.57211e-31 -2.08903e-30)
(-1.56539e-162 5.55775e-31 -2.54461e-30)
(-3.07389e-156 6.75662e-31 -3.09946e-30)
(-5.78411e-150 8.21394e-31 -3.77435e-30)
(-1.04019e-143 9.98348e-31 -4.59393e-30)
(-1.78246e-137 1.21285e-30 -5.58745e-30)
(-2.90079e-131 1.47222e-30 -6.78973e-30)
(-4.46644e-125 1.78465e-30 -8.24245e-30)
(-6.47874e-119 2.15892e-30 -9.9956e-30)
(-8.80975e-113 2.60348e-30 -1.21089e-29)
(-1.1166e-106 3.12455e-30 -1.46524e-29)
(-1.31035e-100 3.72221e-30 -1.77052e-29)
(-1.41246e-94 4.38231e-30 -2.13483e-29)
(-1.38514e-88 5.06092e-30 -2.56489e-29)
(-1.2213e-82 5.6549e-30 -3.06231e-29)
(-9.53939e-77 5.95036e-30 -3.61645e-29)
(-6.47531e-71 5.54324e-30 -4.19073e-29)
(-3.7227e-65 3.75231e-30 -4.6989e-29)
(-1.748e-59 -3.63598e-31 -4.9712e-29)
(-6.34528e-54 -7.60328e-30 -4.72676e-29)
(-1.62354e-48 -1.76213e-29 -3.65057e-29)
(-1.31463e-284 2.82676e-32 -1.09154e-32)
(-4.33429e-278 2.93656e-32 -3.34287e-32)
(-1.40246e-271 3.16609e-32 -5.7438e-32)
(-4.4509e-265 3.52317e-32 -8.35513e-32)
(-1.38452e-258 4.02085e-32 -1.1275e-31)
(-4.21834e-252 4.67742e-32 -1.46113e-31)
(-1.25789e-245 5.5171e-32 -1.84886e-31)
(-3.66828e-239 6.57102e-32 -2.30524e-31)
(-1.04527e-232 7.87837e-32 -2.84752e-31)
(-2.90765e-226 9.48795e-32 -3.49631e-31)
(-7.88838e-220 1.14601e-31 -4.27645e-31)
(-2.08503e-213 1.38691e-31 -5.21802e-31)
(-5.36327e-207 1.68062e-31 -6.35764e-31)
(-1.34097e-200 2.0383e-31 -7.74008e-31)
(-3.25474e-194 2.47363e-31 -9.42008e-31)
(-7.658e-188 3.00333e-31 -1.14646e-30)
(-1.74403e-181 3.64785e-31 -1.39555e-30)
(-3.83809e-175 4.43212e-31 -1.6992e-30)
(-8.14733e-169 5.38649e-31 -2.06947e-30)
(-1.66493e-162 6.54778e-31 -2.5208e-30)
(-3.26822e-156 7.96045e-31 -3.07052e-30)
(-6.14781e-150 9.67786e-31 -3.73919e-30)
(-1.10526e-143 1.17635e-30 -4.55127e-30)
(-1.89343e-137 1.42922e-30 -5.5358e-30)
(-3.08055e-131 1.73503e-30 -6.72741e-30)
(-4.74198e-125 2.10349e-30 -8.1676e-30)
(-6.87668e-119 2.54502e-30 -9.90633e-30)
(-9.34852e-113 3.06976e-30 -1.20036e-29)
(-1.18459e-106 3.68543e-30 -1.45304e-29)
(-1.38978e-100 4.39286e-30 -1.75678e-29)
(-1.49767e-94 5.17688e-30 -2.12018e-29)
(-1.46827e-88 5.98846e-30 -2.55089e-29)
(-1.29418e-82 6.71077e-30 -3.05238e-29)
(-1.0105e-76 7.09862e-30 -3.61727e-29)
(-6.85674e-71 6.68223e-30 -4.21413e-29)
(-3.94085e-65 4.65337e-30 -4.76276e-29)
(-1.85065e-59 -1.4112e-31 -5.09514e-29)
(-6.72898e-54 -8.75875e-30 -4.92019e-29)
(-1.73355e-48 -2.11056e-29 -3.94142e-29)
(-3.83269e-288 3.24903e-32 -1.07971e-32)
(-1.25474e-281 3.3759e-32 -3.30634e-32)
(-4.03102e-275 3.64008e-32 -5.6807e-32)
(-1.27002e-268 4.05076e-32 -8.26321e-32)
(-3.92151e-262 4.62303e-32 -1.11508e-31)
(-1.18585e-255 5.37796e-32 -1.44504e-31)
(-3.50929e-249 6.34342e-32 -1.8285e-31)
(-1.01547e-242 7.55517e-32 -2.27985e-31)
(-2.87083e-236 9.05827e-32 -2.81616e-31)
(-7.92208e-230 1.09088e-31 -3.4578e-31)
(-2.13178e-223 1.31762e-31 -4.22934e-31)
(-5.58804e-217 1.59458e-31 -5.16053e-31)
(-1.4253e-210 1.93224e-31 -6.2876e-31)
(-3.53308e-204 2.34344e-31 -7.65482e-31)
(-8.5004e-198 2.8439e-31 -9.31632e-31)
(-1.9822e-191 3.45285e-31 -1.13384e-30)
(-4.47317e-185 4.1938e-31 -1.38018e-30)
(-9.75254e-179 5.09543e-31 -1.68051e-30)
(-2.05052e-172 6.19265e-31 -2.04672e-30)
(-4.14942e-166 7.52786e-31 -2.49313e-30)
(-8.06366e-160 9.15224e-31 -3.03686e-30)
(-1.50122e-153 1.11272e-30 -3.69829e-30)
(-2.67024e-147 1.35261e-30 -4.50164e-30)
(-4.52416e-141 1.64348e-30 -5.47571e-30)
(-7.2767e-135 1.99532e-30 -6.65488e-30)
(-1.1068e-128 2.41935e-30 -8.08045e-30)
(-1.58502e-122 2.92769e-30 -9.80235e-30)
(-2.12637e-116 3.53225e-30 -1.18808e-29)
(-2.65659e-110 4.24244e-30 -1.43878e-29)
(-3.06959e-104 5.0602e-30 -1.74069e-29)
(-3.25315e-98 5.97008e-30 -2.10292e-29)
(-3.1305e-92 6.91932e-30 -2.53421e-29)
(-2.70121e-86 7.7799e-30 -3.04011e-29)
(-2.05669e-80 8.27925e-30 -3.61702e-29)
(-1.3527e-74 7.88642e-30 -4.23963e-29)
(-7.46082e-69 5.66643e-30 -4.83537e-29)
(-3.3007e-63 2.36537e-31 -5.23945e-29)
(-1.0864e-57 -9.76281e-30 -5.14605e-29)
(-2.2646e-52 -2.41466e-29 -4.22106e-29)
(2.41939e-288 3.66644e-32 -1.06618e-32)
(6.97893e-282 3.81015e-32 -3.26467e-32)
(1.95085e-275 4.10854e-32 -5.60883e-32)
(5.26285e-269 4.57217e-32 -8.15854e-32)
(1.36223e-262 5.21815e-32 -1.10095e-31)
(3.35361e-256 6.07026e-32 -1.42672e-31)
(7.74011e-250 7.15998e-32 -1.80532e-31)
(1.63037e-243 8.52767e-32 -2.25095e-31)
(2.94782e-237 1.02242e-31 -2.78045e-31)
(3.71209e-231 1.23128e-31 -3.41396e-31)
(-1.4936e-225 1.48719e-31 -4.17571e-31)
(-3.29645e-218 1.79978e-31 -5.09509e-31)
(-1.55606e-211 2.18087e-31 -6.20787e-31)
(-5.56919e-205 2.64495e-31 -7.55775e-31)
(-1.73771e-198 3.20977e-31 -9.1982e-31)
(-4.94822e-192 3.89704e-31 -1.11946e-30)
(-1.31203e-185 4.73329e-31 -1.3627e-30)
(-3.27219e-179 5.75091e-31 -1.65923e-30)
(-7.71662e-173 6.98934e-31 -2.02082e-30)
(-1.72523e-166 8.49647e-31 -2.46161e-30)
(-3.66032e-160 1.03301e-30 -2.99853e-30)
(-7.36848e-154 1.25598e-30 -3.65171e-30)
(-1.40599e-147 1.52683e-30 -4.44512e-30)
(-2.53854e-141 1.8553e-30 -5.40726e-30)
(-4.32651e-135 2.2527e-30 -6.57223e-30)
(-6.93947e-129 2.7318e-30 -7.98112e-30)
(-1.04358e-122 3.30643e-30 -9.68375e-30)
(-1.46476e-116 3.99038e-30 -1.17406e-29)
(-1.90851e-110 4.79493e-30 -1.42248e-29)
(-2.2933e-104 5.7236e-30 -1.72222e-29)
(-2.5212e-98 6.7614e-30 -2.083e-29)
(-2.51117e-92 7.85345e-30 -2.51469e-29)
(-2.23837e-86 8.86331e-30 -3.02518e-29)
(-1.75754e-80 9.49569e-30 -3.61514e-29)
(-1.1903e-74 9.16434e-30 -4.26638e-29)
(-6.75137e-69 6.80928e-30 -4.91575e-29)
(-3.06809e-63 7.99358e-31 -5.40372e-29)
(-1.03614e-57 -1.05892e-29 -5.40786e-29)
(-2.21373e-52 -2.73716e-29 -4.47997e-29)
(7.38335e-285 4.07832e-32 -1.05098e-32)
(2.12311e-278 4.23858e-32 -3.21793e-32)
(5.89923e-272 4.57071e-32 -5.5283e-32)
(1.57519e-265 5.08659e-32 -8.04129e-32)
(4.00878e-259 5.80527e-32 -1.08512e-31)
(9.59469e-253 6.75324e-32 -1.40621e-31)
(2.10746e-246 7.96552e-32 -1.77935e-31)
(4.02459e-240 9.48702e-32 -2.21857e-31)
(5.63317e-234 1.13743e-31 -2.74045e-31)
(-1.40312e-231 1.36978e-31 -3.36485e-31)
(-4.1062e-221 1.65447e-31 -4.11564e-31)
(-2.13355e-214 2.0022e-31 -5.0218e-31)
(-8.09281e-208 2.42613e-31 -6.11857e-31)
(-2.65268e-201 2.94238e-31 -7.44904e-31)
(-7.91441e-195 3.5707e-31 -9.0659e-31)
(-2.1978e-188 4.33523e-31 -1.10337e-30)
(-5.74419e-182 5.2655e-31 -1.34311e-30)
(-1.42135e-175 6.39756e-31 -1.63539e-30)
(-3.33991e-169 7.77532e-31 -1.99181e-30)
(-7.46305e-163 9.4521e-31 -2.42631e-30)
(-1.58611e-156 1.14923e-30 -2.95559e-30)
(-3.20407e-150 1.39734e-30 -3.59953e-30)
(-6.1439e-144 1.69876e-30 -4.38178e-30)
(-1.11614e-137 2.06438e-30 -5.33054e-30)
(-1.91615e-131 2.50681e-30 -6.47958e-30)
(-3.09908e-125 3.04039e-30 -7.86971e-30)
(-4.70431e-119 3.68071e-30 -9.55063e-30)
(-6.67232e-113 4.44354e-30 -1.15831e-29)
(-8.79551e-107 5.34226e-30 -1.40412e-29)
(-1.07073e-100 6.38236e-30 -1.70136e-29)
(-1.19455e-94 7.55024e-30 -2.06032e-29)
(-1.20997e-88 8.79054e-30 -2.49217e-29)
(-1.09992e-82 9.96161e-30 -3.00726e-29)
(-8.84334e-77 1.07508e-29 -3.611e-29)
(-6.16995e-71 1.05239e-29 -4.29336e-29)
(-3.64108e-65 8.09982e-30 -5.00267e-29)
(-1.75269e-59 1.57992e-30 -5.58742e-29)
(-6.51352e-54 -1.11975e-29 -5.70947e-29)
(-1.70458e-48 -3.04174e-29 -4.9215e-29)
(2.42583e-288 4.484e-32 -1.03413e-32)
(7.00464e-282 4.66052e-32 -3.1662e-32)
(1.96028e-275 5.02587e-32 -5.43923e-32)
(5.29538e-269 5.59318e-32 -7.91163e-32)
(1.37291e-262 6.38345e-32 -1.06762e-31)
(3.38711e-256 7.42582e-32 -1.38352e-31)
(7.84115e-250 8.75879e-32 -1.75064e-31)
(1.65971e-243 1.04317e-31 -2.18277e-31)
(3.02993e-237 1.25069e-31 -2.69623e-31)
(3.93365e-231 1.50617e-31 -3.31055e-31)
(-9.17452e-226 1.81919e-31 -4.04923e-31)
(-3.15216e-218 2.20152e-31 -4.94076e-31)
(-1.52131e-211 2.66765e-31 -6.01984e-31)
(-5.48883e-205 3.23527e-31 -7.32884e-31)
(-1.71992e-198 3.92612e-31 -8.91963e-31)
(-4.91065e-192 4.76673e-31 -1.08557e-30)
(-1.30449e-185 5.7896e-31 -1.32145e-30)
(-3.25795e-179 7.03438e-31 -1.60903e-30)
(-7.69148e-173 8.54939e-31 -1.95973e-30)
(-1.72116e-166 1.03933e-30 -2.38727e-30)
(-3.6545e-160 1.2637e-30 -2.9081e-30)
(-7.36171e-154 1.53659e-30 -3.54181e-30)
(-1.40555e-147 1.86815e-30 -4.31171e-30)
(-2.53914e-141 2.27038e-30 -5.24565e-30)
(-4.32982e-135 2.75726e-30 -6.37703e-30)
(-6.94833e-129 3.34466e-30 -7.74634e-30)
(-1.04544e-122 4.05e-30 -9.40312e-30)
(-1.46816e-116 4.89112e-30 -1.14083e-29)
(-1.91401e-110 5.88371e-30 -1.3837e-29)
(-2.30132e-104 7.03571e-30 -1.67806e-29)
(-2.53179e-98 8.33583e-30 -2.03483e-29)
(-2.52378e-92 9.73005e-30 -2.46646e-29)
(-2.25185e-86 1.1075e-29 -2.98598e-29)
(-1.77038e-80 1.20467e-29 -3.6039e-29)
(-1.20104e-74 1.19721e-29 -4.3194e-29)
(-6.82894e-69 9.55582e-30 -5.09463e-29)
(-3.11525e-63 2.6136e-30 -5.78967e-29)
(-1.05944e-57 -1.15458e-29 -6.0478e-29)
(-2.3023e-52 -3.37511e-29 -5.34972e-29)
(-1.00255e-287 4.88282e-32 -1.01568e-32)
(-3.186e-281 5.0753e-32 -3.10956e-32)
(-9.93804e-275 5.47329e-32 -5.34176e-32)
(-3.04088e-268 6.09117e-32 -7.76977e-32)
(-9.12112e-262 6.95181e-32 -1.04847e-31)
(-2.68002e-255 8.08696e-32 -1.3587e-31)
(-7.70798e-249 9.53856e-32 -1.71923e-31)
(-2.16824e-242 1.13604e-31 -2.14361e-31)
(-5.96023e-236 1.36202e-31 -2.64785e-31)
(-1.59961e-229 1.64023e-31 -3.25115e-31)
(-4.18731e-223 1.9811e-31 -3.97657e-31)
(-1.068e-216 2.39746e-31 -4.8521e-31)
(-2.65115e-210 2.90505e-31 -5.91182e-31)
(-6.39735e-204 3.52318e-31 -7.19734e-31)
(-1.49866e-197 4.27549e-31 -8.75961e-31)
(-3.40351e-191 5.1909e-31 -1.0661e-30)
(-7.48187e-185 6.3048e-31 -1.29775e-30)
(-1.58938e-178 7.6604e-31 -1.58019e-30)
(-3.25681e-172 9.31034e-31 -1.92463e-30)
(-6.42444e-166 1.13186e-30 -2.34456e-30)
(-1.21732e-159 1.37625e-30 -2.85614e-30)
(-2.21026e-153 1.6735e-30 -3.47864e-30)
(-3.83516e-147 2.03472e-30 -4.23502e-30)
(-6.34036e-141 2.47301e-30 -5.15271e-30)
(-9.95321e-135 3.00368e-30 -6.26472e-30)
(-1.47796e-128 3.64417e-30 -7.61116e-30)
(-2.06687e-122 4.41376e-30 -9.24134e-30)
(-2.70843e-116 5.33248e-30 -1.12164e-29)
(-3.30618e-110 6.41855e-30 -1.36123e-29)
(-3.73364e-104 7.68284e-30 -1.65232e-29)
(-3.86844e-98 9.11729e-30 -2.00644e-29)
(-3.64048e-92 1.06712e-29 -2.43739e-29)
(-3.07295e-86 1.2203e-29 -2.96093e-29)
(-2.28959e-80 1.33845e-29 -3.59306e-29)
(-1.4741e-74 1.35148e-29 -4.34318e-29)
(-7.961e-69 1.11946e-29 -5.18984e-29)
(-3.44876e-63 3.93906e-30 -6.00945e-29)
(-1.11029e-57 -1.15698e-29 -6.43676e-29)
(-2.24534e-52 -3.68565e-29 -5.8122e-29)
(-3.33221e-284 5.27416e-32 -9.95649e-33)
(-1.06727e-277 5.48227e-32 -3.04811e-32)
(-3.3556e-271 5.91227e-32 -5.23606e-32)
(-1.03501e-264 6.57977e-32 -7.61593e-32)
(-3.12977e-258 7.50946e-32 -1.0277e-31)
(-9.27174e-252 8.73565e-32 -1.33178e-31)
(-2.68884e-245 1.03036e-31 -1.68517e-31)
(-7.62739e-239 1.22715e-31 -2.10114e-31)
(-2.11458e-232 1.47125e-31 -2.59539e-31)
(-5.72423e-226 1.77177e-31 -3.18673e-31)
(-1.51158e-219 2.13996e-31 -3.89778e-31)
(-3.8897e-213 2.58969e-31 -4.75597e-31)
(-9.74287e-207 3.13798e-31 -5.79469e-31)
(-2.37259e-200 3.80566e-31 -7.05475e-31)
(-5.60997e-194 4.61827e-31 -8.58609e-31)
(-1.28616e-187 5.60708e-31 -1.04498e-30)
(-2.85473e-181 6.8103e-31 -1.27206e-30)
(-6.12429e-175 8.27464e-31 -1.54892e-30)
(-1.26761e-168 1.0057e-30 -1.88656e-30)
(-2.52637e-162 1.22265e-30 -2.29823e-30)
(-4.83782e-156 1.48669e-30 -2.79977e-30)
(-8.87981e-150 1.80787e-30 -3.41011e-30)
(-1.55813e-143 2.19822e-30 -4.15181e-30)
(-2.60595e-137 2.67195e-30 -5.05186e-30)
(-4.14039e-131 3.24569e-30 -6.1428e-30)
(-6.22586e-125 3.93846e-30 -7.46433e-30)
(-8.82231e-119 4.77146e-30 -9.06546e-30)
(-1.17235e-112 5.76698e-30 -1.10074e-29)
(-1.45263e-106 6.94601e-30 -1.33669e-29)
(-1.66716e-100 8.32283e-30 -1.62409e-29)
(-1.75829e-94 9.89359e-30 -1.97506e-29)
(-1.68794e-88 1.16128e-29 -2.40475e-29)
(-1.4578e-82 1.33448e-29 -2.93171e-29)
(-1.11623e-76 1.47646e-29 -3.57766e-29)
(-7.43586e-71 1.51564e-29 -4.3632e-29)
(-4.20265e-65 1.30328e-29 -5.28615e-29)
(-1.94583e-59 5.59797e-30 -6.24496e-29)
(-7.00376e-54 -1.12005e-29 -6.86371e-29)
(-1.79528e-48 -3.98316e-29 -6.33453e-29)
(-4.70087e-284 5.6574e-32 -9.74071e-33)
(-1.45766e-277 5.88079e-32 -2.98195e-32)
(-4.42904e-271 6.34215e-32 -5.12226e-32)
(-1.31763e-264 7.05823e-32 -7.45033e-32)
(-3.83479e-258 8.05553e-32 -1.00535e-31)
(-1.09082e-251 9.37086e-32 -1.30282e-31)
(-3.02965e-245 1.10528e-31 -1.64851e-31)
(-8.20725e-239 1.31638e-31 -2.05543e-31)
(-2.16597e-232 1.57822e-31 -2.53893e-31)
(-5.56157e-226 1.90057e-31 -3.1174e-31)
(-1.38742e-219 2.29552e-31 -3.81298e-31)
(-3.35732e-213 2.77794e-31 -4.6525e-31)
(-7.86632e-207 3.36607e-31 -5.66863e-31)
(-1.78097e-200 4.08227e-31 -6.90128e-31)
(-3.88707e-194 4.95394e-31 -8.39933e-31)
(-8.1558e-188 6.01462e-31 -1.02226e-30)
(-1.63963e-181 7.30532e-31 -1.2444e-30)
(-3.14539e-175 8.87617e-31 -1.51526e-30)
(-5.72761e-169 1.07882e-30 -1.84559e-30)
(-9.83063e-163 1.31158e-30 -2.24836e-30)
(-1.57441e-156 1.59487e-30 -2.73909e-30)
(-2.31599e-150 1.9395e-30 -3.33633e-30)
(-3.04261e-144 2.35841e-30 -4.0622e-30)
(-3.35744e-138 2.8669e-30 -4.94322e-30)
(-2.54807e-132 3.48292e-30 -6.01142e-30)
(4.09546e-127 4.2271e-30 -7.30601e-30)
(6.65899e-120 5.12255e-30 -8.87564e-30)
(1.7012e-113 6.19396e-30 -1.07815e-29)
(3.12915e-107 7.46531e-30 -1.31011e-29)
(4.77338e-101 8.95473e-30 -1.59337e-29)
(6.29019e-95 1.06636e-29 -1.94064e-29)
(7.25123e-89 1.25535e-29 -2.36836e-29)
(7.31425e-83 1.44989e-29 -2.89789e-29)
(6.40706e-77 1.61861e-29 -3.55683e-29)
(4.80428e-71 1.68998e-29 -4.37781e-29)
(3.01567e-65 1.50855e-29 -5.38101e-29)
(1.53229e-59 7.63499e-30 -6.49411e-29)
(5.98261e-54 -1.03557e-29 -7.34536e-29)
(1.64545e-48 -4.1926e-29 -6.9462e-29)
(-1.82973e-287 6.03194e-32 -9.50983e-33)
(-5.61061e-281 6.27025e-32 -2.91118e-32)
(-1.68476e-274 6.76224e-32 -5.00057e-32)
(-4.94975e-268 7.5258e-32 -7.27325e-32)
(-1.42143e-261 8.58919e-32 -9.81451e-32)
(-3.98561e-255 9.99164e-32 -1.27184e-31)
(-1.08988e-248 1.1785e-31 -1.60931e-31)
(-2.90271e-242 1.40357e-31 -2.00655e-31)
(-7.51823e-236 1.68275e-31 -2.47856e-31)
(-1.89047e-229 2.02645e-31 -3.04327e-31)
(-4.6057e-223 2.44755e-31 -3.72231e-31)
(-1.08459e-216 2.9619e-31 -4.54186e-31)
(-2.46165e-210 3.58897e-31 -5.53383e-31)
(-5.36541e-204 4.35259e-31 -6.73717e-31)
(-1.11774e-197 5.28198e-31 -8.19962e-31)
(-2.21116e-191 6.4129e-31 -9.97954e-31)
(-4.11434e-185 7.78911e-31 -1.21483e-30)
(-7.0913e-179 9.46405e-31 -1.47926e-30)
(-1.10077e-172 1.15029e-30 -1.80177e-30)
(-1.44439e-166 1.39849e-30 -2.19502e-30)
(-1.29025e-160 1.7006e-30 -2.67419e-30)
(4.28084e-155 2.06818e-30 -3.25741e-30)
(5.84149e-148 2.51503e-30 -3.96633e-30)
(1.86531e-141 3.05756e-30 -4.82695e-30)
(4.44657e-135 3.71502e-30 -5.87076e-30)
(9.04837e-129 4.50963e-30 -7.1364e-30)
(1.64026e-122 5.46649e-30 -8.67209e-30)
(2.69461e-116 6.61275e-30 -1.05388e-29)
(4.03906e-110 7.97561e-30 -1.28148e-29)
(5.53227e-104 9.5775e-30 -1.56013e-29)
(6.91085e-98 1.14259e-29 -1.90309e-29)
(7.83756e-92 1.34916e-29 -2.32804e-29)
(8.01264e-86 1.5663e-29 -2.85906e-29)
(7.31132e-80 1.76467e-29 -3.52964e-29)
(5.87363e-74 1.87454e-29 -4.38521e-29)
(4.0762e-68 1.73658e-29 -5.47144e-29)
(2.37805e-62 1.00974e-29 -6.75378e-29)
(1.11988e-56 -8.96597e-30 -7.85493e-29)
(3.99911e-51 -4.32833e-29 -7.60295e-29)
(-3.26021e-284 6.39719e-32 -9.26423e-33)
(-1.04417e-277 6.65004e-32 -2.8359e-32)
(-3.28288e-271 7.17191e-32 -4.87115e-32)
(-1.01256e-264 7.98178e-32 -7.08494e-32)
(-3.06182e-258 9.1096e-32 -9.56036e-32)
(-9.07032e-252 1.0597e-31 -1.2389e-31)
(-2.63041e-245 1.2499e-31 -1.56763e-31)
(-7.46167e-239 1.4886e-31 -1.95458e-31)
(-2.06866e-232 1.78468e-31 -2.41436e-31)
(-5.60005e-226 2.1492e-31 -2.96444e-31)
(-1.47884e-219 2.5958e-31 -3.62589e-31)
(-3.80561e-213 3.1413e-31 -4.42422e-31)
(-9.5328e-207 3.80634e-31 -5.39049e-31)
(-2.32161e-200 4.6162e-31 -6.56268e-31)
(-5.48995e-194 5.60188e-31 -7.98726e-31)
(-1.25879e-187 6.80131e-31 -9.72114e-31)
(-2.79437e-181 8.2609e-31 -1.18338e-30)
(-5.99583e-175 1.00374e-30 -1.44098e-30)
(-1.24127e-168 1.21999e-30 -1.75517e-30)
(-2.4745e-162 1.48326e-30 -2.1383e-30)
(-4.73989e-156 1.80374e-30 -2.60516e-30)
(-8.70315e-150 2.1937e-30 -3.17345e-30)
(-1.52779e-143 2.66784e-30 -3.86433e-30)
(-2.5565e-137 3.24363e-30 -4.70322e-30)
(-4.06435e-131 3.94161e-30 -5.72101e-30)
(-6.11612e-125 4.78561e-30 -6.95571e-30)
(-8.67477e-119 5.80273e-30 -8.45501e-30)
(-1.15405e-112 7.02269e-30 -1.02796e-29)
(-1.43195e-106 8.47607e-30 -1.25081e-29)
(-1.64629e-100 1.01901e-29 -1.52436e-29)
(-1.74009e-94 1.21791e-29 -1.86236e-29)
(-1.67509e-88 1.44251e-29 -2.28362e-29)
(-1.4518e-82 1.68346e-29 -2.81479e-29)
(-1.11662e-76 1.91432e-29 -3.49518e-29)
(-7.48057e-71 2.06914e-29 -4.38343e-29)
(-4.2574e-65 1.9884e-29 -5.55397e-29)
(-1.98721e-59 1.30355e-29 -7.02075e-29)
(-7.21384e-54 -6.96469e-30 -8.41297e-29)
(-1.86459e-48 -4.71559e-29 -8.30289e-29)
(-1.64951e-283 6.75259e-32 -9.00428e-33)
(-5.18322e-277 7.01958e-32 -2.75625e-32)
(-1.59754e-270 7.57052e-32 -4.73422e-32)
(-4.82636e-264 8.42544e-32 -6.88571e-32)
(-1.42819e-257 9.61597e-32 -9.29146e-32)
(-4.1364e-251 1.1186e-31 -1.20405e-31)
(-1.17158e-244 1.31937e-31 -1.52353e-31)
(-3.24237e-238 1.57134e-31 -1.89959e-31)
(-8.75971e-232 1.88387e-31 -2.34644e-31)
(-2.30794e-225 2.26864e-31 -2.88105e-31)
(-5.92388e-219 2.74005e-31 -3.52389e-31)
(-1.47959e-212 3.31586e-31 -4.29975e-31)
(-3.59168e-206 4.01785e-31 -5.23885e-31)
(-8.4625e-200 4.87271e-31 -6.37807e-31)
(-1.93252e-193 5.91315e-31 -7.7626e-31)
(-4.27065e-187 7.17924e-31 -9.44774e-31)
(-9.11748e-181 8.71998e-31 -1.15011e-30)
(-1.87698e-174 1.05953e-30 -1.40048e-30)
(-3.71846e-168 1.28782e-30 -1.70587e-30)
(-7.07307e-162 1.56576e-30 -2.07827e-30)
(-1.28858e-155 1.90412e-30 -2.5321e-30)
(-2.24216e-149 2.31589e-30 -3.08459e-30)
(-3.71465e-143 2.81661e-30 -3.75634e-30)
(-5.83897e-137 3.42482e-30 -4.5722e-30)
(-8.67311e-131 4.16234e-30 -5.56236e-30)
(-1.21179e-124 5.05461e-30 -6.76418e-30)
(-1.58403e-118 6.13073e-30 -8.22467e-30)
(-1.92497e-112 7.42309e-30 -1.00042e-29)
(-2.1583e-106 8.96583e-30 -1.21813e-29)
(-2.21199e-100 1.07913e-29 -1.48606e-29)
(-2.04813e-94 1.29217e-29 -1.81839e-29)
(-1.68732e-88 1.53517e-29 -2.23493e-29)
(-1.21113e-82 1.801e-29 -2.7647e-29)
(-7.3414e-77 2.06705e-29 -3.45251e-29)
(-3.56478e-71 2.2733e-29 -4.3704e-29)
(-1.23722e-65 2.26463e-29 -5.62456e-29)
(-1.94924e-60 1.65037e-29 -7.29076e-29)
(7.52121e-55 -4.15504e-30 -9.05876e-29)
(6.02757e-49 -4.9358e-29 -9.33628e-29)
(-6.04488e-287 7.09759e-32 -8.7304e-33)
(-1.89247e-280 7.3783e-32 -2.67233e-32)
(-5.81204e-274 7.95745e-32 -4.58998e-32)
(-1.74985e-267 8.85611e-32 -6.67585e-32)
(-5.16103e-261 1.01075e-31 -9.00824e-32)
(-1.4901e-254 1.17578e-31 -1.16734e-31)
(-4.20812e-248 1.38681e-31 -1.47709e-31)
(-1.16143e-241 1.65165e-31 -1.84168e-31)
(-3.12996e-235 1.98015e-31 -2.2749e-31)
(-8.22828e-229 2.38458e-31 -2.79321e-31)
(-2.10794e-222 2.88008e-31 -3.41645e-31)
(-5.25662e-216 3.48531e-31 -4.16866e-31)
(-1.27451e-209 4.22316e-31 -5.07912e-31)
(-3.00064e-203 5.1217e-31 -6.18362e-31)
(-6.8505e-197 6.21532e-31 -7.52596e-31)
(-1.51434e-190 7.54612e-31 -9.15977e-31)
(-3.23603e-184 9.16564e-31 -1.11506e-30)
(-6.67309e-178 1.11369e-30 -1.35782e-30)
(-1.32535e-171 1.35367e-30 -1.65393e-30)
(-2.5299e-165 1.64586e-30 -2.01504e-30)
(-4.63057e-159 2.00159e-30 -2.45513e-30)
(-8.10593e-153 2.43454e-30 -2.99095e-30)
(-1.3532e-146 2.96111e-30 -3.64254e-30)
(-2.14739e-140 3.60085e-30 -4.43408e-30)
(-3.2276e-134 4.37686e-30 -5.39505e-30)
(-4.57592e-128 5.31618e-30 -6.56204e-30)
(-6.09065e-122 6.44996e-30 -7.98132e-30)
(-7.56958e-116 7.81326e-30 -9.71262e-30)
(-8.72862e-110 9.44399e-30 -1.18345e-29)
(-9.26877e-104 1.13799e-29 -1.44524e-29)
(-8.98226e-98 1.36518e-29 -1.77115e-29)
(-7.85685e-92 1.62688e-29 -2.18185e-29)
(-6.11818e-86 1.91851e-29 -2.70842e-29)
(-4.16681e-80 2.22221e-29 -3.40072e-29)
(-2.42377e-74 2.48621e-29 -4.34392e-29)
(-1.16455e-68 2.56533e-29 -5.67856e-29)
(-4.39122e-63 2.05566e-29 -7.55678e-29)
(-1.18792e-57 -3.63694e-31 -9.7302e-29)
(-1.87004e-52 -5.01055e-29 -1.02527e-28)
(-3.4817e-284 7.43164e-32 -8.44302e-33)
(-1.11531e-277 7.72564e-32 -2.58429e-32)
(-3.50717e-271 8.33211e-32 -4.43866e-32)
(-1.08193e-264 9.27313e-32 -6.4557e-32)
(-3.27214e-258 1.05835e-31 -8.71112e-32)
(-9.69498e-252 1.23115e-31 -1.12884e-31)
(-2.81202e-245 1.45211e-31 -1.42836e-31)
(-7.97806e-239 1.72942e-31 -1.78092e-31)
(-2.21215e-232 2.07338e-31 -2.19985e-31)
(-5.98929e-226 2.49685e-31 -2.70106e-31)
(-1.58182e-219 3.01567e-31 -3.30374e-31)
(-4.07108e-213 3.64939e-31 -4.03114e-31)
(-1.01988e-206 4.42197e-31 -4.91157e-31)
(-2.48398e-200 5.3628e-31 -5.97964e-31)
(-5.87421e-194 6.50791e-31 -7.27771e-31)
(-1.34693e-187 7.90137e-31 -8.85767e-31)
(-2.99e-181 9.59718e-31 -1.07829e-30)
(-6.41525e-175 1.16613e-30 -1.31306e-30)
(-1.32797e-168 1.41743e-30 -1.59943e-30)
(-2.64692e-162 1.72342e-30 -1.94869e-30)
(-5.06902e-156 2.09599e-30 -2.37436e-30)
(-9.30462e-150 2.54947e-30 -2.89268e-30)
(-1.63271e-143 3.1011e-30 -3.52308e-30)
(-2.73063e-137 3.77143e-30 -4.28905e-30)
(-4.33828e-131 4.58484e-30 -5.2193e-30)
(-6.52287e-125 5.56992e-30 -6.34956e-30)
(-9.24206e-119 6.75988e-30 -7.72525e-30)
(-1.22794e-112 8.19253e-30 -9.40535e-30)
(-1.52125e-106 9.90965e-30 -1.1468e-29)
(-1.74564e-100 1.19547e-29 -1.40191e-29)
(-1.84089e-94 1.43678e-29 -1.72061e-29)
(-1.76734e-88 1.71737e-29 -2.12427e-29)
(-1.52696e-82 2.03554e-29 -2.64563e-29)
(-1.17029e-76 2.37902e-29 -3.33897e-29)
(-7.81088e-71 2.70668e-29 -4.30177e-29)
(-4.42991e-65 2.88984e-29 -5.71067e-29)
(-2.06303e-59 2.52467e-29 -7.8111e-29)
(-7.49509e-54 4.57941e-30 -1.0472e-28)
(-1.95161e-48 -5.53757e-29 -1.13232e-28)
(-2.81237e-283 7.75425e-32 -8.14258e-33)
(-8.81771e-277 8.06106e-32 -2.49226e-32)
(-2.71141e-270 8.69393e-32 -4.28048e-32)
(-8.17129e-264 9.67585e-32 -6.22558e-32)
(-2.41171e-257 1.10431e-31 -8.40056e-32)
(-6.96563e-251 1.28462e-31 -1.08859e-31)
(-1.96715e-244 1.51517e-31 -1.37743e-31)
(-5.42715e-238 1.80452e-31 -1.71742e-31)
(-1.46135e-231 2.16342e-31 -2.12141e-31)
(-3.8366e-225 2.60526e-31 -2.60475e-31)
(-9.81016e-219 3.14661e-31 -3.18594e-31)
(-2.44026e-212 3.80784e-31 -3.8874e-31)
(-5.89768e-206 4.61396e-31 -4.73644e-31)
(-1.38299e-199 5.59564e-31 -5.76643e-31)
(-3.14199e-193 6.79046e-31 -7.01824e-31)
(-6.90467e-187 8.24445e-31 -8.54192e-31)
(-1.4651e-180 1.00139e-30 -1.03986e-30)
(-2.99597e-174 1.21678e-30 -1.26628e-30)
(-5.89153e-168 1.47902e-30 -1.54247e-30)
(-1.11151e-161 1.79835e-30 -1.87933e-30)
(-2.00656e-155 2.18717e-30 -2.28992e-30)
(-3.45585e-149 2.6605e-30 -2.78993e-30)
(-5.65942e-143 3.23637e-30 -3.39815e-30)
(-8.77898e-137 3.93631e-30 -4.13733e-30)
(-1.28428e-130 4.78592e-30 -5.03535e-30)
(-1.76272e-124 5.81538e-30 -6.12703e-30)
(-2.25612e-118 7.05995e-30 -7.4568e-30)
(-2.67294e-112 8.56021e-30 -9.08267e-30)
(-2.90452e-106 1.03619e-29 -1.10821e-29)
(-2.86081e-100 1.25145e-29 -1.35608e-29)
(-2.51369e-94 1.50678e-29 -1.66677e-29)
(-1.92528e-88 1.80632e-29 -2.0621e-29)
(-1.23792e-82 2.15156e-29 -2.57609e-29)
(-6.20124e-77 2.53653e-29 -3.26649e-29)
(-1.93412e-71 2.93311e-29 -4.24175e-29)
(1.53835e-66 3.23653e-29 -5.71496e-29)
(6.48791e-60 3.06214e-29 -8.04316e-29)
(4.39783e-54 1.10916e-29 -1.13427e-28)
(1.64578e-48 -5.82026e-29 -1.29674e-28)
(-8.56141e-287 8.06489e-32 -7.82956e-33)
(-2.66629e-280 8.38406e-32 -2.39637e-32)
(-8.1433e-274 9.04234e-32 -4.1157e-32)
(-2.43739e-267 1.00636e-31 -5.98586e-32)
(-7.14435e-261 1.14857e-31 -8.07705e-32)
(-2.04917e-254 1.33611e-31 -1.04667e-31)
(-5.7466e-248 1.5759e-31 -1.32438e-31)
(-1.57427e-241 1.87684e-31 -1.65128e-31)
(-4.20895e-235 2.25012e-31 -2.0397e-31)
(-1.09713e-228 2.70967e-31 -2.50442e-31)
(-2.78524e-222 3.2727e-31 -3.06323e-31)
(-6.8783e-216 3.96042e-31 -3.73767e-31)
(-1.65033e-209 4.79884e-31 -4.55401e-31)
(-3.84186e-203 5.81986e-31 -5.54433e-31)
(-8.66477e-197 7.06256e-31 -6.74795e-31)
(-1.89026e-190 8.57483e-31 -8.21298e-31)
(-3.98177e-184 1.04153e-30 -9.99823e-31)
(-8.08333e-178 1.26556e-30 -1.21754e-30)
(-1.57815e-171 1.53833e-30 -1.48312e-30)
(-2.9562e-165 1.8705e-30 -1.80706e-30)
(-5.29936e-159 2.275e-30 -2.20193e-30)
(-9.06468e-153 2.76747e-30 -2.68284e-30)
(-1.47468e-146 3.3667e-30 -3.26792e-30)
(-2.27324e-140 4.09521e-30 -3.97914e-30)
(-3.30626e-134 4.97979e-30 -4.84348e-30)
(-4.51466e-128 6.05218e-30 -5.89475e-30)
(-5.75416e-122 7.34965e-30 -7.17629e-30)
(-6.79816e-116 8.91561e-30 -8.74496e-30)
(-7.38217e-110 1.07998e-29 -1.06771e-29)
(-7.2908e-104 1.30579e-29 -1.30779e-29)
(-6.46021e-98 1.57497e-29 -1.60964e-29)
(-5.04187e-92 1.89342e-29 -1.99531e-29)
(-3.37459e-86 2.26598e-29 -2.49959e-29)
(-1.85551e-80 2.69365e-29 -3.18266e-29)
(-7.70858e-75 3.16343e-29 -4.16177e-29)
(-1.89311e-69 3.6026e-29 -5.68486e-29)
(1.43125e-64 3.67116e-29 -8.23657e-29)
(3.43867e-58 1.95905e-29 -1.22485e-28)
(1.26837e-52 -5.87212e-29 -1.44347e-28)
(-1.86022e-286 8.3631e-32 -7.50444e-33)
(-5.79988e-280 8.69412e-32 -2.29679e-32)
(-1.77371e-273 9.3768e-32 -3.94456e-32)
(-5.31705e-267 1.04359e-31 -5.73691e-32)
(-1.56129e-260 1.19106e-31 -7.74108e-32)
(-4.4875e-254 1.38553e-31 -1.00313e-31)
(-1.26156e-247 1.6342e-31 -1.26929e-31)
(-3.46615e-241 1.94627e-31 -1.58258e-31)
(-9.29964e-235 2.33335e-31 -1.95485e-31)
(-2.4344e-228 2.80989e-31 -2.40023e-31)
(-6.21214e-222 3.39375e-31 -2.93579e-31)
(-1.54393e-215 4.1069e-31 -3.58217e-31)
(-3.73389e-209 4.97632e-31 -4.36455e-31)
(-8.77935e-203 6.0351e-31 -5.31369e-31)
(-2.00529e-196 7.32377e-31 -6.46725e-31)
(-4.44623e-190 8.892e-31 -7.87137e-31)
(-9.5647e-184 1.08006e-30 -9.58244e-31)
(-1.99566e-177 1.31239e-30 -1.16691e-30)
(-4.039e-171 1.59528e-30 -1.42148e-30)
(-7.93383e-165 1.93978e-30 -1.73199e-30)
(-1.5144e-158 2.35934e-30 -2.11053e-30)
(-2.81437e-152 2.87019e-30 -2.57159e-30)
(-5.10536e-146 3.49188e-30 -3.1326e-30)
(-9.06701e-140 4.24787e-30 -3.81471e-30)
(-1.58082e-133 5.16613e-30 -4.64396e-30)
(-2.71005e-127 6.2799e-30 -5.65306e-30)
(-4.56596e-121 7.62848e-30 -6.88411e-30)
(-7.53557e-115 9.25807e-30 -8.39263e-30)
(-1.21069e-108 1.12225e-29 -1.02536e-29)
(-1.87719e-102 1.35837e-29 -1.25708e-29)
(-2.77955e-96 1.64115e-29 -1.54924e-29)
(-3.88404e-90 1.97833e-29 -1.9239e-29)
(-5.05458e-84 2.37821e-29 -2.41604e-29)
(-6.03243e-78 2.84915e-29 -3.087e-29)
(-6.47573e-72 3.39517e-29 -4.05996e-29)
(-6.08472e-66 3.98373e-29 -5.61342e-29)
(-4.78864e-60 4.35179e-29 -8.37187e-29)
(-2.89449e-54 3.0531e-29 -1.32513e-28)
(-1.0553e-48 -5.59125e-29 -1.67132e-28)
(-6.03992e-283 8.64841e-32 -7.16771e-33)
(-1.89699e-276 8.99078e-32 -2.19365e-32)
(-5.84493e-270 9.6968e-32 -3.76734e-32)
(-1.76567e-263 1.07921e-31 -5.4791e-32)
(-5.2261e-257 1.23172e-31 -7.39316e-32)
(-1.51462e-250 1.43283e-31 -9.58039e-32)
(-4.29532e-244 1.68998e-31 -1.21223e-31)
(-1.19115e-237 2.01269e-31 -1.51145e-31)
(-3.22799e-231 2.41298e-31 -1.86698e-31)
(-8.5431e-225 2.90578e-31 -2.29234e-31)
(-2.20681e-218 3.50956e-31 -2.80382e-31)
(-5.56115e-212 4.24704e-31 -3.42115e-31)
(-1.36663e-205 5.14613e-31 -4.16837e-31)
(-3.27452e-199 6.24104e-31 -5.07484e-31)
(-7.65045e-193 7.5737e-31 -6.17657e-31)
(-1.74364e-186 9.19546e-31 -7.51762e-31)
(-3.88002e-180 1.11692e-30 -9.15185e-31)
(-8.4416e-174 1.3572e-30 -1.11449e-30)
(-1.79915e-167 1.64977e-30 -1.35764e-30)
(-3.7653e-161 2.00608e-30 -1.65424e-30)
(-7.75784e-155 2.44005e-30 -2.01585e-30)
(-1.57725e-148 2.96851e-30 -2.45633e-30)
(-3.16888e-142 3.61173e-30 -2.99239e-30)
(-6.29124e-136 4.39406e-30 -3.64429e-30)
(-1.23179e-129 5.34462e-30 -4.43708e-30)
(-2.36925e-123 6.49815e-30 -5.40228e-30)
(-4.45198e-117 7.89592e-30 -6.58065e-30)
(-8.1186e-111 9.58692e-30 -8.02615e-30)
(-1.42646e-104 1.1629e-29 -9.81201e-30)
(-2.39686e-98 1.40904e-29 -1.20401e-29)
(-3.82201e-92 1.70514e-29 -1.48564e-29)
(-5.73735e-86 2.06072e-29 -1.8479e-29)
(-8.0361e-80 2.48762e-29 -2.32543e-29)
(-1.0393e-73 3.00173e-29 -2.97926e-29)
(-1.22445e-67 3.6254e-29 -3.93486e-29)
(-1.28916e-61 4.37392e-29 -5.49354e-29)
(-1.17543e-55 5.09947e-29 -8.4227e-29)
(-8.71336e-50 4.44016e-29 -1.42371e-28)
(-4.35196e-44 -4.87587e-29 -1.91345e-28)
(1.09841e-281 8.92039e-32 -6.8199e-33)
(3.12607e-275 9.27357e-32 -2.08713e-32)
(8.08034e-269 1.00019e-31 -3.5843e-32)
(1.7483e-262 1.11317e-31 -5.21283e-32)
(2.23961e-256 1.27047e-31 -7.03385e-32)
(-5.43559e-250 1.47791e-31 -9.11474e-32)
(-6.21628e-243 1.74315e-31 -1.15331e-31)
(-3.4979e-236 2.07602e-31 -1.43798e-31)
(-1.60117e-229 2.4889e-31 -1.77623e-31)
(-6.57471e-223 2.9972e-31 -2.18092e-31)
(-2.51124e-216 3.61997e-31 -2.66754e-31)
(-9.07748e-210 4.38064e-31 -3.25486e-31)
(-3.13446e-203 5.30801e-31 -3.96575e-31)
(-1.03954e-196 6.43736e-31 -4.82817e-31)
(-3.32222e-190 7.81195e-31 -5.87637e-31)
(-1.02512e-183 9.48475e-31 -7.15226e-31)
(-3.05743e-177 1.15207e-30 -8.70714e-31)
(-8.81864e-171 1.39992e-30 -1.06035e-30)
(-2.46002e-164 1.70172e-30 -1.2917e-30)
(-6.63516e-158 2.06929e-30 -1.57393e-30)
(-1.72941e-151 2.51701e-30 -1.91805e-30)
(-4.35238e-145 3.06227e-30 -2.33725e-30)
(-1.05656e-138 3.72603e-30 -2.84749e-30)
(-2.4709e-132 4.53353e-30 -3.46813e-30)
(-5.55867e-126 5.51498e-30 -4.22314e-30)
(-1.2009e-119 6.70655e-30 -5.1428e-30)
(-2.48668e-113 8.1515e-30 -6.26635e-30)
(-4.92437e-107 9.90151e-30 -7.64601e-30)
(-9.30277e-101 1.20185e-29 -9.3529e-30)
(-1.67174e-94 1.45769e-29 -1.14864e-29)
(-2.8485e-88 1.76672e-29 -1.41891e-29)
(-4.58506e-82 2.14025e-29 -1.7674e-29)
(-6.94236e-76 2.59355e-29 -2.22784e-29)
(-9.83927e-70 3.15001e-29 -2.85944e-29)
(-1.29781e-63 3.85084e-29 -3.78553e-29)
(-1.58235e-57 4.76526e-29 -5.3186e-29)
(-1.76889e-51 5.90289e-29 -8.35862e-29)
(-1.79518e-45 6.17236e-29 -1.52464e-28)
(-1.63378e-39 -4.32246e-29 -2.23593e-28)
(-2.01757e-280 9.1786e-32 -6.46155e-33)
(-5.42126e-274 9.54205e-32 -1.97738e-32)
(-1.27885e-267 1.02915e-31 -3.39572e-32)
(-2.25441e-261 1.1454e-31 -4.93852e-32)
(-2.85901e-256 1.30727e-31 -6.66368e-32)
(2.37533e-248 1.52071e-31 -8.63504e-32)
(1.59292e-241 1.79363e-31 -1.09261e-31)
(7.76236e-235 2.13614e-31 -1.3623e-31)
(3.28866e-228 2.56098e-31 -1.68274e-31)
(1.27929e-221 3.08399e-31 -2.06613e-31)
(4.67876e-215 3.72479e-31 -2.52714e-31)
(1.62854e-208 4.50749e-31 -3.08354e-31)
(5.4322e-202 5.46171e-31 -3.75702e-31)
(1.74361e-195 6.62376e-31 -4.57406e-31)
(5.39884e-189 8.03815e-31 -5.56709e-31)
(1.61496e-182 9.75943e-31 -6.77587e-31)
(4.67053e-176 1.18544e-30 -8.24897e-31)
(1.30625e-169 1.44047e-30 -1.00456e-30)
(3.53256e-163 1.75104e-30 -1.22377e-30)
(9.23366e-157 2.12932e-30 -1.49119e-30)
(2.33122e-150 2.5901e-30 -1.81726e-30)
(5.67964e-144 3.15132e-30 -2.21453e-30)
(1.33381e-137 3.83462e-30 -2.69813e-30)
(3.01522e-131 4.66605e-30 -3.2865e-30)
(6.55115e-125 5.6769e-30 -4.00247e-30)
(1.36557e-118 6.90475e-30 -4.87498e-30)
(2.72534e-112 8.39473e-30 -5.94166e-30)
(5.19567e-106 1.02012e-29 -7.25275e-30)
(9.43716e-100 1.23901e-29 -8.87692e-30)
(1.62831e-93 1.50419e-29 -1.09104e-29)
(2.65993e-87 1.8257e-29 -1.34913e-29)
(4.09807e-81 2.21659e-29 -1.68253e-29)
(5.92864e-75 2.69538e-29 -2.12347e-29)
(8.01299e-69 3.29261e-29 -2.72781e-29)
(1.00584e-62 4.06792e-29 -3.61181e-29)
(1.16448e-56 5.14788e-29 -5.08313e-29)
(1.23311e-50 6.74138e-29 -8.14128e-29)
(1.18242e-44 8.33404e-29 -1.62821e-28)
(1.01406e-38 -4.06606e-29 -2.62682e-28)
(3.14449e-278 9.42265e-32 -6.0932e-33)
(1.13496e-271 9.79582e-32 -1.86457e-32)
(4.03391e-265 1.05652e-31 -3.2019e-32)
(1.41121e-258 1.17588e-31 -4.65659e-32)
(4.85692e-252 1.34205e-31 -6.28323e-32)
(1.64365e-245 1.56117e-31 -8.14201e-32)
(5.46645e-239 1.84135e-31 -1.03023e-31)
(1.78565e-232 2.19297e-31 -1.28451e-31)
(5.72564e-226 2.6291e-31 -1.58666e-31)
(1.80098e-219 3.16603e-31 -1.94816e-31)
(5.55338e-213 3.82387e-31 -2.38284e-31)
(1.67749e-206 4.62739e-31 -2.90747e-31)
(4.96005e-200 5.60699e-31 -3.5425e-31)
(1.43445e-193 6.79995e-31 -4.31289e-31)
(4.05403e-187 8.25197e-31 -5.24923e-31)
(1.11864e-180 1.00191e-30 -6.38902e-31)
(3.01069e-174 1.21698e-30 -7.77807e-31)
(7.89522e-168 1.47881e-30 -9.47225e-31)
(2.01508e-161 1.79767e-30 -1.15393e-30)
(4.99947e-155 2.18606e-30 -1.40612e-30)
(1.20418e-148 2.6592e-30 -1.71365e-30)
(2.81177e-142 3.23552e-30 -2.08835e-30)
(6.35509e-136 3.93731e-30 -2.54454e-30)
(1.38801e-129 4.7914e-30 -3.09967e-30)
(2.92416e-123 5.83013e-30 -3.7754e-30)
(5.93033e-117 7.09239e-30 -4.59923e-30)
(1.15523e-110 8.62516e-30 -5.60706e-30)
(2.15635e-104 1.04854e-29 -6.84694e-30)
(3.84638e-98 1.27429e-29 -8.38476e-30)
(6.53672e-92 1.54841e-29 -1.0313e-29)
(1.0548e-85 1.88189e-29 -1.27643e-29)
(1.60995e-79 2.2894e-29 -1.59347e-29)
(2.31414e-73 2.79251e-29 -2.01263e-29)
(3.11683e-67 3.42818e-29 -2.58493e-29)
(3.91057e-61 4.27302e-29 -3.41447e-29)
(4.53918e-55 5.51015e-29 -4.78391e-29)
(4.83458e-49 7.58025e-29 -7.72139e-29)
(4.67793e-43 1.10541e-28 -1.74097e-28)
(4.06165e-37 6.4454e-29 -7.81923e-28)
(-8.14634e-278 9.65217e-32 -5.71542e-33)
(-2.95051e-271 1.00345e-31 -1.74889e-32)
(-1.05244e-264 1.08227e-31 -3.00314e-32)
(-3.6954e-258 1.20453e-31 -4.36747e-32)
(-1.27667e-251 1.37476e-31 -5.89308e-32)
(-4.33732e-245 1.59923e-31 -7.63643e-32)
(-1.4483e-238 1.88623e-31 -9.66253e-32)
(-4.75054e-232 2.24642e-31 -1.20474e-31)
(-1.52972e-225 2.69318e-31 -1.48813e-31)
(-4.8327e-219 3.24319e-31 -1.82718e-31)
(-1.49687e-212 3.91706e-31 -2.23486e-31)
(-4.54241e-206 4.74015e-31 -2.72692e-31)
(-1.34948e-199 5.74362e-31 -3.32251e-31)
(-3.92171e-193 6.96565e-31 -4.04506e-31)
(-1.11389e-186 8.45306e-31 -4.92327e-31)
(-3.08934e-180 1.02632e-30 -5.9923e-31)
(-8.35844e-174 1.24664e-30 -7.29515e-31)
(-2.20376e-167 1.51487e-30 -8.88424e-31)
(-5.65582e-161 1.84153e-30 -1.08232e-30)
(-1.41122e-154 2.23944e-30 -1.31888e-30)
(-3.41893e-148 2.7242e-30 -1.60737e-30)
(-8.03109e-142 3.31474e-30 -1.95891e-30)
(-1.82633e-135 4.03393e-30 -2.38696e-30)
(-4.01406e-129 4.90939e-30 -2.90794e-30)
(-8.51127e-123 5.97439e-30 -3.54227e-30)
(-1.73759e-116 7.26913e-30 -4.31597e-30)
(-3.4079e-110 8.84234e-30 -5.26306e-30)
(-6.40562e-104 1.07535e-29 -6.4292e-30)
(-1.15079e-97 1.30761e-29 -7.87719e-30)
(-1.9701e-91 1.59023e-29 -9.69517e-30)
(-3.20305e-85 1.9351e-29 -1.20093e-29)
(-4.92672e-79 2.35841e-29 -1.50041e-29)
(-7.13795e-73 2.88437e-29 -1.89572e-29)
(-9.69223e-67 3.55547e-29 -2.43171e-29)
(-1.22622e-60 4.46261e-29 -3.19541e-29)
(-1.43556e-54 5.83928e-29 -4.42168e-29)
(-1.54245e-48 8.36329e-29 -7.03248e-29)
(-1.50596e-42 1.40956e-28 -1.65098e-28)
(-1.31969e-36 2.66987e-28 -7.28618e-28)
(1.59211e-278 9.8668e-32 -5.32879e-33)
(5.7941e-272 1.02577e-31 -1.63049e-32)
(2.07711e-265 1.10635e-31 -2.79973e-32)
(7.33143e-259 1.23134e-31 -4.07161e-32)
(2.54661e-252 1.40535e-31 -5.49384e-32)
(8.70079e-246 1.63481e-31 -7.11906e-32)
(2.92241e-239 1.92821e-31 -9.00788e-32)
(9.64408e-233 2.29641e-31 -1.12312e-31)
(3.12505e-226 2.7531e-31 -1.3873e-31)
(9.93698e-220 3.31535e-31 -1.70338e-31)
(3.09855e-213 4.00421e-31 -2.08344e-31)
(9.46802e-207 4.84561e-31 -2.54216e-31)
(2.83288e-200 5.8714e-31 -3.0974e-31)
(8.29303e-194 7.12061e-31 -3.771e-31)
(2.37325e-187 8.64112e-31 -4.58972e-31)
(6.63314e-181 1.04916e-30 -5.58634e-31)
(1.80891e-174 1.27439e-30 -6.80097e-31)
(4.80817e-168 1.5486e-30 -8.28248e-31)
(1.24428e-161 1.88255e-30 -1.00902e-30)
(3.13118e-155 2.28936e-30 -1.22959e-30)
(7.6521e-149 2.785e-30 -1.49858e-30)
(1.81352e-142 3.38885e-30 -1.8264e-30)
(4.16165e-136 4.12434e-30 -2.22561e-30)
(9.23181e-130 5.0198e-30 -2.71158e-30)
(1.97604e-123 6.10944e-30 -3.30345e-30)
(4.07308e-117 7.43466e-30 -4.02564e-30)
(8.06707e-111 9.04588e-30 -4.91018e-30)
(1.53151e-104 1.1005e-29 -6.00018e-30)
(2.77945e-98 1.3389e-29 -7.35501e-30)
(4.8076e-92 1.62954e-29 -9.058e-30)
(7.89867e-86 1.98517e-29 -1.12279e-29)
(1.22792e-79 2.42331e-29 -1.40361e-29)
(1.79837e-73 2.97048e-29 -1.77322e-29)
(2.46884e-67 3.67342e-29 -2.26929e-29)
(3.15843e-61 4.63359e-29 -2.95771e-29)
(3.73957e-55 6.12265e-29 -4.00377e-29)
(4.06422e-49 9.0183e-29 -6.07011e-29)
(4.0143e-43 1.6861e-28 -1.37427e-28)
(3.55927e-37 4.6405e-28 -6.99762e-28)
(2.03292e-279 1.00662e-31 -4.9339e-33)
(7.98904e-273 1.0465e-31 -1.50958e-32)
(3.07232e-266 1.12872e-31 -2.592e-32)
(1.15671e-259 1.25624e-31 -3.76947e-32)
(4.26455e-253 1.43377e-31 -5.08613e-32)
(1.53972e-246 1.66788e-31 -6.59072e-32)
(5.44382e-240 1.96721e-31 -8.33934e-32)
(1.88447e-233 2.34285e-31 -1.03976e-31)
(6.38533e-227 2.80878e-31 -1.28434e-31)
(2.11707e-220 3.3824e-31 -1.57696e-31)
(6.86531e-214 4.08518e-31 -1.92881e-31)
(2.17641e-207 4.9436e-31 -2.35348e-31)
(6.74107e-201 5.99012e-31 -2.86751e-31)
(2.03866e-194 7.2646e-31 -3.49112e-31)
(6.01563e-188 8.81586e-31 -4.24908e-31)
(1.73059e-181 1.07038e-30 -5.17175e-31)
(4.84959e-175 1.30017e-30 -6.29628e-31)
(1.32253e-168 1.57993e-30 -7.66792e-31)
(3.50629e-162 1.92066e-30 -9.34165e-31)
(9.0269e-156 2.33575e-30 -1.13839e-30)
(2.25395e-149 2.8415e-30 -1.38747e-30)
(5.45104e-143 3.45773e-30 -1.69104e-30)
(1.27499e-136 4.20838e-30 -2.06077e-30)
(2.87954e-130 5.12246e-30 -2.51092e-30)
(6.26847e-124 6.23504e-30 -3.0593e-30)
(1.31273e-117 7.58867e-30 -3.72869e-30)
(2.63896e-111 9.23535e-30 -4.54899e-30)
(5.08031e-105 1.12393e-29 -5.56057e-30)
(9.34106e-99 1.36807e-29 -6.8191e-30)
(1.63552e-92 1.66624e-29 -8.40262e-30)
(2.71775e-86 2.03194e-29 -1.04218e-29)
(4.26979e-80 2.48388e-29 -1.30335e-29)
(6.31479e-74 3.0504e-29 -1.6457e-29)
(8.74769e-68 3.78117e-29 -2.09908e-29)
(1.12844e-61 4.78359e-29 -2.70556e-29)
(1.34627e-55 6.34987e-29 -3.54474e-29)
(1.47333e-49 9.47568e-29 -4.88481e-29)
(1.46441e-43 1.87567e-28 -9.03255e-29)
(1.30578e-37 6.93786e-28 -7.68864e-28)
(4.8626e-283 1.02501e-31 -4.53136e-33)
(1.90636e-276 1.06562e-31 -1.38632e-32)
(7.30265e-270 1.14935e-31 -2.38026e-32)
(2.73521e-263 1.2792e-31 -3.4615e-32)
(1.00211e-256 1.45999e-31 -4.67056e-32)
(3.59204e-250 1.69837e-31 -6.0522e-32)
(1.25975e-243 2.00317e-31 -7.65793e-32)
(4.32213e-237 2.38568e-31 -9.54805e-32)
(1.4504e-230 2.86013e-31 -1.1794e-31)
(4.75899e-224 3.44423e-31 -1.4481e-31)
(1.52616e-217 4.15986e-31 -1.7712e-31)
(4.78103e-211 5.03396e-31 -2.16117e-31)
(1.46228e-204 6.09961e-31 -2.6332e-31)
(4.36351e-198 7.39738e-31 -3.20585e-31)
(1.26945e-191 8.977e-31 -3.90188e-31)
(3.59751e-185 1.08994e-30 -4.74918e-31)
(9.92202e-179 1.32394e-30 -5.78186e-31)
(2.66051e-172 1.60883e-30 -7.04149e-31)
(6.92803e-166 1.95581e-30 -8.57859e-31)
(1.74984e-159 2.37853e-30 -1.04542e-30)
(4.28095e-153 2.89362e-30 -1.27419e-30)
(1.01294e-146 3.52126e-30 -1.55303e-30)
(2.31422e-140 4.28592e-30 -1.89267e-30)
(5.09571e-134 5.2172e-30 -2.30625e-30)
(1.07917e-127 6.35097e-30 -2.81021e-30)
(2.19309e-121 7.73088e-30 -3.42558e-30)
(4.26553e-115 9.41041e-30 -4.18006e-30)
(7.91678e-109 1.14559e-29 -5.1111e-30)
(1.39733e-102 1.39507e-29 -6.27038e-30)
(2.33611e-96 1.70022e-29 -7.73027e-30)
(3.68195e-90 2.07526e-29 -9.59265e-30)
(5.43963e-84 2.5399e-29 -1.19992e-29)
(7.47958e-78 3.12381e-29 -1.51376e-29)
(9.48434e-72 3.87815e-29 -1.92265e-29)
(1.09527e-65 4.91118e-29 -2.44397e-29)
(1.1309e-59 6.5148e-29 -3.06536e-29)
(1.01276e-53 9.68703e-29 -3.58875e-29)
(7.40106e-48 1.89986e-28 -1.76114e-29)
(3.69602e-42 6.80043e-28 7.09953e-28)
(-2.97804e-286 1.04181e-31 -4.12177e-33)
(-9.1408e-280 1.0831e-31 -1.26092e-32)
(-2.72542e-273 1.1682e-31 -2.16484e-32)
(-7.86133e-267 1.3002e-31 -3.14819e-32)
(-2.18084e-260 1.48395e-31 -4.24779e-32)
(-5.76646e-254 1.72625e-31 -5.50435e-32)
(-1.43154e-247 2.03605e-31 -6.96472e-32)
(-3.2419e-241 2.42484e-31 -8.68373e-32)
(-6.25733e-235 2.90707e-31 -1.07263e-31)
(-8.02019e-229 3.50075e-31 -1.31701e-31)
(7.3448e-223 4.22812e-31 -1.61087e-31)
(1.08161e-215 5.11656e-31 -1.96553e-31)
(5.4405e-209 6.19969e-31 -2.39482e-31)
(2.14141e-202 7.51876e-31 -2.91564e-31)
(7.44635e-196 9.1243e-31 -3.54867e-31)
(2.38544e-189 1.10783e-30 -4.31928e-31)
(7.17561e-183 1.34567e-30 -5.2585e-31)
(2.04704e-176 1.63525e-30 -6.40417e-31)
(5.56875e-170 1.98794e-30 -7.80224e-31)
(1.44903e-163 2.41765e-30 -9.50827e-31)
(3.6121e-157 2.94127e-30 -1.15892e-30)
(8.63039e-151 3.57936e-30 -1.41258e-30)
(1.97606e-144 4.35682e-30 -1.72158e-30)
(4.33226e-138 5.30384e-30 -2.09791e-30)
(9.08222e-132 6.45704e-30 -2.55657e-30)
(1.81732e-125 7.86103e-30 -3.1168e-30)
(3.46266e-119 9.57069e-30 -3.80399e-30)
(6.26399e-113 1.16543e-29 -4.65252e-30)
(1.07199e-106 1.41982e-29 -5.70983e-30)
(1.72789e-100 1.7314e-29 -7.04225e-30)
(2.60886e-94 2.115e-29 -8.74243e-30)
(3.66451e-88 2.59117e-29 -1.09364e-29)
(4.74643e-82 3.19047e-29 -1.37805e-29)
(5.60234e-76 3.96407e-29 -1.74161e-29)
(5.92669e-70 5.01609e-29 -2.17823e-29)
(5.4805e-64 6.61704e-29 -2.58957e-29)
(4.24778e-58 9.65293e-29 -2.38806e-29)
(2.53859e-52 1.76535e-28 2.63199e-29)
(9.29055e-47 4.37465e-28 5.73857e-28)
(-4.85251e-286 1.05701e-31 -3.70577e-33)
(-1.55685e-279 1.09891e-31 -1.13356e-32)
(-4.90317e-273 1.18526e-31 -1.94607e-32)
(-1.51491e-266 1.31918e-31 -2.83001e-32)
(-4.58868e-260 1.50562e-31 -3.81846e-32)
(-1.36167e-253 1.75146e-31 -4.948e-32)
(-3.95566e-247 2.06579e-31 -6.26076e-32)
(-1.12403e-240 2.46025e-31 -7.80601e-32)
(-3.12167e-234 2.94953e-31 -9.64213e-32)
(-8.4655e-228 3.55187e-31 -1.18389e-31)
(-2.23953e-221 4.28986e-31 -1.44804e-31)
(-5.77371e-215 5.19127e-31 -1.76686e-31)
(-1.44899e-208 6.29022e-31 -2.15276e-31)
(-3.53569e-202 7.62854e-31 -2.62093e-31)
(-8.37771e-196 9.25752e-31 -3.18998e-31)
(-1.92495e-189 1.12401e-30 -3.88271e-31)
(-4.2826e-183 1.36532e-30 -4.72702e-31)
(-9.21047e-177 1.65914e-30 -5.75694e-31)
(-1.91149e-170 2.01701e-30 -7.01379e-31)
(-3.82066e-164 2.45302e-30 -8.54755e-31)
(-7.33925e-158 2.98437e-30 -1.04185e-30)
(-1.35173e-151 3.63191e-30 -1.26992e-30)
(-2.38081e-145 4.42098e-30 -1.54777e-30)
(-3.99841e-139 5.38226e-30 -1.88621e-30)
(-6.38212e-133 6.55305e-30 -2.29877e-30)
(-9.64623e-127 7.97888e-30 -2.80285e-30)
(-1.37483e-120 9.71588e-30 -3.42141e-30)
(-1.83888e-114 1.18341e-29 -4.1856e-30)
(-2.29538e-108 1.44226e-29 -5.13845e-30)
(-2.65661e-102 1.75968e-29 -6.33992e-30)
(-2.82888e-96 2.15104e-29 -7.8731e-30)
(-2.7458e-90 2.63756e-29 -9.84825e-30)
(-2.40177e-84 3.25023e-29 -1.23918e-29)
(-1.86631e-78 4.03896e-29 -1.55753e-29)
(-1.26488e-72 5.09914e-29 -1.91337e-29)
(-7.29861e-67 6.66193e-29 -2.13799e-29)
(-3.47113e-61 9.42034e-29 -1.38146e-29)
(-1.30246e-55 1.55858e-28 5.05756e-29)
(-3.63994e-50 2.69555e-28 4.45872e-28)
(-9.10909e-286 1.07057e-31 -3.28397e-33)
(-2.9205e-279 1.11302e-31 -1.00444e-32)
(-9.19059e-273 1.20049e-31 -1.72429e-32)
(-2.83697e-266 1.33614e-31 -2.50746e-32)
(-8.58412e-260 1.52498e-31 -3.38323e-32)
(-2.54422e-253 1.77398e-31 -4.38402e-32)
(-7.38074e-247 2.09234e-31 -5.54714e-32)
(-2.09401e-240 2.49188e-31 -6.91625e-32)
(-5.80513e-234 2.98744e-31 -8.54308e-32)
(-1.57109e-227 3.59752e-31 -1.04894e-31)
(-4.14682e-221 4.34499e-31 -1.28299e-31)
(-1.06634e-214 5.25798e-31 -1.56546e-31)
(-2.66836e-208 6.37104e-31 -1.90737e-31)
(-6.48982e-202 7.72655e-31 -2.32218e-31)
(-1.53209e-195 9.37646e-31 -2.82637e-31)
(-3.50571e-189 1.13845e-30 -3.44014e-31)
(-7.76307e-183 1.38287e-30 -4.18824e-31)
(-1.66081e-176 1.68047e-30 -5.1008e-31)
(-3.42637e-170 2.04295e-30 -6.21447e-31)
(-6.80282e-164 2.48461e-30 -7.57354e-31)
(-1.29692e-157 3.02286e-30 -9.23144e-31)
(-2.36828e-151 3.67885e-30 -1.12526e-30)
(-4.13088e-145 4.47828e-30 -1.37151e-30)
(-6.86123e-139 5.4523e-30 -1.67149e-30)
(-1.08142e-132 6.63883e-30 -2.03724e-30)
(-1.61098e-126 8.08421e-30 -2.48423e-30)
(-2.25789e-120 9.8457e-30 -3.03294e-30)
(-2.96154e-114 1.1995e-29 -3.71117e-30)
(-3.61235e-108 1.46235e-29 -4.55729e-30)
(-4.06629e-102 1.78501e-29 -5.62469e-30)
(-4.18413e-96 2.1833e-29 -6.98667e-30)
(-3.88744e-90 2.67896e-29 -8.73801e-30)
(-3.207e-84 3.30302e-29 -1.09777e-29)
(-2.29241e-78 4.10307e-29 -1.37183e-29)
(-1.3648e-72 5.16219e-29 -1.65364e-29)
(-6.27502e-67 6.659e-29 -1.72533e-29)
(-1.81961e-61 9.05151e-29 -6.03292e-30)
(-2.71494e-58 1.3312e-28 6.13901e-29)
(2.9007e-50 1.55158e-28 3.5826e-28)
(6.27214e-288 1.08248e-31 -2.85702e-33)
(2.01247e-281 1.12542e-31 -8.73748e-33)
(6.33885e-275 1.21387e-31 -1.49984e-32)
(1.95878e-268 1.35103e-31 -2.18103e-32)
(5.93427e-262 1.54198e-31 -2.94278e-32)
(1.76138e-255 1.79375e-31 -3.81327e-32)
(5.11823e-249 2.11567e-31 -4.82496e-32)
(1.45488e-242 2.51966e-31 -6.01582e-32)
(4.04212e-236 3.02074e-31 -7.43084e-32)
(1.09668e-229 3.63762e-31 -9.12381e-32)
(2.90286e-223 4.39342e-31 -1.11595e-31)
(7.48869e-217 5.31658e-31 -1.36165e-31)
(1.88081e-210 6.44204e-31 -1.65904e-31)
(4.59338e-204 7.81265e-31 -2.01984e-31)
(1.08949e-197 9.48095e-31 -2.45839e-31)
(2.50624e-191 1.15113e-30 -2.99227e-31)
(5.58331e-185 1.39828e-30 -3.64298e-31)
(1.20263e-178 1.69921e-30 -4.43677e-31)
(2.50029e-172 2.06575e-30 -5.40551e-31)
(5.00766e-166 2.51236e-30 -6.58775e-31)
(9.64175e-160 3.05667e-30 -8.02999e-31)
(1.78054e-153 3.72009e-30 -9.78832e-31)
(3.14564e-147 4.52863e-30 -1.19308e-30)
(5.30143e-141 5.51386e-30 -1.4541e-30)
(8.49612e-135 6.71423e-30 -1.77239e-30)
(1.29012e-128 8.17682e-30 -2.16147e-30)
(1.84865e-122 9.95987e-30 -2.63925e-30)
(2.48812e-116 1.21365e-29 -3.23004e-30)
(3.12857e-110 1.48003e-29 -3.96744e-30)
(3.65231e-104 1.8073e-29 -4.89802e-30)
(3.92957e-98 2.21168e-29 -6.0852e-30)
(3.86261e-92 2.71526e-29 -7.6088e-30)
(3.43247e-86 3.34886e-29 -9.54361e-30)
(2.7224e-80 4.15692e-29 -1.18569e-29)
(1.89682e-74 5.20779e-29 -1.40219e-29)
(1.13816e-68 6.62024e-29 -1.36012e-29)
(5.73458e-63 8.60791e-29 -5.08679e-31)
(2.34729e-57 1.11222e-28 6.35039e-29)
(7.45669e-52 7.79717e-29 2.74501e-28)
(-2.2782e-288 1.09272e-31 -2.42555e-33)
(-7.29676e-282 1.13608e-31 -7.41695e-33)
(-2.2939e-275 1.22537e-31 -1.27306e-32)
(-7.07369e-269 1.36384e-31 -1.85124e-32)
(-2.13822e-262 1.5566e-31 -2.49779e-32)
(-6.33118e-256 1.81077e-31 -3.23664e-32)
(-1.83489e-249 2.13574e-31 -4.09533e-32)
(-5.20095e-243 2.54355e-31 -5.10611e-32)
(-1.44054e-236 3.04939e-31 -6.30715e-32)
(-3.89531e-230 3.67211e-31 -7.74409e-32)
(-1.02733e-223 4.43507e-31 -9.47194e-32)
(-2.63978e-217 5.36698e-31 -1.15574e-31)
(-6.60132e-211 6.50311e-31 -1.40816e-31)
(-1.60463e-204 7.8867e-31 -1.7144e-31)
(-3.78643e-198 9.5708e-31 -2.08663e-31)
(-8.66134e-192 1.16204e-30 -2.53977e-31)
(-1.91768e-185 1.41154e-30 -3.09209e-31)
(-4.10278e-179 1.71532e-30 -3.76587e-31)
(-8.46652e-173 2.08535e-30 -4.58816e-31)
(-1.68186e-166 2.53623e-30 -5.5917e-31)
(-3.20911e-160 3.08575e-30 -6.81599e-31)
(-5.86727e-154 3.75556e-30 -8.30866e-31)
(-1.02513e-147 4.57194e-30 -1.01275e-30)
(-1.70654e-141 5.56683e-30 -1.23437e-30)
(-2.69763e-135 6.77913e-30 -1.50465e-30)
(-4.0339e-129 8.25653e-30 -1.8351e-30)
(-5.68153e-123 1.00582e-29 -2.241e-30)
(-7.49965e-117 1.22585e-29 -2.74308e-30)
(-9.22456e-111 1.49526e-29 -3.37e-30)
(-1.05012e-104 1.82651e-29 -4.16139e-30)
(-1.09754e-98 2.23612e-29 -5.17074e-30)
(-1.04297e-92 2.74643e-29 -6.46365e-30)
(-8.90426e-87 3.38781e-29 -8.0944e-30)
(-6.72764e-81 4.20114e-29 -1.00004e-29)
(-4.41169e-75 5.23898e-29 -1.16097e-29)
(-2.44609e-69 6.55845e-29 -1.04531e-29)
(-1.10538e-63 8.1431e-29 2.97103e-30)
(-3.85352e-58 9.16755e-29 5.97684e-29)
(-9.47729e-53 2.38251e-29 2.06377e-28)
(-1.19438e-286 1.10128e-31 -1.9902e-33)
(-3.83693e-280 1.14499e-31 -6.08477e-33)
(-1.21008e-273 1.23499e-31 -1.04431e-32)
(-3.74426e-267 1.37455e-31 -1.51857e-32)
(-1.13592e-260 1.56883e-31 -2.04893e-32)
(-3.37648e-254 1.82499e-31 -2.655e-32)
(-9.82623e-248 2.15251e-31 -3.35938e-32)
(-2.79755e-241 2.56353e-31 -4.18852e-32)
(-7.78529e-235 3.07333e-31 -5.17372e-32)
(-2.11587e-228 3.70094e-31 -6.35243e-32)
(-5.61059e-222 4.46989e-31 -7.76977e-32)
(-1.45008e-215 5.40911e-31 -9.48041e-32)
(-3.64892e-209 6.55414e-31 -1.1551e-31)
(-8.92931e-203 7.94859e-31 -1.4063e-31)
(-2.12229e-196 9.6459e-31 -1.71164e-31)
(-4.89252e-190 1.17116e-30 -2.08336e-31)
(-1.09235e-183 1.42261e-30 -2.53643e-31)
(-2.35829e-177 1.72878e-30 -3.08914e-31)
(-4.91451e-171 2.10173e-30 -3.76369e-31)
(-9.86694e-165 2.55617e-30 -4.58695e-31)
(-1.90457e-158 3.11005e-30 -5.59133e-31)
(-3.52632e-152 3.7852e-30 -6.81593e-31)
(-6.24668e-146 4.60815e-30 -8.30823e-31)
(-1.05572e-139 5.61112e-30 -1.01266e-30)
(-1.69683e-133 6.83339e-30 -1.23445e-30)
(-2.58448e-127 8.3232e-30 -1.50566e-30)
(-3.71528e-121 1.01404e-29 -1.83886e-30)
(-5.01749e-115 1.23605e-29 -2.25115e-30)
(-6.332e-109 1.50801e-29 -2.76611e-30)
(-7.42085e-103 1.84258e-29 -3.41631e-30)
(-8.01736e-97 2.25655e-29 -4.24536e-30)
(-7.91482e-91 2.77242e-29 -5.30542e-30)
(-7.06305e-85 3.41998e-29 -6.63419e-30)
(-5.621e-79 4.23647e-29 -8.15459e-30)
(-3.92058e-73 5.25893e-29 -9.30727e-30)
(-2.3418e-67 6.48602e-29 -7.79298e-30)
(-1.16011e-61 7.70046e-29 4.70951e-30)
(-4.54951e-56 7.52656e-29 5.19826e-29)
(-1.31355e-50 -1.15672e-29 1.60796e-28)
(3.42023e-287 1.10813e-31 -1.5516e-33)
(1.06783e-280 1.15213e-31 -4.74294e-33)
(3.27012e-274 1.2427e-31 -8.13935e-33)
(9.81626e-268 1.38314e-31 -1.18356e-32)
(2.88629e-261 1.57863e-31 -1.59691e-32)
(8.30644e-255 1.83639e-31 -2.06927e-32)
(2.33789e-248 2.16596e-31 -2.61825e-32)
(6.42973e-242 2.57955e-31 -3.26446e-32)
(1.72634e-235 3.09253e-31 -4.03231e-32)
(4.52064e-229 3.72407e-31 -4.95098e-32)
(1.15335e-222 4.49781e-31 -6.05562e-32)
(2.86367e-216 5.44289e-31 -7.38885e-32)
(6.91132e-210 6.59507e-31 -9.00262e-32)
(1.61925e-203 7.99821e-31 -1.09604e-31)
(3.67763e-197 9.70611e-31 -1.33402e-31)
(8.08476e-191 1.17847e-30 -1.62373e-31)
(1.71748e-184 1.43149e-30 -1.97685e-31)
(3.51932e-178 1.73958e-30 -2.40763e-31)
(6.94241e-172 2.11486e-30 -2.93339e-31)
(1.31554e-165 2.57216e-30 -3.57506e-31)
(2.38893e-159 3.12954e-30 -4.35792e-31)
(4.14623e-153 3.80898e-30 -5.31246e-31)
(6.85756e-147 4.63719e-30 -6.47572e-31)
(1.07724e-140 5.64664e-30 -7.89325e-31)
(1.60123e-134 6.87693e-30 -9.62235e-31)
(2.24259e-128 8.3767e-30 -1.1737e-30)
(2.94497e-122 1.02064e-29 -1.43355e-30)
(3.60581e-116 1.24423e-29 -1.75514e-30)
(4.08931e-110 1.51824e-29 -2.15693e-30)
(4.26223e-104 1.85548e-29 -2.66431e-30)
(4.04475e-98 2.27294e-29 -3.31108e-30)
(3.45491e-92 2.7932e-29 -4.1368e-30)
(2.61852e-86 3.44549e-29 -5.1663e-30)
(1.72886e-80 4.26365e-29 -6.32249e-30)
(9.70345e-75 5.27069e-29 -7.11064e-30)
(4.47398e-69 6.41404e-29 -5.57003e-30)
(1.6093e-63 7.31299e-29 5.05212e-30)
(4.12956e-58 6.22706e-29 4.20538e-29)
(6.09921e-53 -3.41152e-29 1.14e-28)
(1.12523e-283 1.11326e-31 -1.11039e-33)
(3.5391e-277 1.1575e-31 -3.39351e-33)
(1.0919e-270 1.2485e-31 -5.82291e-33)
(3.30235e-264 1.38959e-31 -8.46716e-33)
(9.78363e-258 1.586e-31 -1.14242e-32)
(2.83718e-251 1.84497e-31 -1.48034e-32)
(8.04698e-245 2.17607e-31 -1.87308e-32)
(2.23033e-238 2.59159e-31 -2.33537e-32)
(6.03531e-232 3.10697e-31 -2.88468e-32)
(1.59294e-225 3.74145e-31 -3.54188e-32)
(4.09657e-219 4.5188e-31 -4.33212e-32)
(1.02535e-212 5.46828e-31 -5.2859e-32)
(2.4948e-206 6.62583e-31 -6.44036e-32)
(5.89315e-200 8.0355e-31 -7.84096e-32)
(1.34959e-193 9.75135e-31 -9.5434e-32)
(2.99182e-187 1.18396e-30 -1.16159e-31)
(6.4097e-181 1.43816e-30 -1.41421e-31)
(1.32473e-174 1.74769e-30 -1.7224e-31)
(2.63601e-168 2.12473e-30 -2.09853e-31)
(5.03922e-162 2.58417e-30 -2.5576e-31)
(9.23293e-156 3.14418e-30 -3.11769e-31)
(1.61708e-149 3.82685e-30 -3.80062e-31)
(2.69935e-143 4.65902e-30 -4.6329e-31)
(4.28052e-137 5.67335e-30 -5.64716e-31)
(6.42439e-131 6.90967e-30 -6.88441e-31)
(9.08734e-125 8.41693e-30 -8.39767e-31)
(1.20566e-118 1.0256e-29 -1.02574e-30)
(1.49205e-112 1.25039e-29 -1.25595e-30)
(1.71123e-106 1.52594e-29 -1.54361e-30)
(1.80509e-100 1.86518e-29 -1.90691e-30)
(1.73548e-94 2.28525e-29 -2.36992e-30)
(1.50421e-88 2.80878e-29 -2.96032e-30)
(1.15964e-82 3.46448e-29 -3.6933e-30)
(7.81892e-77 4.28336e-29 -4.50421e-30)
(4.51312e-71 5.27698e-29 -5.00648e-30)
(2.16908e-65 6.35178e-29 -3.70837e-30)
(8.37442e-60 7.00448e-29 4.33554e-30)
(2.48452e-54 5.27061e-29 3.05334e-29)
(5.42283e-49 -4.70717e-29 8.24566e-29)
(3.40572e-287 1.11668e-31 -6.67184e-34)
(1.06377e-280 1.16109e-31 -2.03849e-33)
(3.25903e-274 1.25238e-31 -3.49738e-33)
(9.78688e-268 1.39391e-31 -5.08556e-33)
(2.87875e-261 1.59093e-31 -6.86162e-33)
(8.28777e-255 1.8507e-31 -8.89125e-33)
(2.33345e-248 2.18284e-31 -1.12501e-32)
(6.41964e-242 2.59964e-31 -1.40267e-32)
(1.72418e-235 3.11662e-31 -1.73259e-32)
(4.51633e-229 3.75306e-31 -2.12732e-32)
(1.15258e-222 4.53282e-31 -2.60195e-32)
(2.86252e-216 5.48524e-31 -3.1748e-32)
(6.91033e-210 6.64636e-31 -3.86818e-32)
(1.61941e-203 8.0604e-31 -4.7094e-32)
(3.67886e-197 9.78154e-31 -5.73191e-32)
(8.08924e-191 1.18763e-30 -6.97672e-32)
(1.71879e-184 1.44261e-30 -8.494e-32)
(3.52272e-178 1.7531e-30 -1.0345e-31)
(6.95048e-172 2.13131e-30 -1.26042e-31)
(1.31732e-165 2.59219e-30 -1.53616e-31)
(2.39261e-159 3.15395e-30 -1.87257e-31)
(4.15339e-153 3.83877e-30 -2.28278e-31)
(6.87068e-147 4.6736e-30 -2.78271e-31)
(1.07951e-140 5.69119e-30 -3.39196e-31)
(1.60493e-134 6.93154e-30 -4.13518e-31)
(2.24825e-128 8.44381e-30 -5.04425e-31)
(2.95311e-122 1.02892e-29 -6.16155e-31)
(3.61672e-116 1.2545e-29 -7.54475e-31)
(4.10293e-110 1.53107e-29 -9.27339e-31)
(4.27793e-104 1.87165e-29 -1.14567e-30)
(4.06136e-98 2.29346e-29 -1.42388e-30)
(3.47089e-92 2.81914e-29 -1.77834e-30)
(2.63233e-86 3.47705e-29 -2.21713e-30)
(1.73943e-80 4.29618e-29 -2.6975e-30)
(9.77348e-75 5.27998e-29 -2.9738e-30)
(4.51302e-69 6.30633e-29 -2.11502e-30)
(1.62676e-63 6.7909e-29 2.88978e-30)
(4.18703e-58 4.64477e-29 1.86303e-29)
(6.21078e-53 -5.29368e-29 4.62701e-29)
(5.18946e-291 1.11835e-31 -2.22663e-34)
(1.60982e-284 1.16286e-31 -6.80169e-34)
(4.89783e-278 1.25429e-31 -1.16682e-33)
(1.46053e-271 1.39606e-31 -1.69666e-33)
(4.26569e-265 1.59338e-31 -2.28917e-33)
(1.21929e-258 1.85357e-31 -2.96628e-33)
(3.40814e-252 2.18622e-31 -3.75322e-33)
(9.30775e-246 2.60367e-31 -4.67953e-33)
(2.48138e-239 3.12145e-31 -5.78021e-33)
(6.4512e-233 3.75889e-31 -7.09707e-33)
(1.63392e-226 4.53985e-31 -8.6805e-33)
(4.02694e-220 5.49375e-31 -1.05916e-32)
(9.64614e-214 6.65667e-31 -1.29048e-32)
(2.24285e-207 8.07288e-31 -1.57111e-32)
(5.05479e-201 9.79667e-31 -1.91223e-32)
(1.10256e-194 1.18946e-30 -2.3275e-32)
(2.3237e-188 1.44484e-30 -2.83368e-32)
(4.72336e-182 1.7558e-30 -3.4512e-32)
(9.24177e-176 2.13459e-30 -4.20489e-32)
(1.7368e-169 2.59619e-30 -5.12481e-32)
(3.12747e-163 3.15883e-30 -6.24718e-32)
(5.38182e-157 3.84473e-30 -7.61577e-32)
(8.82405e-151 4.68089e-30 -9.28369e-32)
(1.37393e-144 5.70013e-30 -1.13163e-31)
(2.02387e-138 6.9425e-30 -1.3796e-31)
(2.80846e-132 8.4573e-30 -1.68291e-31)
(3.65333e-126 1.03058e-29 -2.05569e-31)
(4.4297e-120 1.25656e-29 -2.51722e-31)
(4.97314e-114 1.53364e-29 -3.09403e-31)
(5.1289e-108 1.87488e-29 -3.8226e-31)
(4.81295e-102 2.29755e-29 -4.75092e-31)
(4.06163e-96 2.8243e-29 -5.93321e-31)
(3.03725e-90 3.48329e-29 -7.39479e-31)
(1.9744e-84 4.30249e-29 -8.98649e-31)
(1.08723e-78 5.28121e-29 -9.86519e-31)
(4.88717e-73 6.28247e-29 -6.86833e-31)
(1.69256e-67 6.68197e-29 1.01253e-30)
(4.06752e-62 4.33136e-29 6.36563e-30)
(5.23564e-57 -5.81488e-29 1.24594e-29)
(3.22049e-05 9.52606e-22 2.93814e-22)
(1.00019e-05 1.39713e-21 6.67241e-22)
(9.9974e-06 8.86472e-22 4.26058e-22)
(9.99309e-06 4.02925e-22 2.02409e-22)
(-1.22183e-05 -3.90365e-23 -5.8603e-23)
(3.13417e-10 5.57018e-23 -2.39096e-22)
(-9.68901e-11 8.50064e-23 -9.88226e-23)
(2.51763e-11 4.17326e-23 -6.62319e-23)
(-9.69795e-11 1.62381e-23 -2.35922e-23)
(-1.861e-11 3.8208e-24 -3.58788e-23)
(1.31868e-15 3.08561e-24 -1.34919e-23)
(-1.21113e-15 4.49309e-24 -5.46264e-24)
(4.24186e-17 2.01588e-24 -3.09294e-24)
(-3.23847e-16 9.88697e-25 -2.07712e-24)
(3.87955e-16 3.80858e-25 -1.9335e-24)
(1.98763e-21 1.61651e-25 -7.27862e-25)
(-4.99949e-21 2.34018e-25 -2.85846e-25)
(2.44592e-21 1.09046e-25 -1.75131e-25)
(5.14251e-22 5.95403e-26 -1.246e-25)
(3.27056e-22 2.28907e-26 -9.59624e-26)
(-4.3598e-27 5.42273e-27 -3.42897e-26)
(-4.22459e-27 6.20753e-27 -1.28535e-26)
(1.43124e-26 -2.28769e-28 -7.20353e-27)
(-3.98549e-27 -2.84453e-27 -4.01429e-27)
(-1.45526e-27 -1.82912e-27 -4.72224e-28)
)
;

boundaryField
{
    fixedWallsLeftTop
    {
        type            noSlip;
    }
    backFaceLeftTop
    {
        type            noSlip;
    }
    frontFaceLeftTop
    {
        type            noSlip;
    }
    symmetryWallLeftTop
    {
        type            zeroGradient;
    }
    topToBottom
    {
        type            noSlip;
    }
    plug
    {
        type            cyclicAMI;
        value           nonuniform List<vector> 
40
(
(-4.85083e-28 -2.10804e-27 3.51435e-27)
(-4.85083e-28 -2.4823e-27 3.51122e-27)
(-4.85085e-28 -2.24369e-27 3.4968e-27)
(-4.85391e-28 1.5164e-26 5.16865e-27)
(-7.09357e-28 -1.23613e-27 2.11076e-27)
(-4.8539e-28 -1.79e-26 4.8834e-27)
(-4.85086e-28 -9.28809e-28 3.5693e-27)
(-4.85084e-28 -6.89572e-28 3.54952e-27)
(-1.32851e-27 -1.39126e-27 2.61971e-27)
(-1.32851e-27 -1.55028e-27 2.61854e-27)
(-1.32851e-27 -1.9311e-27 2.58375e-27)
(-1.32852e-27 -1.71142e-27 2.59117e-27)
(-1.32936e-27 1.56622e-26 4.1928e-27)
(-1.94271e-27 -1.2295e-27 4.96048e-28)
(-1.32936e-27 -1.75454e-26 4.00891e-27)
(-1.3285e-27 -5.11169e-28 2.64195e-27)
(4.77084e-27 5.71409e-28 1.69887e-27)
(4.77082e-27 1.80712e-28 1.7321e-27)
(4.77082e-27 5.59063e-30 1.73682e-27)
(4.77082e-27 -3.90425e-28 1.72263e-27)
(4.77084e-27 -1.85517e-28 1.7472e-27)
(4.7739e-27 1.70414e-26 3.26233e-27)
(6.97651e-27 3.78252e-28 -1.04956e-27)
(4.77386e-27 -1.6081e-26 3.2021e-27)
(-1.4082e-27 3.0541e-27 -2.5164e-28)
(-1.40819e-27 3.21919e-27 -2.43932e-28)
(-1.40819e-27 2.79699e-27 -2.05745e-28)
(-1.40819e-27 2.59289e-27 -1.87319e-28)
(-1.40819e-27 2.16941e-27 -1.8771e-28)
(-1.4082e-27 2.33919e-27 -1.54587e-28)
(-1.40913e-27 1.89806e-26 1.22719e-27)
(-2.05925e-27 5.12157e-27 -4.04658e-27)
(-1.45419e-27 -1.15809e-26 -6.71161e-27)
(-1.45328e-27 2.73501e-27 -7.9748e-27)
(-1.45328e-27 2.75723e-27 -7.96748e-27)
(-1.45328e-27 2.23364e-27 -7.93195e-27)
(-1.45328e-27 1.91379e-27 -7.92205e-27)
(-1.45328e-27 1.48761e-27 -7.93202e-27)
(-1.45328e-27 1.34161e-27 -7.93945e-27)
(-1.4538e-27 9.06938e-27 -7.38579e-27)
)
;
    }
    fixedWallsChannel
    {
        type            noSlip;
    }
    inlet
    {
        type            fixedValue;
        value           uniform (1 0 0);
    }
    outlet
    {
        type            cyclicAMI;
        value           nonuniform List<vector> 5((-5.20302e-28 -1.54159e-27 3.66699e-27) (-1.42496e-27 -1.2743e-27 2.63856e-27) (5.1172e-27 1.96872e-28 1.65489e-27) (-1.51033e-27 5.03741e-27 -6.34562e-28) (-1.45346e-27 1.24468e-27 -7.72064e-27));
    }
    backFaceInletChannel
    {
        type            noSlip;
    }
    frontFaceInletChannel
    {
        type            noSlip;
    }
}


// ************************************************************************* //
