/*--------------------------------*- C++ -*----------------------------------*\
| =========                 |                                                 |
| \\      /  F ield         | OpenFOAM: The Open Source CFD Toolbox           |
|  \\    /   O peration     | Version:  4.1                                   |
|   \\  /    A nd           | Web:      www.OpenFOAM.org                      |
|    \\/     M anipulation  |                                                 |
\*---------------------------------------------------------------------------*/
FoamFile
{
    version     2.0;
    format      ascii;
    class       volVectorField;
    location    "6";
    object      U;
}
// * * * * * * * * * * * * * * * * * * * * * * * * * * * * * * * * * * * * * //

dimensions      [0 1 -1 0 0 0 0];

internalField   nonuniform List<vector> 
1705
(
(-3.84073e-61 -4.52705e-28 -5.62534e-30)
(-4.25407e-60 -1.7237e-28 1.39724e-29)
(7.17818e-61 -4.6154e-28 2.12984e-29)
(8.92989e-58 -7.08113e-28 4.49594e-30)
(3.65559e-55 -4.39545e-28 -1.35714e-29)
(9.77719e-53 -1.85608e-28 4.8542e-29)
(4.65434e-51 -5.06978e-28 1.41531e-29)
(1.43017e-48 -7.25615e-28 -1.08173e-29)
(2.52404e-46 -4.32687e-28 -2.16669e-29)
(8.87391e-44 -2.11113e-28 8.60128e-29)
(2.50627e-46 -5.6445e-28 5.64239e-30)
(1.11967e-48 -4.62921e-28 -8.17194e-30)
(2.31762e-50 -2.51214e-28 1.26215e-28)
(2.80174e-52 -6.22193e-28 2.79182e-29)
(7.23715e-50 -8.03532e-28 -1.77897e-30)
(1.80828e-47 -4.91215e-28 -1.8696e-29)
(1.19889e-46 -3.13089e-28 1.78949e-28)
(1.50974e-43 -7.26453e-28 1.93548e-29)
(1.10332e-45 -5.60497e-28 -3.57931e-30)
(1.7394e-47 -3.92454e-28 2.47349e-28)
(3.47066e-48 -8.37042e-28 5.15075e-29)
(1.11533e-45 -9.71208e-28 1.01598e-29)
(2.02751e-43 -6.36176e-28 -1.7804e-29)
(1.1642e-46 -5.00682e-28 3.34283e-28)
(7.83916e-48 -1.00818e-27 4.25288e-29)
(-3.1708e-45 -1.10322e-27 -1.19425e-29)
(-4.11105e-43 -7.38077e-28 -3.68697e-29)
(2.26513e-44 -6.37352e-28 4.45129e-28)
(-2.31898e-43 -1.22241e-27 2.75556e-29)
(-1.72098e-45 -9.01165e-28 -1.61692e-29)
(-2.94318e-46 -8.05671e-28 6.06697e-28)
(-3.76476e-43 -1.472e-27 8.3668e-29)
(-5.21139e-45 -1.52041e-27 2.75784e-30)
(-4.16976e-43 -1.08916e-27 -4.32128e-29)
(1.08422e-45 -1.03179e-27 8.04572e-28)
(7.081e-44 -1.83625e-27 6.7154e-29)
(6.84149e-41 -1.36466e-27 -9.30965e-30)
(3.77677e-38 -1.31331e-27 1.10049e-27)
(2.00018e-36 -2.27531e-27 1.61007e-28)
(1.47373e-33 -2.31249e-27 8.0617e-29)
(1.42725e-32 -2.51899e-27 6.7751e-27)
(1.31226e-32 -3.18192e-27 6.79493e-27)
(-1.68474e-34 -2.69117e-27 6.78149e-27)
(-1.41424e-30 2.63532e-26 9.56453e-27)
(2.75523e-31 -7.79399e-28 5.24856e-27)
(-1.41057e-30 -2.8895e-26 9.0863e-27)
(-1.92168e-33 -5.09425e-28 6.89717e-27)
(6.89631e-33 -1.82259e-29 6.85942e-27)
(-6.72485e-32 -6.63633e-28 7.23248e-27)
(-6.45187e-32 -9.24295e-28 7.23398e-27)
(-6.57579e-32 -1.60031e-27 7.17662e-27)
(-1.04041e-31 -1.14295e-27 7.20083e-27)
(-3.97471e-30 2.78293e-26 9.86662e-27)
(7.43704e-31 3.68447e-28 5.48397e-27)
(-3.95824e-30 -2.76597e-26 9.55127e-27)
(-1.97479e-33 8.39572e-28 7.27555e-27)
(1.43068e-31 1.27794e-27 7.40748e-27)
(4.92398e-32 5.81392e-28 7.46837e-27)
(4.83476e-32 2.90235e-28 7.48081e-27)
(4.95591e-32 -4.14118e-28 7.45986e-27)
(1.84726e-31 1.38413e-29 7.5138e-27)
(1.40659e-29 2.86921e-26 1.00314e-26)
(-2.69088e-30 1.13717e-27 5.48053e-27)
(1.38983e-29 -2.65772e-26 9.9148e-27)
(1.77416e-32 1.796e-27 7.20829e-27)
(4.35553e-32 2.15069e-27 7.21469e-27)
(4.50385e-32 1.39755e-27 7.28556e-27)
(4.61581e-32 1.05299e-27 7.32155e-27)
(4.68995e-32 3.00912e-28 7.32452e-27)
(6.85913e-33 6.57955e-28 7.39186e-27)
(-4.08477e-30 2.81774e-26 9.66975e-27)
(8.13416e-31 4.91962e-27 4.88001e-27)
(-4.31037e-30 -2.1774e-26 8.12452e-27)
(-8.152e-32 1.64412e-27 6.07719e-27)
(-4.13867e-32 1.72609e-27 6.08738e-27)
(-4.15425e-32 7.95198e-28 6.15152e-27)
(-4.20554e-32 2.39069e-28 6.17033e-27)
(-4.27694e-32 -5.11412e-28 6.15432e-27)
(-6.63651e-32 -7.45853e-28 6.14439e-27)
(-2.49096e-30 1.18841e-26 7.03506e-27)
(1.59539e-31 1.00738e-26 6.24387e-28)
(8.89321e-36 -3.32754e-28 -1.57588e-28)
(4.72547e-37 -3.31405e-28 2.61265e-30)
(8.60577e-41 -2.29541e-28 -1.39068e-28)
(1.66403e-42 -2.55722e-28 -9.33633e-30)
(5.38614e-46 -2.40953e-28 -1.25661e-28)
(1.12345e-47 -1.90557e-28 -9.4074e-29)
(2.41489e-46 -1.69389e-28 -2.53692e-30)
(3.52227e-43 -1.84534e-28 -8.7109e-29)
(-3.30583e-43 -1.36668e-28 -6.67873e-29)
(-2.74052e-46 -1.34156e-28 3.02404e-31)
(-6.22709e-48 -9.76062e-29 -6.43258e-29)
(9.02772e-47 -1.1921e-28 -5.49839e-30)
(1.89312e-43 -1.40353e-28 -6.18989e-29)
(-3.10739e-43 -8.3562e-29 -4.84566e-29)
(-2.70157e-46 -9.80243e-29 -3.19735e-30)
(-3.83296e-47 -7.41828e-29 -4.71281e-29)
(-1.39557e-43 -9.31181e-29 -7.37541e-30)
(2.97153e-43 -1.11331e-28 -4.64168e-29)
(-2.98674e-43 -4.91786e-29 -3.67377e-29)
(-2.53001e-46 -7.78543e-29 -4.916e-30)
(-9.845e-48 -9.86074e-29 -3.56484e-29)
(-9.51858e-48 -3.85333e-29 -2.92231e-29)
(-2.43883e-46 -6.54262e-29 -2.25086e-30)
(-2.80631e-43 -5.22976e-29 -2.8324e-29)
(-2.4408e-46 -6.50783e-29 -4.87178e-30)
(-9.57376e-48 -7.29241e-29 -2.72878e-29)
(-9.63869e-48 -2.33061e-29 -2.2333e-29)
(-2.48483e-46 -4.45451e-29 -2.33855e-30)
(-2.84248e-43 -3.6918e-29 -2.19345e-29)
(-4.8543e-46 -4.35932e-29 -3.84223e-30)
(-2.61409e-43 -4.54672e-29 -2.13188e-29)
(-8.40236e-47 -1.3318e-29 -1.78503e-29)
(-2.52594e-46 -2.61623e-29 -1.69459e-30)
(-2.7238e-43 -2.93359e-29 -1.75385e-29)
(-7.8389e-47 -1.00825e-29 -1.56646e-29)
(-4.44024e-48 -4.72421e-30 9.27828e-34)
(-9.01834e-48 -7.10386e-30 -1.60395e-29)
(-2.28423e-46 -1.96248e-30 5.57662e-31)
(-2.52234e-43 3.05785e-30 -1.61326e-29)
(-1.18462e-281 2.48813e-33 -1.24407e-32)
(-3.3375e-275 2.58489e-33 -3.77973e-32)
(-9.22219e-269 2.78162e-33 -6.46143e-32)
(-2.49769e-262 3.08567e-33 -9.39411e-32)
(-6.62575e-256 3.50859e-33 -1.26914e-31)
(-1.72032e-249 4.06634e-33 -1.64807e-31)
(-4.36847e-243 4.77993e-33 -2.09075e-31)
(-1.08402e-236 5.67636e-33 -2.6141e-31)
(-2.62638e-230 6.78972e-33 -3.23803e-31)
(-6.20709e-224 8.16271e-33 -3.9862e-31)
(-1.42954e-217 9.84853e-33 -4.887e-31)
(-3.20498e-211 1.19133e-32 -5.9747e-31)
(-6.98684e-205 1.44385e-32 -7.29096e-31)
(-1.47922e-198 1.75248e-32 -8.88663e-31)
(-3.03744e-192 2.12949e-32 -1.08239e-30)
(-6.04075e-186 2.58977e-32 -1.31791e-30)
(-1.16175e-179 3.15126e-32 -1.60454e-30)
(-2.15699e-173 3.83538e-32 -1.95362e-30)
(-3.85923e-167 4.66757e-32 -2.37892e-30)
(-6.64057e-161 5.67799e-32 -2.897e-30)
(-1.0965e-154 6.90235e-32 -3.52767e-30)
(-1.73322e-148 8.38316e-32 -4.29452e-30)
(-2.61564e-142 1.01712e-31 -5.22553e-30)
(-3.75732e-136 1.23278e-31 -6.35386e-30)
(-5.12027e-130 1.49265e-31 -7.71889e-30)
(-6.59436e-124 1.8054e-31 -9.36753e-30)
(-7.99174e-118 2.18084e-31 -1.13556e-29)
(-9.06872e-112 2.62896e-31 -1.37489e-29)
(-9.58057e-106 3.15773e-31 -1.66234e-29)
(-9.35951e-100 3.76827e-31 -2.0061e-29)
(-8.38804e-94 4.44527e-31 -2.41395e-29)
(-6.83008e-88 5.13888e-31 -2.89076e-29)
(-4.99349e-82 5.73227e-31 -3.43335e-29)
(-3.22944e-76 5.98841e-31 -4.02099e-29)
(-1.8123e-70 5.47523e-31 -4.59939e-29)
(-8.60015e-65 3.49963e-31 -5.05748e-29)
(-3.32844e-59 -8.14377e-32 -5.20505e-29)
(-9.95407e-54 -8.01446e-31 -4.7799e-29)
(-2.10674e-48 -1.75952e-30 -3.6305e-29)
(-3.80225e-285 7.46294e-33 -1.24261e-32)
(-1.0645e-278 7.75214e-33 -3.77536e-32)
(-2.92273e-272 8.34051e-33 -6.45403e-32)
(-7.86477e-266 9.25048e-33 -9.38333e-32)
(-2.07271e-259 1.05169e-32 -1.26768e-31)
(-5.34604e-253 1.21882e-32 -1.64616e-31)
(-1.34843e-246 1.43281e-32 -2.08832e-31)
(-3.32331e-240 1.70183e-32 -2.61107e-31)
(-7.99617e-234 2.03617e-32 -3.23428e-31)
(-1.87653e-227 2.44867e-32 -3.98159e-31)
(-4.29099e-221 2.95527e-32 -4.88135e-31)
(-9.55053e-215 3.57563e-32 -5.96778e-31)
(-2.06666e-208 4.33392e-32 -7.28249e-31)
(-4.34255e-202 5.2598e-32 -8.87626e-31)
(-8.84877e-196 6.38947e-32 -1.08113e-30)
(-1.74606e-189 7.76697e-32 -1.31636e-30)
(-3.33119e-183 9.44563e-32 -1.60265e-30)
(-6.13435e-177 1.14897e-31 -1.95132e-30)
(-1.08834e-170 1.39764e-31 -2.37613e-30)
(-1.85658e-164 1.69981e-31 -2.89361e-30)
(-3.03842e-158 2.06655e-31 -3.52357e-30)
(-4.75881e-152 2.51105e-31 -4.28958e-30)
(-7.11346e-146 3.04909e-31 -5.21958e-30)
(-1.01174e-139 3.69948e-31 -6.34671e-30)
(-1.36451e-133 4.48439e-31 -7.71031e-30)
(-1.73828e-127 5.42937e-31 -9.35725e-30)
(-2.08242e-121 6.56253e-31 -1.13433e-29)
(-2.33405e-115 7.91165e-31 -1.37345e-29)
(-2.43313e-109 9.49777e-31 -1.66068e-29)
(-2.34257e-103 1.13213e-30 -2.00427e-29)
(-2.06562e-97 1.33347e-30 -2.41211e-29)
(-1.65123e-91 1.53893e-30 -2.88926e-29)
(-1.18151e-85 1.71402e-30 -3.43291e-29)
(-7.44486e-80 1.78857e-30 -4.02298e-29)
(-4.0423e-74 1.63395e-30 -4.60605e-29)
(-1.8345e-68 1.04264e-30 -5.0719e-29)
(-6.64431e-63 -2.50114e-31 -5.22996e-29)
(-1.77312e-57 -2.41274e-30 -4.81518e-29)
(-2.91388e-52 -5.11347e-30 -3.63326e-29)
(6.88762e-283 1.24284e-32 -1.23876e-32)
(1.92681e-276 1.29088e-32 -3.76368e-32)
(5.28589e-270 1.38867e-32 -6.43408e-32)
(1.42109e-263 1.53997e-32 -9.35435e-32)
(3.74156e-257 1.75062e-32 -1.26377e-31)
(9.64041e-251 2.02875e-32 -1.64108e-31)
(2.42893e-244 2.38505e-32 -2.08188e-31)
(5.97937e-238 2.83324e-32 -2.60302e-31)
(1.43694e-231 3.39054e-32 -3.22431e-31)
(3.36793e-225 4.0784e-32 -3.96933e-31)
(7.69123e-219 4.92327e-32 -4.86631e-31)
(1.70953e-212 5.95771e-32 -5.94939e-31)
(3.69416e-206 7.22157e-32 -7.26003e-31)
(7.75137e-200 8.76365e-32 -8.84886e-31)
(1.57723e-193 1.06435e-31 -1.07779e-30)
(3.10777e-187 1.29336e-31 -1.31229e-30)
(5.92065e-181 1.57223e-31 -1.59769e-30)
(1.08876e-174 1.91166e-31 -1.94529e-30)
(1.92906e-168 2.32462e-31 -2.36879e-30)
(3.28656e-162 2.82676e-31 -2.8847e-30)
(5.3724e-156 3.43691e-31 -3.51276e-30)
(8.40576e-150 4.17768e-31 -4.27646e-30)
(1.25546e-143 5.07599e-31 -5.2037e-30)
(1.78463e-137 6.16368e-31 -6.32751e-30)
(2.40635e-131 7.47783e-31 -7.68717e-30)
(3.06614e-125 9.06043e-31 -9.32945e-30)
(3.67606e-119 1.09567e-30 -1.13102e-29)
(4.12655e-113 1.32104e-30 -1.36954e-29)
(4.3125e-107 1.58534e-30 -1.65614e-29)
(4.16778e-101 1.88834e-30 -1.99917e-29)
(3.69548e-95 2.22205e-30 -2.40671e-29)
(2.97768e-89 2.56212e-30 -2.88422e-29)
(2.15492e-83 2.85221e-30 -3.42962e-29)
(1.38017e-77 2.97721e-30 -4.02407e-29)
(7.67591e-72 2.72459e-30 -4.61599e-29)
(3.61388e-66 1.74841e-30 -5.09701e-29)
(1.38997e-60 -3.99314e-31 -5.27604e-29)
(4.14164e-55 -4.01836e-30 -4.87889e-29)
(8.76376e-50 -8.45942e-30 -3.64366e-29)
(-1.15175e-281 1.73746e-32 -1.233e-32)
(-3.24606e-275 1.80455e-32 -3.7462e-32)
(-8.97281e-269 1.94114e-32 -6.40422e-32)
(-2.43105e-262 2.15253e-32 -9.31094e-32)
(-6.45143e-256 2.4469e-32 -1.2579e-31)
(-1.67571e-249 2.83563e-32 -1.63347e-31)
(-4.25688e-243 3.33372e-32 -2.07223e-31)
(-1.05676e-236 3.96038e-32 -2.59096e-31)
(-2.5614e-230 4.73974e-32 -3.20937e-31)
(-6.05608e-224 5.70179e-32 -3.95094e-31)
(-1.39538e-217 6.88349e-32 -4.84376e-31)
(-3.1298e-211 8.33021e-32 -5.92182e-31)
(-6.82612e-205 1.00975e-31 -7.22637e-31)
(-1.44589e-198 1.22533e-31 -8.80782e-31)
(-2.9705e-192 1.48804e-31 -1.07279e-30)
(-5.91073e-186 1.80799e-31 -1.30621e-30)
(-1.13737e-179 2.19749e-31 -1.59028e-30)
(-2.11295e-173 2.67153e-31 -1.93627e-30)
(-3.78276e-167 3.24829e-31 -2.35782e-30)
(-6.51325e-161 3.94978e-31 -2.87136e-30)
(-1.07623e-154 4.80258e-31 -3.49655e-30)
(-1.70248e-148 5.83855e-31 -4.25679e-30)
(-2.57137e-142 7.09569e-31 -5.17986e-30)
(-3.69708e-136 8.61878e-31 -6.29867e-30)
(-5.04323e-130 1.04597e-30 -7.65238e-30)
(-6.50241e-124 1.26771e-30 -9.28767e-30)
(-7.89024e-118 1.53336e-30 -1.12603e-29)
(-8.96635e-112 1.84895e-30 -1.36366e-29)
(-9.48795e-106 2.21886e-30 -1.64933e-29)
(-9.2866e-100 2.64287e-30 -1.99153e-29)
(-8.34111e-94 3.11009e-30 -2.39863e-29)
(-6.80959e-88 3.5874e-30 -2.87665e-29)
(-4.99398e-82 3.99764e-30 -3.42461e-29)
(-3.24188e-76 4.18231e-30 -4.02553e-29)
(-1.82765e-70 3.84632e-30 -4.63062e-29)
(-8.72284e-65 2.50399e-30 -5.13438e-29)
(-3.40069e-59 -4.8593e-31 -5.3453e-29)
(-1.02666e-53 -5.58724e-30 -4.97639e-29)
(-2.19831e-48 -1.21649e-29 -3.74301e-29)
(2.81558e-283 2.2294e-32 -1.22535e-32)
(7.87273e-277 2.31543e-32 -3.72295e-32)
(2.15866e-270 2.49063e-32 -6.36448e-32)
(5.80048e-264 2.7618e-32 -9.25319e-32)
(1.52638e-257 3.13945e-32 -1.2501e-31)
(3.93067e-251 3.6382e-32 -1.62335e-31)
(9.89784e-245 4.27732e-32 -2.05939e-31)
(2.43516e-238 5.08148e-32 -2.5749e-31)
(5.84856e-232 6.08167e-32 -3.18949e-31)
(1.36994e-225 7.31636e-32 -3.92645e-31)
(3.12648e-219 8.83296e-32 -4.81374e-31)
(6.94464e-213 1.06896e-31 -5.88511e-31)
(1.49965e-206 1.29575e-31 -7.18157e-31)
(3.14444e-200 1.57235e-31 -8.7532e-31)
(6.3935e-194 1.90939e-31 -1.06613e-30)
(1.25881e-187 2.3198e-31 -1.29811e-30)
(2.39627e-181 2.81939e-31 -1.58042e-30)
(4.40291e-175 3.42738e-31 -1.92428e-30)
(7.79432e-169 4.16715e-31 -2.34323e-30)
(1.32674e-162 5.06706e-31 -2.85361e-30)
(2.16673e-156 6.1613e-31 -3.47498e-30)
(3.3868e-150 7.49098e-31 -4.2306e-30)
(5.05324e-144 9.10504e-31 -5.14809e-30)
(7.17543e-138 1.10611e-30 -6.26023e-30)
(9.66421e-132 1.34261e-30 -7.606e-30)
(1.22993e-125 1.62749e-30 -9.23198e-30)
(1.47274e-119 1.96882e-30 -1.11939e-29)
(1.65102e-113 2.37435e-30 -1.35583e-29)
(1.723e-107 2.84984e-30 -1.64026e-29)
(1.66272e-101 3.39528e-30 -1.98134e-29)
(1.47201e-95 3.99747e-30 -2.38782e-29)
(1.18418e-89 4.61532e-30 -2.86647e-29)
(8.5557e-84 5.15245e-30 -3.41772e-29)
(5.47088e-78 5.40915e-30 -4.02709e-29)
(3.03815e-72 5.00989e-30 -4.64956e-29)
(1.42869e-66 3.3278e-30 -5.18365e-29)
(5.49126e-61 -4.84993e-31 -5.43787e-29)
(1.63604e-55 -7.09384e-30 -5.11247e-29)
(3.46169e-50 -1.58338e-29 -3.92572e-29)
(-7.00117e-282 2.71788e-32 -1.2158e-32)
(-2.00474e-275 2.82272e-32 -3.69396e-32)
(-5.62881e-269 3.03627e-32 -6.31494e-32)
(-1.54869e-262 3.36682e-32 -9.18118e-32)
(-4.17263e-256 3.82718e-32 -1.24038e-31)
(-1.10011e-249 4.43519e-32 -1.61072e-31)
(-2.83601e-243 5.21436e-32 -2.04337e-31)
(-7.14291e-237 6.19478e-32 -2.55487e-31)
(-1.75614e-230 7.41424e-32 -3.16468e-31)
(-4.21077e-224 8.91963e-32 -3.89591e-31)
(-9.83672e-218 1.07687e-31 -4.7763e-31)
(-2.2365e-211 1.30324e-31 -5.83933e-31)
(-4.94337e-205 1.57973e-31 -7.12569e-31)
(-1.06093e-198 1.91693e-31 -8.68509e-31)
(-2.20794e-192 2.32777e-31 -1.05784e-30)
(-4.44951e-186 2.82803e-31 -1.28801e-30)
(-8.66945e-180 3.43696e-31 -1.56813e-30)
(-1.63043e-173 4.17802e-31 -1.90932e-30)
(-2.95428e-167 5.07975e-31 -2.32503e-30)
(-5.14725e-161 6.17676e-31 -2.83148e-30)
(-8.60445e-155 7.51088e-31 -3.44807e-30)
(-1.37672e-148 9.13232e-31 -4.19792e-30)
(-2.10269e-142 1.11009e-30 -5.10845e-30)
(-3.05647e-136 1.34872e-30 -6.21225e-30)
(-4.21425e-130 1.63726e-30 -7.5481e-30)
(-5.49081e-124 1.98492e-30 -9.16243e-30)
(-6.7313e-118 2.40154e-30 -1.1111e-29)
(-7.72619e-112 2.89672e-30 -1.34604e-29)
(-8.25571e-106 3.47772e-30 -1.62891e-29)
(-8.15757e-100 4.14511e-30 -1.96858e-29)
(-7.395e-94 4.88394e-30 -2.37423e-29)
(-6.09164e-88 5.64635e-30 -2.85355e-29)
(-4.50664e-82 6.31862e-30 -3.40873e-29)
(-2.95053e-76 6.66279e-30 -4.02838e-29)
(-1.67732e-70 6.22592e-30 -4.67225e-29)
(-8.07125e-65 4.23869e-30 -5.24428e-29)
(-3.172e-59 -3.69535e-31 -5.55373e-29)
(-9.64779e-54 -8.51238e-30 -5.28337e-29)
(-2.07695e-48 -1.97636e-29 -4.06905e-29)
(-7.49685e-282 3.20217e-32 -1.20438e-32)
(-2.14534e-275 3.32567e-32 -3.65928e-32)
(-6.01999e-269 3.57723e-32 -6.25566e-32)
(-1.65538e-262 3.96665e-32 -9.09501e-32)
(-4.45766e-256 4.50903e-32 -1.22874e-31)
(-1.17465e-249 5.22537e-32 -1.5956e-31)
(-3.02669e-243 6.14339e-32 -2.0242e-31)
(-7.61959e-237 7.29856e-32 -2.5309e-31)
(-1.87251e-230 8.73539e-32 -3.13499e-31)
(-4.48788e-224 1.05091e-31 -3.85936e-31)
(-1.04799e-217 1.26878e-31 -4.73149e-31)
(-2.38183e-211 1.5355e-31 -5.78454e-31)
(-5.26271e-205 1.86125e-31 -7.05883e-31)
(-1.12908e-198 2.25853e-31 -8.60359e-31)
(-2.34902e-192 2.74255e-31 -1.04791e-30)
(-4.73237e-186 3.33189e-31 -1.27592e-30)
(-9.21792e-180 4.04925e-31 -1.55342e-30)
(-1.7331e-173 4.92228e-31 -1.89142e-30)
(-3.13951e-167 5.98463e-31 -2.30325e-30)
(-5.46863e-161 7.27714e-31 -2.80499e-30)
(-9.13952e-155 8.84917e-31 -3.41587e-30)
(-1.462e-148 1.076e-30 -4.1588e-30)
(-2.23245e-142 1.30803e-30 -5.061e-30)
(-3.24438e-136 1.58932e-30 -6.1548e-30)
(-4.47241e-130 1.92953e-30 -7.47876e-30)
(-5.82593e-124 2.33951e-30 -9.07912e-30)
(-7.1406e-118 2.83099e-30 -1.10116e-29)
(-8.19418e-112 3.41546e-30 -1.3343e-29)
(-8.75377e-106 4.10188e-30 -1.61529e-29)
(-8.64763e-100 4.89178e-30 -1.95322e-29)
(-7.83724e-94 5.76918e-30 -2.3578e-29)
(-6.4542e-88 6.68077e-30 -2.83777e-29)
(-4.77358e-82 7.49789e-30 -3.39739e-29)
(-3.12456e-76 7.94802e-30 -4.02895e-29)
(-1.77606e-70 7.50485e-30 -4.69804e-29)
(-8.54862e-65 5.25604e-30 -5.31556e-29)
(-3.36362e-59 -1.10187e-31 -5.69289e-29)
(-1.02667e-53 -9.80401e-30 -5.50034e-29)
(-2.23124e-48 -2.366e-29 -4.38804e-29)
(-2.52273e-285 3.68151e-32 -1.19111e-32)
(-7.17288e-279 3.82347e-32 -3.61896e-32)
(-1.99969e-272 4.11267e-32 -6.18674e-32)
(-5.46257e-266 4.56037e-32 -8.99482e-32)
(-1.46116e-259 5.18393e-32 -1.2152e-31)
(-3.8243e-253 6.0075e-32 -1.57803e-31)
(-9.7864e-247 7.06297e-32 -2.0019e-31)
(-2.44656e-240 8.3911e-32 -2.50303e-31)
(-5.96995e-234 1.00431e-31 -3.10047e-31)
(-1.42058e-227 1.20824e-31 -3.81686e-31)
(-3.29313e-221 1.45874e-31 -4.67938e-31)
(-7.42914e-215 1.76538e-31 -5.72083e-31)
(-1.62915e-208 2.13991e-31 -6.98108e-31)
(-3.46849e-202 2.59664e-31 -8.50883e-31)
(-7.15989e-196 3.15309e-31 -1.03637e-30)
(-1.43099e-189 3.83062e-31 -1.26187e-30)
(-2.76477e-183 4.65532e-31 -1.53632e-30)
(-5.15514e-177 5.65899e-31 -1.87061e-30)
(-9.25944e-171 6.88037e-31 -2.27793e-30)
(-1.59888e-164 8.36645e-31 -2.77419e-30)
(-2.64832e-158 1.01741e-30 -3.37842e-30)
(-4.19748e-152 1.23715e-30 -4.1133e-30)
(-6.34875e-146 1.50401e-30 -5.00579e-30)
(-9.13589e-140 1.82757e-30 -6.08795e-30)
(-1.24651e-133 2.21898e-30 -7.39806e-30)
(-1.60638e-127 2.69079e-30 -8.98214e-30)
(-1.94669e-121 3.25661e-30 -1.08958e-29)
(-2.2072e-115 3.92995e-30 -1.32062e-29)
(-2.3277e-109 4.72168e-30 -1.59939e-29)
(-2.26746e-103 5.63466e-30 -1.93523e-29)
(-2.0234e-97 6.65273e-30 -2.33845e-29)
(-1.63752e-91 7.71869e-30 -2.81898e-29)
(-1.1869e-85 8.69172e-30 -3.38339e-29)
(-7.58292e-80 9.26919e-30 -4.02824e-29)
(-4.18089e-74 8.85677e-30 -4.72609e-29)
(-1.9317e-68 6.39961e-30 -5.39658e-29)
(-7.15685e-63 3.24786e-31 -5.85493e-29)
(-1.9737e-57 -1.09266e-29 -5.75436e-29)
(-3.45374e-52 -2.71175e-29 -4.70293e-29)
(4.37462e-286 4.15517e-32 -1.176e-32)
(8.95664e-280 4.31538e-32 -3.57306e-32)
(1.55493e-273 4.64178e-32 -6.10829e-32)
(1.74966e-267 5.14706e-32 -8.88076e-32)
(-1.80688e-261 5.85084e-32 -1.19979e-31)
(-2.12155e-254 6.78038e-32 -1.55802e-31)
(-9.52628e-248 7.97167e-32 -1.97653e-31)
(-3.37645e-241 9.47071e-32 -2.4713e-31)
(-1.05975e-234 1.13353e-31 -3.06116e-31)
(-3.06704e-228 1.36371e-31 -3.76848e-31)
(-8.33828e-222 1.64644e-31 -4.62006e-31)
(-2.15042e-215 1.99254e-31 -5.6483e-31)
(-5.28983e-209 2.41525e-31 -6.89258e-31)
(-1.24506e-202 2.93075e-31 -8.40096e-31)
(-2.80868e-196 3.55877e-31 -1.02323e-30)
(-6.07713e-190 4.32345e-31 -1.24588e-30)
(-1.26128e-183 5.25423e-31 -1.51686e-30)
(-2.50982e-177 6.38703e-31 -1.84692e-30)
(-4.78428e-171 7.76559e-31 -2.2491e-30)
(-8.72554e-165 9.44301e-31 -2.73912e-30)
(-1.52013e-158 1.14835e-30 -3.33577e-30)
(-2.52487e-152 1.39643e-30 -4.06148e-30)
(-3.98909e-146 1.69773e-30 -4.94291e-30)
(-5.97896e-140 2.06312e-30 -6.0118e-30)
(-8.47512e-134 2.5052e-30 -7.30612e-30)
(-1.13207e-127 3.03826e-30 -8.8716e-30)
(-1.41905e-121 3.67783e-30 -1.07637e-29)
(-1.66115e-115 4.43954e-30 -1.305e-29)
(-1.80562e-109 5.33639e-30 -1.5812e-29)
(-1.81013e-103 6.37304e-30 -1.9146e-29)
(-1.66007e-97 7.53404e-30 -2.31612e-29)
(-1.37899e-91 8.76e-30 -2.79699e-29)
(-1.0248e-85 9.90116e-30 -3.36638e-29)
(-6.706e-80 1.06301e-29 -4.02565e-29)
(-3.7835e-74 1.02912e-29 -4.75543e-29)
(-1.78718e-68 7.68946e-30 -5.4862e-29)
(-6.76281e-63 9.69496e-31 -6.03941e-29)
(-1.90257e-57 -1.18491e-29 -6.04919e-29)
(-3.39227e-52 -3.07683e-29 -4.99075e-29)
(9.79282e-283 4.62243e-32 -1.15908e-32)
(1.79285e-276 4.80064e-32 -3.52165e-32)
(2.2795e-270 5.16372e-32 -6.02041e-32)
(-1.08114e-264 5.72582e-32 -8.75301e-32)
(-2.21382e-257 6.50873e-32 -1.18254e-31)
(-1.07565e-250 7.54281e-32 -1.53561e-31)
(-4.00421e-244 8.86807e-32 -1.9481e-31)
(-1.30963e-237 1.05357e-31 -2.43576e-31)
(-3.93875e-231 1.261e-31 -3.01714e-31)
(-1.11184e-224 1.51708e-31 -3.71428e-31)
(-2.97733e-218 1.83161e-31 -4.55362e-31)
(-7.60872e-212 2.21663e-31 -5.56707e-31)
(-1.86207e-205 2.68688e-31 -6.79344e-31)
(-4.37241e-199 3.26034e-31 -8.28013e-31)
(-9.86048e-193 3.95897e-31 -1.00852e-30)
(-2.1362e-186 4.80963e-31 -1.22796e-30)
(-4.44466e-180 5.84506e-31 -1.49505e-30)
(-8.8756e-174 7.10526e-31 -1.82038e-30)
(-1.69931e-167 8.63891e-31 -2.21681e-30)
(-3.11512e-161 1.05052e-30 -2.69983e-30)
(-5.45863e-155 1.27755e-30 -3.28799e-30)
(-9.12513e-149 1.55359e-30 -4.00342e-30)
(-1.4519e-142 1.8889e-30 -4.87245e-30)
(-2.19287e-136 2.29559e-30 -5.92646e-30)
(-3.13422e-130 2.78776e-30 -7.20304e-30)
(-4.22422e-124 3.38141e-30 -8.74761e-30)
(-5.34665e-118 4.09407e-30 -1.06155e-29)
(-6.32515e-112 4.94356e-30 -1.28745e-29)
(-6.95508e-106 5.94527e-30 -1.56072e-29)
(-7.06208e-100 7.10614e-30 -1.89128e-29)
(-6.57009e-94 8.41237e-30 -2.29071e-29)
(-5.54774e-88 9.80434e-30 -2.77164e-29)
(-4.2026e-82 1.11269e-29 -3.34598e-29)
(-2.81462e-76 1.20338e-29 -4.02044e-29)
(-1.63529e-70 1.18169e-29 -4.7849e-29)
(-8.03534e-65 9.1457e-30 -5.58301e-29)
(-3.22201e-59 1.86105e-30 -6.2457e-29)
(-9.99277e-54 -1.2525e-29 -6.38911e-29)
(-2.19503e-48 -3.42495e-29 -5.48177e-29)
(4.43112e-286 5.08255e-32 -1.14037e-32)
(9.11937e-280 5.27849e-32 -3.46481e-32)
(1.60035e-273 5.67771e-32 -5.92325e-32)
(1.87253e-267 6.29575e-32 -8.61176e-32)
(-1.48459e-261 7.15659e-32 -1.16345e-31)
(-2.0396e-254 8.29361e-32 -1.51083e-31)
(-9.32444e-248 9.75081e-32 -1.91667e-31)
(-3.32834e-241 1.15845e-31 -2.39646e-31)
(-1.04867e-234 1.38654e-31 -2.96846e-31)
(-3.04238e-228 1.6681e-31 -3.65436e-31)
(-8.28551e-222 2.01395e-31 -4.48015e-31)
(-2.13957e-215 2.4373e-31 -5.47725e-31)
(-5.26851e-209 2.95436e-31 -6.68384e-31)
(-1.24107e-202 3.5849e-31 -8.14654e-31)
(-2.80165e-196 4.35307e-31 -9.92245e-31)
(-6.06558e-190 5.2884e-31 -1.20816e-30)
(-1.25955e-183 6.42691e-31 -1.47094e-30)
(-2.50757e-177 7.81258e-31 -1.79104e-30)
(-4.78207e-171 9.499e-31 -2.18111e-30)
(-8.72504e-165 1.15512e-30 -2.65639e-30)
(-1.52062e-158 1.4048e-30 -3.23515e-30)
(-2.52661e-152 1.7084e-30 -3.93921e-30)
(-3.99327e-146 2.07723e-30 -4.79451e-30)
(-5.98736e-140 2.52466e-30 -5.83203e-30)
(-8.49011e-134 3.06625e-30 -7.08895e-30)
(-1.1345e-127 3.71975e-30 -8.61033e-30)
(-1.42267e-121 4.50473e-30 -1.04513e-29)
(-1.66611e-115 5.44132e-30 -1.26798e-29)
(-1.81189e-109 6.54753e-30 -1.53794e-29)
(-1.81742e-103 7.83309e-30 -1.86526e-29)
(-1.66783e-97 9.28688e-30 -2.26215e-29)
(-1.38651e-91 1.0851e-29 -2.7427e-29)
(-1.03138e-85 1.23689e-29 -3.32179e-29)
(-6.75744e-80 1.34826e-29 -4.01184e-29)
(-3.81893e-74 1.34416e-29 -4.81319e-29)
(-1.80829e-68 1.07883e-29 -5.68532e-29)
(-6.86885e-63 3.03982e-30 -6.47283e-29)
(-1.94593e-57 -1.29046e-29 -6.7714e-29)
(-3.52909e-52 -3.80186e-29 -5.96981e-29)
(-5.42123e-285 5.53483e-32 -1.1199e-32)
(-1.50589e-278 5.7482e-32 -3.40263e-32)
(-4.10206e-272 6.18293e-32 -5.81696e-32)
(-1.09508e-265 6.85597e-32 -8.45723e-32)
(-2.86302e-259 7.79342e-32 -1.14258e-31)
(-7.32529e-253 9.03162e-32 -1.48373e-31)
(-1.83278e-246 1.06185e-31 -1.88228e-31)
(-4.4805e-240 1.26154e-31 -2.35347e-31)
(-1.06929e-233 1.50993e-31 -2.91521e-31)
(-2.48891e-227 1.81656e-31 -3.5888e-31)
(-5.6447e-221 2.19318e-31 -4.39978e-31)
(-1.24603e-214 2.65422e-31 -5.37899e-31)
(-2.67411e-208 3.21729e-31 -6.56392e-31)
(-5.57259e-202 3.90394e-31 -8.00039e-31)
(-1.12614e-195 4.74047e-31 -9.74446e-31)
(-2.20374e-189 5.75903e-31 -1.18649e-30)
(-4.1696e-183 6.99887e-31 -1.44457e-30)
(-7.61485e-177 8.5079e-31 -1.75894e-30)
(-1.33987e-170 1.03445e-30 -2.14204e-30)
(-2.26688e-164 1.25796e-30 -2.60885e-30)
(-3.67956e-158 1.52991e-30 -3.17733e-30)
(-5.71615e-152 1.86062e-30 -3.86894e-30)
(-8.47565e-146 2.26244e-30 -4.7092e-30)
(-1.19588e-139 2.74996e-30 -5.72865e-30)
(-1.60019e-133 3.34024e-30 -6.96402e-30)
(-2.02278e-127 4.05278e-30 -8.45992e-30)
(-2.40499e-121 4.90921e-30 -1.02712e-29)
(-2.67589e-115 5.93212e-30 -1.24659e-29)
(-2.76989e-109 7.14235e-30 -1.51288e-29)
(-2.64905e-103 8.55295e-30 -1.83649e-29)
(-2.32145e-97 1.01566e-29 -2.23035e-29)
(-1.84549e-91 1.18992e-29 -2.71e-29)
(-1.31438e-85 1.36268e-29 -3.29335e-29)
(-8.25415e-80 1.49777e-29 -3.99899e-29)
(-4.47499e-74 1.51718e-29 -4.83879e-29)
(-2.03375e-68 1.26367e-29 -5.79105e-29)
(-7.41194e-63 4.54988e-30 -6.71956e-29)
(-2.0079e-57 -1.29148e-29 -7.21029e-29)
(-3.42064e-52 -4.1561e-29 -6.48328e-29)
(-1.57462e-281 5.97858e-32 -1.09771e-32)
(-4.40426e-275 6.20905e-32 -3.3352e-32)
(-1.20813e-268 6.67863e-32 -5.7017e-32)
(-3.24804e-262 7.40562e-32 -8.28966e-32)
(-8.55261e-256 8.41822e-32 -1.11994e-31)
(-2.2041e-249 9.7557e-32 -1.45433e-31)
(-5.55501e-243 1.14698e-31 -1.84499e-31)
(-1.36807e-236 1.36269e-31 -2.30685e-31)
(-3.28944e-230 1.63099e-31 -2.85746e-31)
(-7.71484e-224 1.96221e-31 -3.51771e-31)
(-1.76317e-217 2.36904e-31 -4.31262e-31)
(-3.92253e-211 2.86704e-31 -5.27243e-31)
(-8.48498e-205 3.47526e-31 -6.43389e-31)
(-1.78246e-198 4.21696e-31 -7.8419e-31)
(-3.63166e-192 5.12056e-31 -9.55144e-31)
(-7.16623e-186 6.22079e-31 -1.16299e-30)
(-1.36745e-179 7.56006e-31 -1.41597e-30)
(-2.51909e-173 9.19014e-31 -1.72413e-30)
(-4.47196e-167 1.11742e-30 -2.09967e-30)
(-7.63503e-161 1.35888e-30 -2.55729e-30)
(-1.25093e-154 1.65268e-30 -3.11462e-30)
(-1.9621e-148 2.01001e-30 -3.7927e-30)
(-2.93839e-142 2.44423e-30 -4.61664e-30)
(-4.18896e-136 2.97115e-30 -5.61647e-30)
(-5.66581e-130 3.60932e-30 -6.82839e-30)
(-7.24334e-124 4.37999e-30 -8.29654e-30)
(-8.71517e-118 5.30691e-30 -1.00754e-29)
(-9.82065e-112 6.41523e-30 -1.22331e-29)
(-1.03054e-105 7.72887e-30 -1.48553e-29)
(-1.00036e-99 9.26473e-30 -1.80497e-29)
(-8.91256e-94 1.10202e-29 -2.19523e-29)
(-7.21916e-88 1.29475e-29 -2.6733e-29)
(-5.25508e-82 1.48995e-29 -3.26022e-29)
(-3.38835e-76 1.65193e-29 -3.98095e-29)
(-1.89948e-70 1.70121e-29 -4.86001e-29)
(-9.03165e-65 1.47093e-29 -5.89775e-29)
(-3.51866e-59 6.43878e-30 -6.98386e-29)
(-1.06681e-53 -1.24752e-29 -7.69362e-29)
(-2.31453e-48 -4.49693e-29 -7.08764e-29)
(-1.72385e-281 6.4131e-32 -1.07383e-32)
(-4.63431e-275 6.66032e-32 -3.26264e-32)
(-1.21902e-268 7.16402e-32 -5.57764e-32)
(-3.13468e-262 7.94385e-32 -8.10931e-32)
(-7.87263e-256 9.03005e-32 -1.09558e-31)
(-1.92901e-249 1.04647e-31 -1.4227e-31)
(-4.6062e-243 1.23035e-31 -1.80486e-31)
(-1.07052e-236 1.46173e-31 -2.25667e-31)
(-2.41811e-230 1.74954e-31 -2.7953e-31)
(-5.3003e-224 2.10484e-31 -3.44119e-31)
(-1.12533e-217 2.54124e-31 -4.21881e-31)
(-2.30946e-211 3.07545e-31 -5.15774e-31)
(-4.57006e-205 3.72788e-31 -6.29394e-31)
(-8.69408e-199 4.52349e-31 -7.67133e-31)
(-1.58424e-192 5.49277e-31 -9.34369e-31)
(-2.75206e-186 6.67298e-31 -1.1377e-30)
(-4.5286e-180 8.10962e-31 -1.38518e-30)
(-6.99444e-174 9.85826e-31 -1.68666e-30)
(-9.99499e-168 1.19866e-30 -2.05407e-30)
(-1.28821e-161 1.45771e-30 -2.5018e-30)
(-1.4177e-155 1.77294e-30 -3.04711e-30)
(-1.12523e-149 2.15635e-30 -3.71063e-30)
(-2.33327e-145 2.62232e-30 -4.51697e-30)
(2.3587e-137 3.18791e-30 -5.49564e-30)
(6.45502e-131 3.87308e-30 -6.68225e-30)
(1.24615e-124 4.70089e-30 -8.1204e-30)
(2.00977e-118 5.69724e-30 -9.86417e-30)
(2.8439e-112 6.88992e-30 -1.19815e-29)
(3.59585e-106 8.30621e-30 -1.45589e-29)
(4.08735e-100 9.96734e-30 -1.77067e-29)
(4.17541e-94 1.18766e-29 -2.1567e-29)
(3.8156e-88 1.39944e-29 -2.63241e-29)
(3.09324e-82 1.61853e-29 -3.22192e-29)
(2.1975e-76 1.81063e-29 -3.95674e-29)
(1.34489e-70 1.89654e-29 -4.87499e-29)
(6.92397e-65 1.70229e-29 -6.00252e-29)
(2.89846e-59 8.7574e-30 -7.26325e-29)
(9.37576e-54 -1.14899e-29 -8.23845e-29)
(2.16079e-48 -4.74836e-29 -7.77055e-29)
(-8.05995e-285 6.83774e-32 -1.04829e-32)
(-2.14887e-278 7.10132e-32 -3.18504e-32)
(-5.6028e-272 7.63837e-32 -5.44499e-32)
(-1.42722e-265 8.46982e-32 -7.91646e-32)
(-3.5481e-259 9.62795e-32 -1.06952e-31)
(-8.59787e-253 1.11577e-31 -1.38886e-31)
(-2.02806e-246 1.31182e-31 -1.76194e-31)
(-4.64928e-240 1.55853e-31 -2.20301e-31)
(-1.034e-233 1.8654e-31 -2.72884e-31)
(-2.22613e-227 2.24422e-31 -3.35937e-31)
(-4.62758e-221 2.70953e-31 -4.1185e-31)
(-9.25819e-215 3.27911e-31 -5.0351e-31)
(-1.77524e-208 3.97475e-31 -6.14428e-31)
(-3.24408e-202 4.82305e-31 -7.48892e-31)
(-5.60408e-196 5.85652e-31 -9.12154e-31)
(-9.03625e-190 7.11489e-31 -1.11065e-30)
(-1.3302e-183 8.6467e-31 -1.35226e-30)
(-1.70708e-177 1.05112e-30 -1.64659e-30)
(-1.67505e-171 1.27807e-30 -2.0053e-30)
(-4.7472e-166 1.55431e-30 -2.44244e-30)
(3.26643e-159 1.89048e-30 -2.97489e-30)
(1.17197e-152 2.29941e-30 -3.62283e-30)
(2.78808e-146 2.79646e-30 -4.41033e-30)
(5.52461e-140 3.39988e-30 -5.36632e-30)
(9.69559e-134 4.13111e-30 -6.52579e-30)
(1.54362e-127 5.01499e-30 -7.93171e-30)
(2.25285e-121 6.07958e-30 -9.63763e-30)
(3.02629e-115 7.35545e-30 -1.17113e-29)
(3.74337e-109 8.87345e-30 -1.42398e-29)
(4.25498e-103 1.06596e-29 -1.73356e-29)
(4.42628e-97 1.27242e-29 -2.11469e-29)
(4.18851e-91 1.50379e-29 -2.58713e-29)
(3.57585e-85 1.74816e-29 -3.17798e-29)
(2.72425e-79 1.9736e-29 -3.92534e-29)
(1.82533e-73 2.10321e-29 -4.88168e-29)
(1.05474e-67 1.9592e-29 -6.10192e-29)
(5.11641e-62 1.15595e-29 -7.55411e-29)
(2.00692e-56 -9.87281e-30 -8.81843e-29)
(6.04442e-51 -4.92361e-29 -8.53958e-29)
(-1.54076e-281 7.25183e-32 -1.02113e-32)
(-4.30954e-275 7.53137e-32 -3.10253e-32)
(-1.18216e-268 8.10094e-32 -5.30394e-32)
(-3.17828e-262 8.98274e-32 -7.7114e-32)
(-8.36914e-256 1.0211e-31 -1.04182e-31)
(-2.15689e-249 1.18334e-31 -1.35289e-31)
(-5.43627e-243 1.39126e-31 -1.7163e-31)
(-1.3389e-236 1.65291e-31 -2.14595e-31)
(-3.21952e-230 1.97837e-31 -2.65816e-31)
(-7.55148e-224 2.38015e-31 -3.27236e-31)
(-1.726e-217 2.87364e-31 -4.01183e-31)
(-3.84029e-211 3.47773e-31 -4.9047e-31)
(-8.30821e-205 4.2155e-31 -5.98515e-31)
(-1.74561e-198 5.11518e-31 -7.29497e-31)
(-3.55723e-192 6.21125e-31 -8.88532e-31)
(-7.02088e-186 7.54584e-31 -1.08189e-30)
(-1.34005e-179 9.17047e-31 -1.31725e-30)
(-2.46935e-173 1.1148e-30 -1.60398e-30)
(-4.38516e-167 1.35552e-30 -1.95343e-30)
(-7.48983e-161 1.64853e-30 -2.37932e-30)
(-1.22772e-154 2.00513e-30 -2.89809e-30)
(-1.92674e-148 2.43896e-30 -3.52943e-30)
(-2.8873e-142 2.96635e-30 -4.29688e-30)
(-4.11927e-136 3.60674e-30 -5.2287e-30)
(-5.57659e-130 4.38302e-30 -6.35923e-30)
(-7.13694e-124 5.32178e-30 -7.7307e-30)
(-8.59818e-118 6.45333e-30 -9.39607e-30)
(-9.70376e-112 7.81108e-30 -1.14228e-29)
(-1.02016e-105 9.42965e-30 -1.38981e-29)
(-9.9252e-100 1.13404e-29 -1.69365e-29)
(-8.86678e-94 1.35613e-29 -2.06913e-29)
(-7.2058e-88 1.60757e-29 -2.53726e-29)
(-5.26626e-82 1.87852e-29 -3.12795e-29)
(-3.41176e-76 2.14044e-29 -3.88573e-29)
(-1.92333e-70 2.32097e-29 -4.87787e-29)
(-9.20351e-65 2.24273e-29 -6.19197e-29)
(-3.61067e-59 1.4902e-29 -7.85255e-29)
(-1.10267e-53 -7.53692e-30 -9.45437e-29)
(-2.40938e-48 -5.34499e-29 -9.37464e-29)
(-6.75458e-281 7.65474e-32 -9.92397e-33)
(-1.85001e-274 7.94981e-32 -3.01524e-32)
(-4.96523e-268 8.55102e-32 -5.15472e-32)
(-1.30495e-261 9.48181e-32 -7.49444e-32)
(-3.35598e-255 1.07783e-31 -1.01251e-31)
(-8.43868e-249 1.24908e-31 -1.31483e-31)
(-2.07301e-242 1.46856e-31 -1.66802e-31)
(-4.97067e-236 1.74475e-31 -2.08558e-31)
(-1.16227e-229 2.0883e-31 -2.58339e-31)
(-2.64752e-223 2.51241e-31 -3.18031e-31)
(-5.86871e-217 3.03332e-31 -3.89898e-31)
(-1.26449e-210 3.67098e-31 -4.76673e-31)
(-2.64494e-204 4.44975e-31 -5.81679e-31)
(-5.36362e-198 5.39942e-31 -7.08977e-31)
(-1.05295e-191 6.5564e-31 -8.63541e-31)
(-1.99793e-185 7.96518e-31 -1.05147e-30)
(-3.65785e-179 9.68013e-31 -1.28022e-30)
(-6.44944e-173 1.17677e-30 -1.5589e-30)
(-1.09287e-166 1.43088e-30 -1.89855e-30)
(-1.77572e-160 1.74022e-30 -2.31252e-30)
(-2.75952e-154 2.11671e-30 -2.81681e-30)
(-4.08993e-148 2.57479e-30 -3.43058e-30)
(-5.76283e-142 3.13175e-30 -4.17678e-30)
(-7.69181e-136 3.80818e-30 -5.08299e-30)
(-9.68509e-130 4.6284e-30 -6.18278e-30)
(-1.14497e-123 5.62078e-30 -7.51764e-30)
(-1.26382e-117 6.81789e-30 -9.13977e-30)
(-1.29392e-111 8.25603e-30 -1.11161e-29)
(-1.21896e-105 9.97383e-30 -1.35339e-29)
(-1.04623e-99 1.20083e-29 -1.65093e-29)
(-8.07787e-94 1.43863e-29 -2.01998e-29)
(-5.5155e-88 1.71054e-29 -2.48265e-29)
(-3.24959e-82 2.00923e-29 -3.07141e-29)
(-1.58836e-76 2.31059e-29 -3.83685e-29)
(-5.96868e-71 2.54924e-29 -4.86122e-29)
(-1.38431e-65 2.55351e-29 -6.26807e-29)
(5.75903e-61 1.88455e-29 -8.1534e-29)
(2.11835e-54 -4.26122e-30 -1.01855e-28)
(9.2898e-49 -5.59104e-29 -1.05321e-28)
(-2.91758e-284 8.04585e-32 -9.62136e-33)
(-7.97394e-278 8.35599e-32 -2.92329e-32)
(-2.13594e-271 8.98791e-32 -4.99754e-32)
(-5.60375e-265 9.96626e-32 -7.26594e-32)
(-1.4389e-258 1.1329e-31 -9.8164e-32)
(-3.61339e-252 1.3129e-31 -1.27474e-31)
(-8.86715e-246 1.5436e-31 -1.61717e-31)
(-2.12454e-239 1.8339e-31 -2.022e-31)
(-4.96552e-233 2.19501e-31 -2.50463e-31)
(-1.13099e-226 2.64079e-31 -3.08336e-31)
(-2.50784e-220 3.18833e-31 -3.78012e-31)
(-5.40755e-214 3.85857e-31 -4.62141e-31)
(-1.13252e-207 4.67714e-31 -5.63946e-31)
(-2.30079e-201 5.67535e-31 -6.87364e-31)
(-4.52783e-195 6.89146e-31 -8.37217e-31)
(-8.6186e-189 8.37225e-31 -1.01942e-30)
(-1.5842e-182 1.01749e-30 -1.2412e-30)
(-2.80696e-176 1.23692e-30 -1.51141e-30)
(-4.78497e-170 1.50405e-30 -1.84074e-30)
(-7.83096e-164 1.82923e-30 -2.24215e-30)
(-1.22752e-157 2.22506e-30 -2.73117e-30)
(-1.8382e-151 2.7067e-30 -3.32642e-30)
(-2.62218e-145 3.29239e-30 -4.0502e-30)
(-3.55169e-139 4.00387e-30 -4.92937e-30)
(-4.55132e-133 4.86687e-30 -5.99671e-30)
(-5.49521e-127 5.91152e-30 -7.29281e-30)
(-6.22206e-121 7.17265e-30 -8.86902e-30)
(-6.57102e-115 8.68957e-30 -1.07916e-29)
(-6.4318e-109 1.0505e-29 -1.31476e-29)
(-5.79148e-103 1.26621e-29 -1.6054e-29)
(-4.7546e-97 1.51971e-29 -1.96719e-29)
(-3.52011e-91 1.81239e-29 -2.42314e-29)
(-2.31839e-85 2.13982e-29 -3.00794e-29)
(-1.33468e-79 2.4833e-29 -3.77772e-29)
(-6.56063e-74 2.78705e-29 -4.82929e-29)
(-2.66394e-68 2.8915e-29 -6.32491e-29)
(-8.49452e-63 2.34504e-29 -8.44847e-29)
(-1.94629e-57 1.561e-31 -1.09495e-28)
(-2.60411e-52 -5.67976e-29 -1.16346e-28)
(-1.64747e-281 8.42455e-32 -9.30391e-33)
(-4.60855e-275 8.74928e-32 -2.82685e-32)
(-1.26432e-268 9.41094e-32 -4.83266e-32)
(-3.39952e-262 1.04353e-31 -7.02622e-32)
(-8.95255e-256 1.18622e-31 -9.49256e-32)
(-2.30744e-249 1.3747e-31 -1.23269e-31)
(-5.81614e-243 1.61625e-31 -1.56382e-31)
(-1.43254e-236 1.92023e-31 -1.9553e-31)
(-3.44485e-230 2.29833e-31 -2.42201e-31)
(-8.0802e-224 2.7651e-31 -2.98165e-31)
(-1.84686e-217 3.33842e-31 -3.65542e-31)
(-4.10912e-211 4.04021e-31 -4.46897e-31)
(-8.8894e-205 4.89732e-31 -5.45344e-31)
(-1.86757e-198 5.94253e-31 -6.64691e-31)
(-3.80534e-192 7.2159e-31 -8.09603e-31)
(-7.5094e-186 8.76642e-31 -9.85797e-31)
(-1.433e-179 1.0654e-30 -1.20028e-30)
(-2.63992e-173 1.29517e-30 -1.46158e-30)
(-4.68653e-167 1.5749e-30 -1.78009e-30)
(-8.00132e-161 1.91544e-30 -2.16832e-30)
(-1.31091e-154 2.32999e-30 -2.64131e-30)
(-2.05607e-148 2.83447e-30 -3.21712e-30)
(-3.07889e-142 3.44802e-30 -3.91734e-30)
(-4.38886e-136 4.1935e-30 -4.76809e-30)
(-5.93553e-130 5.09804e-30 -5.80125e-30)
(-7.58725e-124 6.19352e-30 -7.05649e-30)
(-9.12792e-118 7.51703e-30 -8.58416e-30)
(-1.02849e-111 9.11092e-30 -1.04496e-29)
(-1.07923e-105 1.10222e-29 -1.27394e-29)
(-1.04773e-99 1.33003e-29 -1.55709e-29)
(-9.33734e-94 1.59919e-29 -1.91074e-29)
(-7.56794e-88 1.91282e-29 -2.35863e-29)
(-5.51515e-82 2.26976e-29 -2.93722e-29)
(-3.56269e-76 2.65766e-29 -3.70741e-29)
(-2.00315e-70 3.03301e-29 -4.77958e-29)
(-9.56802e-65 3.25581e-29 -6.35647e-29)
(-3.75352e-59 2.8773e-29 -8.72858e-29)
(-1.15043e-53 5.91857e-30 -1.17904e-28)
(-2.54245e-48 -6.20183e-29 -1.29303e-28)
(-1.13204e-280 8.79026e-32 -8.97212e-33)
(-3.09224e-274 9.12908e-32 -2.72604e-32)
(-8.27584e-268 9.81946e-32 -4.66033e-32)
(-2.16855e-261 1.08883e-31 -6.77568e-32)
(-5.55932e-255 1.23772e-31 -9.15408e-32)
(-1.39322e-248 1.43437e-31 -1.18874e-31)
(-3.41035e-242 1.68642e-31 -1.50806e-31)
(-8.14638e-236 2.00359e-31 -1.88559e-31)
(-1.89713e-229 2.39811e-31 -2.33566e-31)
(-4.30276e-223 2.88515e-31 -2.87534e-31)
(-9.49365e-217 3.48336e-31 -3.52509e-31)
(-2.03533e-210 4.21563e-31 -4.30963e-31)
(-4.23441e-204 5.10996e-31 -5.259e-31)
(-8.53693e-198 6.20055e-31 -6.40993e-31)
(-1.66533e-191 7.52922e-31 -7.80739e-31)
(-3.13816e-185 9.14709e-31 -9.50656e-31)
(-5.70211e-179 1.11167e-30 -1.1575e-30)
(-9.97061e-173 1.35143e-30 -1.40951e-30)
(-1.67409e-166 1.64333e-30 -1.71669e-30)
(-2.69243e-160 1.99871e-30 -2.09113e-30)
(-4.13653e-154 2.43135e-30 -2.54737e-30)
(-6.05224e-148 2.9579e-30 -3.10282e-30)
(-8.40361e-142 3.59839e-30 -3.77839e-30)
(-1.10291e-135 4.37678e-30 -4.59937e-30)
(-1.36178e-129 5.32155e-30 -5.5967e-30)
(-1.57313e-123 6.46632e-30 -6.80901e-30)
(-1.68898e-117 7.85044e-30 -8.28554e-30)
(-1.67149e-111 9.51933e-30 -1.00906e-29)
(-1.50874e-105 1.15244e-29 -1.23097e-29)
(-1.22458e-99 1.39217e-29 -1.50601e-29)
(-8.75602e-94 1.67684e-29 -1.85064e-29)
(-5.33529e-88 2.01148e-29 -2.28903e-29)
(-2.59661e-82 2.39845e-29 -2.85898e-29)
(-8.39787e-77 2.83258e-29 -3.62507e-29)
(-1.04591e-73 3.28527e-29 -4.70966e-29)
(2.23285e-65 3.64446e-29 -6.35605e-29)
(1.74013e-59 3.48631e-29 -8.98126e-29)
(7.89345e-54 1.34816e-29 -1.27653e-28)
(2.26907e-48 -6.45166e-29 -1.47936e-28)
(-3.96021e-284 9.14241e-32 -8.6265e-33)
(-1.07537e-277 9.49481e-32 -2.62103e-32)
(-2.86095e-271 1.02128e-31 -4.48082e-32)
(-7.45188e-265 1.13245e-31 -6.51469e-32)
(-1.89889e-258 1.2873e-31 -8.80148e-32)
(-4.7301e-252 1.49183e-31 -1.14295e-31)
(-1.15082e-245 1.75398e-31 -1.44998e-31)
(-2.73224e-239 2.08386e-31 -1.81296e-31)
(-6.32398e-233 2.49419e-31 -2.2457e-31)
(-1.42552e-226 3.00075e-31 -2.7646e-31)
(-3.12597e-220 3.62293e-31 -3.38933e-31)
(-6.6606e-214 4.38455e-31 -4.14365e-31)
(-1.37721e-207 5.31472e-31 -5.05646e-31)
(-2.75958e-201 6.44901e-31 -6.16306e-31)
(-5.35044e-195 7.83094e-31 -7.50672e-31)
(-1.00214e-188 9.51367e-31 -9.14048e-31)
(-1.81003e-182 1.15622e-30 -1.11293e-30)
(-3.14633e-176 1.40561e-30 -1.35525e-30)
(-5.25229e-170 1.70923e-30 -1.65063e-30)
(-8.39991e-164 2.07891e-30 -2.01071e-30)
(-1.28358e-157 2.52898e-30 -2.44948e-30)
(-1.86849e-151 3.07681e-30 -2.98371e-30)
(-2.58229e-145 3.74327e-30 -3.63357e-30)
(-3.37511e-139 4.55341e-30 -4.42346e-30)
(-4.15341e-133 5.53702e-30 -5.38334e-30)
(-4.78738e-127 6.72946e-30 -6.55071e-30)
(-5.13688e-121 8.17229e-30 -7.97356e-30)
(-5.0932e-115 9.91404e-30 -9.71483e-30)
(-4.62392e-109 1.20105e-29 -1.1859e-29)
(-3.79952e-103 1.45246e-29 -1.45221e-29)
(-2.78301e-97 1.75246e-29 -1.78688e-29)
(-1.77883e-91 2.10802e-29 -2.2143e-29)
(-9.60829e-86 2.52526e-29 -2.773e-29)
(-4.15004e-80 3.00685e-29 -3.53004e-29)
(-1.26919e-74 3.54147e-29 -4.61721e-29)
(-1.65174e-69 4.05409e-29 -6.31627e-29)
(6.77806e-64 4.17496e-29 -9.18784e-29)
(4.34382e-58 2.33049e-29 -1.3778e-28)
(1.00688e-52 -6.43122e-29 -1.65778e-28)
(-8.72594e-284 9.48047e-32 -8.26758e-33)
(-2.37773e-277 9.84589e-32 -2.51198e-32)
(-6.35194e-271 1.05905e-31 -4.29439e-32)
(-1.66266e-264 1.17432e-31 -6.24365e-32)
(-4.26195e-258 1.3349e-31 -8.43531e-32)
(-1.06926e-251 1.547e-31 -1.0954e-31)
(-2.62419e-245 1.81884e-31 -1.38966e-31)
(-6.29683e-239 2.16092e-31 -1.73754e-31)
(-1.47661e-232 2.58643e-31 -2.15228e-31)
(-3.38265e-226 3.11172e-31 -2.64959e-31)
(-7.56782e-220 3.75692e-31 -3.24833e-31)
(-1.65328e-213 4.54671e-31 -3.97127e-31)
(-3.52693e-207 5.51128e-31 -4.84611e-31)
(-7.34914e-201 6.68754e-31 -5.90668e-31)
(-1.49657e-194 8.12058e-31 -7.19446e-31)
(-2.98078e-188 9.86558e-31 -8.7603e-31)
(-5.81317e-182 1.199e-30 -1.06665e-30)
(-1.1115e-175 1.45762e-30 -1.2989e-30)
(-2.08642e-169 1.7725e-30 -1.58203e-30)
(-3.84937e-163 2.15591e-30 -1.92718e-30)
(-6.98477e-157 2.62273e-30 -2.34779e-30)
(-1.24623e-150 3.191e-30 -2.85996e-30)
(-2.18355e-144 3.88243e-30 -3.48307e-30)
(-3.7475e-138 4.7231e-30 -4.24062e-30)
(-6.27654e-132 5.74412e-30 -5.16149e-30)
(-1.02108e-125 6.98249e-30 -6.28195e-30)
(-1.60471e-119 8.48202e-30 -7.64863e-30)
(-2.42176e-113 1.02943e-29 -9.32291e-30)
(-3.48726e-107 1.24797e-29 -1.13876e-29)
(-4.75857e-101 1.51078e-29 -1.39573e-29)
(-6.10731e-95 1.82582e-29 -1.71952e-29)
(-7.30979e-89 2.20206e-29 -2.13447e-29)
(-8.07657e-83 2.6495e-29 -2.67921e-29)
(-8.13247e-77 3.17907e-29 -3.42183e-29)
(-7.33318e-71 3.79876e-29 -4.50021e-29)
(-5.76994e-65 4.47967e-29 -6.22935e-29)
(-3.79391e-59 4.94267e-29 -9.32598e-29)
(-1.91251e-53 3.58886e-29 -1.48865e-28)
(-5.80459e-48 -6.02162e-29 -1.91705e-28)
(-2.49497e-280 9.80391e-32 -7.89591e-33)
(-6.86096e-274 1.01818e-31 -2.39905e-32)
(-1.85122e-267 1.09518e-31 -4.10134e-32)
(-4.89924e-261 1.21439e-31 -5.96298e-32)
(-1.27136e-254 1.38044e-31 -8.05614e-32)
(-3.23428e-248 1.59977e-31 -1.04616e-31)
(-8.06476e-242 1.88089e-31 -1.3272e-31)
(-1.97106e-235 2.23465e-31 -1.65944e-31)
(-4.72232e-229 2.67468e-31 -2.05554e-31)
(-1.10941e-222 3.2179e-31 -2.5305e-31)
(-2.55697e-216 3.88512e-31 -3.10233e-31)
(-5.78596e-210 4.70186e-31 -3.79277e-31)
(-1.28661e-203 5.69935e-31 -4.62829e-31)
(-2.81455e-197 6.91575e-31 -5.6412e-31)
(-6.06417e-191 8.39772e-31 -6.87111e-31)
(-1.28823e-184 1.02023e-30 -8.3666e-31)
(-2.70032e-178 1.23993e-30 -1.01872e-30)
(-5.5867e-172 1.50739e-30 -1.24055e-30)
(-1.14031e-165 1.83305e-30 -1.51098e-30)
(-2.29338e-159 2.22959e-30 -1.84067e-30)
(-4.53526e-153 2.71244e-30 -2.24246e-30)
(-8.79355e-147 3.30029e-30 -2.73177e-30)
(-1.66598e-140 4.01565e-30 -3.32714e-30)
(-3.07218e-134 4.88559e-30 -4.05112e-30)
(-5.49196e-128 5.94249e-30 -4.93147e-30)
(-9.47722e-122 7.22498e-30 -6.00313e-30)
(-1.57196e-115 8.77908e-30 -7.31119e-30)
(-2.49513e-109 1.06594e-29 -8.9153e-30)
(-3.77261e-103 1.29307e-29 -1.08963e-29)
(-5.40691e-97 1.56697e-29 -1.33663e-29)
(-7.30544e-91 1.8967e-29 -1.64863e-29)
(-9.24711e-85 2.29324e-29 -2.04957e-29)
(-1.08829e-78 2.77048e-29 -2.5776e-29)
(-1.17956e-72 3.34779e-29 -3.30019e-29)
(-1.16236e-66 4.05382e-29 -4.35709e-29)
(-1.02195e-60 4.91424e-29 -6.08749e-29)
(-7.77031e-55 5.78346e-29 -9.366e-29)
(-4.79701e-49 5.17656e-29 -1.59709e-28)
(-1.99246e-43 -5.09865e-29 -2.2043e-28)
(-1.01079e-278 1.01122e-31 -7.51206e-33)
(-4.03868e-272 1.0502e-31 -2.28243e-32)
(-1.52216e-265 1.12962e-31 -3.90197e-32)
(-5.48123e-259 1.25258e-31 -5.67312e-32)
(-1.89971e-252 1.42385e-31 -7.66454e-32)
(-6.36571e-246 1.65009e-31 -9.95313e-32)
(-2.06826e-239 1.94004e-31 -1.26268e-31)
(-6.52782e-233 2.30493e-31 -1.57878e-31)
(-2.00377e-226 2.7588e-31 -1.95563e-31)
(-5.9862e-220 3.31911e-31 -2.40751e-31)
(-1.74116e-213 4.00732e-31 -2.95154e-31)
(-4.93128e-207 4.84976e-31 -3.60843e-31)
(-1.35978e-200 5.87864e-31 -4.40333e-31)
(-3.64963e-194 7.13331e-31 -5.36701e-31)
(-9.53057e-188 8.6619e-31 -6.53715e-31)
(-2.42014e-181 1.05233e-30 -7.95999e-31)
(-5.97203e-175 1.27894e-30 -9.69216e-31)
(-1.43094e-168 1.55484e-30 -1.18028e-30)
(-3.32617e-162 1.89077e-30 -1.43759e-30)
(-7.49285e-156 2.29984e-30 -1.7513e-30)
(-1.63393e-149 2.79799e-30 -2.13365e-30)
(-3.44471e-143 3.40451e-30 -2.59932e-30)
(-7.01113e-137 4.14271e-30 -3.16601e-30)
(-1.37551e-130 5.04061e-30 -3.85525e-30)
(-2.59672e-124 6.1318e-30 -4.69361e-30)
(-4.70808e-118 7.45652e-30 -5.71463e-30)
(-8.18076e-112 9.06292e-30 -6.96174e-30)
(-1.35908e-105 1.10086e-29 -8.49257e-30)
(-2.15304e-99 1.33628e-29 -1.03856e-29)
(-3.24281e-93 1.62089e-29 -1.275e-29)
(-4.62807e-87 1.96488e-29 -1.57427e-29)
(-6.235e-81 2.38118e-29 -1.95971e-29)
(-7.89485e-75 2.88747e-29 -2.4683e-29)
(-9.34858e-69 3.51144e-29 -3.16516e-29)
(-1.02922e-62 4.30293e-29 -4.18692e-29)
(-1.04628e-56 5.34871e-29 -5.88342e-29)
(-9.74095e-51 6.6837e-29 -9.27352e-29)
(-8.22323e-45 7.14973e-29 -1.7063e-28)
(-6.21747e-39 -4.224e-29 -2.58257e-28)
(2.01718e-277 1.0405e-31 -7.11664e-33)
(7.74263e-271 1.0806e-31 -2.16229e-32)
(2.82232e-264 1.16232e-31 -3.69659e-32)
(9.86629e-258 1.28884e-31 -5.37452e-32)
(3.32706e-251 1.46507e-31 -7.26112e-32)
(1.0862e-244 1.69785e-31 -9.42927e-32)
(3.44131e-238 1.9962e-31 -1.19623e-31)
(1.05963e-231 2.37165e-31 -1.49569e-31)
(3.174e-225 2.83867e-31 -1.8527e-31)
(9.25383e-219 3.41521e-31 -2.2808e-31)
(2.62663e-212 4.12335e-31 -2.7962e-31)
(7.25841e-206 4.99019e-31 -3.41851e-31)
(1.95241e-199 6.04886e-31 -4.17158e-31)
(5.11025e-193 7.33987e-31 -5.08454e-31)
(1.3009e-186 8.91274e-31 -6.19311e-31)
(3.21895e-180 1.0828e-30 -7.5411e-31)
(7.73645e-174 1.31599e-30 -9.18217e-31)
(1.80451e-167 1.59989e-30 -1.11818e-30)
(4.08092e-161 1.94558e-30 -1.36198e-30)
(8.93859e-155 2.36655e-30 -1.65922e-30)
(1.89399e-148 2.87923e-30 -2.02152e-30)
(3.8771e-142 3.5035e-30 -2.46282e-30)
(7.65642e-136 4.26341e-30 -2.99993e-30)
(1.45623e-129 5.1879e-30 -3.65331e-30)
(2.66285e-123 6.31174e-30 -4.44828e-30)
(4.67213e-117 7.67671e-30 -5.4169e-30)
(7.84847e-111 9.33303e-30 -6.60077e-30)
(1.25921e-104 1.13413e-29 -8.05532e-30)
(1.92432e-98 1.37749e-29 -9.85621e-30)
(2.79254e-92 1.67241e-29 -1.21091e-29)
(3.83507e-86 2.03015e-29 -1.49657e-29)
(4.96492e-80 2.46552e-29 -1.86505e-29)
(6.03241e-74 2.99978e-29 -2.35155e-29)
(6.84375e-68 3.6685e-29 -3.0171e-29)
(7.20695e-62 4.54208e-29 -3.98963e-29)
(6.99592e-56 5.77186e-29 -5.61133e-29)
(6.2085e-50 7.61909e-29 -9.00579e-29)
(4.98705e-44 9.59532e-29 -1.81524e-28)
(3.5817e-38 -3.57923e-29 -3.03182e-28)
(3.82226e-275 1.06816e-31 -6.71024e-33)
(1.2069e-268 1.10933e-31 -2.03881e-32)
(3.74939e-262 1.19322e-31 -3.4855e-32)
(1.14546e-255 1.32311e-31 -5.06762e-32)
(3.43959e-249 1.50403e-31 -6.84651e-32)
(1.01465e-242 1.743e-31 -8.89086e-32)
(2.93879e-236 2.04929e-31 -1.12792e-31)
(8.3523e-230 2.43473e-31 -1.41029e-31)
(2.32789e-223 2.91417e-31 -1.74692e-31)
(6.35852e-217 3.50604e-31 -2.15057e-31)
(1.70093e-210 4.23302e-31 -2.63654e-31)
(4.45283e-204 5.12292e-31 -3.22332e-31)
(1.13991e-197 6.20975e-31 -3.9334e-31)
(2.85124e-191 7.53511e-31 -4.79423e-31)
(6.96214e-185 9.14984e-31 -5.83952e-31)
(1.65804e-178 1.11161e-30 -7.11056e-31)
(3.84731e-172 1.35101e-30 -8.65799e-31)
(8.68895e-166 1.64247e-30 -1.05436e-30)
(1.90778e-159 1.99739e-30 -1.28426e-30)
(4.06729e-153 2.42961e-30 -1.56457e-30)
(8.4086e-147 2.95603e-30 -1.90626e-30)
(1.6833e-140 3.5971e-30 -2.32248e-30)
(3.25795e-134 4.37756e-30 -2.82914e-30)
(6.08611e-128 5.32722e-30 -3.44559e-30)
(1.09534e-121 6.482e-30 -4.19585e-30)
(1.89536e-115 7.88514e-30 -5.11038e-30)
(3.14634e-109 9.58889e-30 -6.22883e-30)
(4.99838e-103 1.16567e-29 -7.60419e-30)
(7.57843e-97 1.41661e-29 -9.309e-30)
(1.09329e-90 1.72138e-29 -1.14447e-29)
(1.4956e-84 2.09229e-29 -1.41565e-29)
(1.93262e-78 2.5459e-29 -1.76579e-29)
(2.34864e-72 3.10675e-29 -2.2277e-29)
(2.67071e-66 3.81746e-29 -2.8567e-29)
(2.82504e-60 4.7672e-29 -3.76625e-29)
(2.76064e-54 6.17052e-29 -5.26802e-29)
(2.47174e-48 8.54972e-29 -8.50883e-29)
(2.00754e-42 1.26456e-28 -1.93049e-28)
(1.4609e-36 8.33605e-29 -8.71447e-28)
(-1.02079e-274 1.09418e-31 -6.2935e-33)
(-3.23473e-268 1.13636e-31 -1.91219e-32)
(-1.00858e-261 1.22229e-31 -3.26904e-32)
(-3.09279e-255 1.35534e-31 -4.75292e-32)
(-9.3226e-249 1.54066e-31 -6.42133e-32)
(-2.76085e-242 1.78546e-31 -8.33874e-32)
(-8.02834e-236 2.09921e-31 -1.05788e-31)
(-2.29105e-229 2.49404e-31 -1.32271e-31)
(-6.41213e-223 2.98517e-31 -1.63844e-31)
(-1.75892e-216 3.59146e-31 -2.01703e-31)
(-4.7257e-210 4.33616e-31 -2.47282e-31)
(-1.24265e-203 5.24775e-31 -3.02317e-31)
(-3.19563e-197 6.36107e-31 -3.68914e-31)
(-8.03034e-191 7.71873e-31 -4.49653e-31)
(-1.97017e-184 9.37282e-31 -5.47691e-31)
(-4.71476e-178 1.13871e-30 -6.66905e-31)
(-1.09944e-171 1.38394e-30 -8.12044e-31)
(-2.4956e-165 1.68253e-30 -9.88908e-31)
(-5.50779e-159 2.04612e-30 -1.20455e-30)
(-1.18044e-152 2.48893e-30 -1.46749e-30)
(-2.45359e-146 3.02828e-30 -1.78803e-30)
(-4.93887e-140 3.68516e-30 -2.17852e-30)
(-9.61281e-134 4.48496e-30 -2.6539e-30)
(-1.80608e-127 5.45834e-30 -3.23242e-30)
(-3.26956e-121 6.64229e-30 -3.9367e-30)
(-5.69156e-115 8.08146e-30 -4.79552e-30)
(-9.50607e-109 9.83002e-30 -5.84647e-30)
(-1.51962e-102 1.19541e-29 -7.13987e-30)
(-2.31875e-96 1.45355e-29 -8.74478e-30)
(-3.36697e-90 1.76769e-29 -1.07578e-29)
(-4.6367e-84 2.15111e-29 -1.33166e-29)
(-6.03241e-78 2.62199e-29 -1.66216e-29)
(-7.382e-72 3.20777e-29 -2.09723e-29)
(-8.45402e-66 3.95697e-29 -2.68501e-29)
(-9.00755e-60 4.97438e-29 -3.51902e-29)
(-8.86756e-54 6.53034e-29 -4.85483e-29)
(-7.99976e-48 9.41205e-29 -7.71079e-29)
(-6.54765e-42 1.60299e-28 -1.81961e-28)
(-4.80241e-36 3.09477e-28 -8.12257e-28)
(2.08417e-275 1.11852e-31 -5.86706e-33)
(6.63948e-269 1.16163e-31 -1.78263e-32)
(2.08146e-262 1.24947e-31 -3.04754e-32)
(6.41844e-256 1.38548e-31 -4.43088e-32)
(1.9458e-249 1.57493e-31 -5.98626e-32)
(5.79628e-243 1.82517e-31 -7.77377e-32)
(1.69566e-236 2.1459e-31 -9.86208e-32)
(4.8687e-230 2.54951e-31 -1.2331e-31)
(1.37122e-223 3.05157e-31 -1.52744e-31)
(3.78559e-217 3.67135e-31 -1.88037e-31)
(1.02376e-210 4.43262e-31 -2.30529e-31)
(2.71008e-204 5.36449e-31 -2.81834e-31)
(7.01699e-198 6.50259e-31 -3.4392e-31)
(1.77561e-191 7.89046e-31 -4.19188e-31)
(4.38724e-185 9.58136e-31 -5.10585e-31)
(1.0575e-178 1.16404e-30 -6.21725e-31)
(2.48415e-172 1.41474e-30 -7.57035e-31)
(5.681e-166 1.71998e-30 -9.21926e-31)
(1.26335e-159 2.09169e-30 -1.12297e-30)
(2.72863e-153 2.54442e-30 -1.36814e-30)
(5.7162e-147 3.09586e-30 -1.66701e-30)
(1.15983e-140 3.76753e-30 -2.03115e-30)
(2.27577e-134 4.58545e-30 -2.4745e-30)
(4.31101e-128 5.58105e-30 -3.01412e-30)
(7.8695e-122 6.79233e-30 -3.67123e-30)
(1.38152e-115 8.2653e-30 -4.47283e-30)
(2.32725e-109 1.0056e-29 -5.45429e-30)
(3.75271e-103 1.22331e-29 -6.66309e-30)
(5.77669e-97 1.48822e-29 -8.16446e-30)
(8.46308e-91 1.8112e-29 -1.00496e-29)
(1.17601e-84 2.20642e-29 -1.24479e-29)
(1.54402e-78 2.69351e-29 -1.55445e-29)
(1.90696e-72 3.3023e-29 -1.96071e-29)
(2.20436e-66 4.08586e-29 -2.50338e-29)
(2.37096e-60 5.16023e-29 -3.25157e-29)
(2.35648e-54 6.8373e-29 -4.38049e-29)
(2.14645e-48 1.01253e-28 -6.60891e-29)
(1.77402e-42 1.90809e-28 -1.49979e-28)
(1.31402e-36 5.28784e-28 -7.73407e-28)
(4.2112e-276 1.14113e-31 -5.43157e-33)
(1.38981e-269 1.18511e-31 -1.65031e-32)
(4.50541e-263 1.27473e-31 -2.82135e-32)
(1.43414e-256 1.41348e-31 -4.10201e-32)
(4.48085e-250 1.60676e-31 -5.54196e-32)
(1.37359e-243 1.86206e-31 -7.1968e-32)
(4.12932e-237 2.18928e-31 -9.13013e-32)
(1.21678e-230 2.60105e-31 -1.14158e-31)
(3.5125e-224 3.11326e-31 -1.41407e-31)
(9.92762e-218 3.74558e-31 -1.74082e-31)
(2.74551e-211 4.52224e-31 -2.1342e-31)
(7.42437e-205 5.47296e-31 -2.60917e-31)
(1.96174e-198 6.63407e-31 -3.18395e-31)
(5.06095e-192 8.05002e-31 -3.88077e-31)
(1.27371e-185 9.77512e-31 -4.72691e-31)
(3.12445e-179 1.18759e-30 -5.75584e-31)
(7.46312e-173 1.44336e-30 -7.00857e-31)
(1.73407e-166 1.75479e-30 -8.53518e-31)
(3.91498e-160 2.13404e-30 -1.03966e-30)
(8.57805e-154 2.59597e-30 -1.26666e-30)
(1.82171e-147 3.15867e-30 -1.5434e-30)
(3.74451e-141 3.8441e-30 -1.8806e-30)
(7.43824e-135 4.67886e-30 -2.2912e-30)
(1.42555e-128 5.69514e-30 -2.79104e-30)
(2.63113e-122 6.93188e-30 -3.39985e-30)
(4.66747e-116 8.43635e-30 -4.1428e-30)
(7.94049e-110 1.02663e-29 -5.05291e-30)
(1.29236e-103 1.2493e-29 -6.17462e-30)
(2.00685e-97 1.52055e-29 -7.56901e-30)
(2.96435e-91 1.8518e-29 -9.32139e-30)
(4.15102e-85 2.25805e-29 -1.1552e-29)
(5.48936e-79 2.76018e-29 -1.44298e-29)
(6.82536e-73 3.3899e-29 -1.81876e-29)
(7.93918e-67 4.20322e-29 -2.31342e-29)
(8.58866e-61 5.32215e-29 -2.96873e-29)
(8.58182e-55 7.07995e-29 -3.86182e-29)
(7.85531e-49 1.06121e-28 -5.26207e-29)
(6.52143e-43 2.11363e-28 -9.64558e-29)
(4.85012e-37 7.83249e-28 -8.47638e-28)
(1.21366e-279 1.16198e-31 -4.98771e-33)
(3.97399e-273 1.20676e-31 -1.51545e-32)
(1.27764e-266 1.29802e-31 -2.5908e-32)
(4.03171e-260 1.43931e-31 -3.76682e-32)
(1.24825e-253 1.63612e-31 -5.08911e-32)
(3.79021e-247 1.89608e-31 -6.60873e-32)
(1.12815e-240 2.22928e-31 -8.3841e-32)
(3.28993e-234 2.64858e-31 -1.0483e-31)
(9.3947e-228 3.17015e-31 -1.29853e-31)
(2.62539e-221 3.81403e-31 -1.59858e-31)
(7.17523e-215 4.60489e-31 -1.95981e-31)
(1.91648e-208 5.57299e-31 -2.39598e-31)
(4.99882e-202 6.75533e-31 -2.92379e-31)
(1.27225e-195 8.19716e-31 -3.56367e-31)
(3.15674e-189 9.95381e-31 -4.34068e-31)
(7.62873e-183 1.2093e-30 -5.28555e-31)
(1.79377e-176 1.46975e-30 -6.43595e-31)
(4.09919e-170 1.78689e-30 -7.8379e-31)
(9.0934e-164 2.1731e-30 -9.54738e-31)
(1.9556e-157 2.64352e-30 -1.16321e-30)
(4.07133e-151 3.2166e-30 -1.41739e-30)
(8.19253e-145 3.91472e-30 -1.72711e-30)
(1.59066e-138 4.76504e-30 -2.10429e-30)
(2.97431e-132 5.80041e-30 -2.56352e-30)
(5.3448e-126 7.06068e-30 -3.12298e-30)
(9.20846e-120 8.59428e-30 -3.80595e-30)
(1.51705e-113 1.04606e-29 -4.64297e-30)
(2.38266e-107 1.27332e-29 -5.67525e-30)
(3.55525e-101 1.55046e-29 -6.95945e-30)
(5.01963e-95 1.88938e-29 -8.57458e-30)
(6.6742e-89 2.30585e-29 -1.06311e-29)
(8.30903e-83 2.82178e-29 -1.32809e-29)
(9.61653e-77 3.47021e-29 -1.6721e-29)
(1.02516e-70 4.30847e-29 -2.11693e-29)
(9.94072e-65 5.45869e-29 -2.67623e-29)
(8.60765e-59 7.25173e-29 -3.32251e-29)
(6.45608e-53 1.08194e-28 -3.79764e-29)
(3.94624e-47 2.13247e-28 -1.45413e-29)
(1.64617e-41 7.64453e-28 8.12616e-28)
(6.17462e-285 1.18104e-31 -4.53616e-33)
(9.64422e-278 1.22656e-31 -1.37826e-32)
(5.18528e-271 1.31931e-31 -2.35626e-32)
(2.19479e-264 1.46291e-31 -3.42582e-32)
(8.25917e-258 1.66295e-31 -4.62841e-32)
(2.8826e-251 1.92718e-31 -6.01048e-32)
(9.51542e-245 2.26584e-31 -7.62513e-32)
(3.00204e-238 2.69202e-31 -9.53407e-32)
(9.10759e-232 3.22215e-31 -1.18098e-31)
(2.66694e-225 3.8766e-31 -1.45387e-31)
(7.55535e-219 4.68044e-31 -1.7824e-31)
(2.0737e-212 5.66443e-31 -2.17908e-31)
(5.51871e-206 6.86617e-31 -2.65912e-31)
(1.42457e-199 8.33166e-31 -3.24108e-31)
(3.56692e-193 1.01171e-30 -3.94775e-31)
(8.66077e-187 1.22914e-30 -4.8071e-31)
(2.03827e-180 1.49388e-30 -5.85339e-31)
(4.64636e-174 1.81623e-30 -7.12849e-31)
(1.025e-167 2.2088e-30 -8.68334e-31)
(2.18592e-161 2.68699e-30 -1.05796e-30)
(4.50084e-155 3.26956e-30 -1.28916e-30)
(8.93449e-149 3.97929e-30 -1.57091e-30)
(1.70701e-142 4.84384e-30 -1.91406e-30)
(3.13297e-136 5.8967e-30 -2.33191e-30)
(5.51161e-130 7.17851e-30 -2.84107e-30)
(9.27059e-124 8.73882e-30 -3.46282e-30)
(1.48656e-117 1.06385e-29 -4.22514e-30)
(2.26482e-111 1.29532e-29 -5.16582e-30)
(3.26545e-105 1.57787e-29 -6.33688e-30)
(4.43465e-99 1.92385e-29 -7.8106e-30)
(5.64028e-93 2.34968e-29 -9.6872e-30)
(6.671e-87 2.87812e-29 -1.21011e-29)
(7.27121e-81 3.54301e-29 -1.52143e-29)
(7.21681e-75 4.40134e-29 -1.91573e-29)
(6.41414e-69 5.56967e-29 -2.38008e-29)
(4.97808e-63 7.35258e-29 -2.78969e-29)
(3.23477e-57 1.07493e-28 -2.44747e-29)
(1.61885e-51 1.97294e-28 3.481e-29)
(4.95521e-46 4.89422e-28 6.57744e-28)
(-2.31909e-283 1.19827e-31 -4.07762e-33)
(-6.49602e-277 1.24446e-31 -1.23894e-32)
(-1.78456e-270 1.33856e-31 -2.11808e-32)
(-4.80498e-264 1.48426e-31 -3.07954e-32)
(-1.26717e-257 1.68722e-31 -4.16057e-32)
(-3.27074e-251 1.95531e-31 -5.40295e-32)
(-8.25652e-245 2.29891e-31 -6.85441e-32)
(-2.03675e-238 2.73132e-31 -8.5704e-32)
(-4.90563e-232 3.26919e-31 -1.06161e-31)
(-1.15258e-225 3.93319e-31 -1.30692e-31)
(-2.63901e-219 4.74878e-31 -1.60225e-31)
(-5.88238e-213 5.74713e-31 -1.95883e-31)
(-1.27503e-206 6.96642e-31 -2.39034e-31)
(-2.68423e-200 8.45332e-31 -2.91348e-31)
(-5.48137e-194 1.02649e-30 -3.54873e-31)
(-1.08423e-187 1.24709e-30 -4.32123e-31)
(-2.07424e-181 1.5157e-30 -5.26179e-31)
(-3.83164e-175 1.84276e-30 -6.40806e-31)
(-6.82214e-169 2.24109e-30 -7.80585e-31)
(-1.16846e-162 2.72631e-30 -9.51062e-31)
(-1.92099e-156 3.31747e-30 -1.15893e-30)
(-3.02426e-150 4.03771e-30 -1.41225e-30)
(-4.54726e-144 4.91515e-30 -1.72081e-30)
(-6.51078e-138 5.98384e-30 -2.09658e-30)
(-8.84766e-132 7.28517e-30 -2.55456e-30)
(-1.13686e-125 8.86968e-30 -3.11395e-30)
(-1.37534e-119 1.07996e-29 -3.80009e-30)
(-1.55881e-113 1.31526e-29 -4.64721e-30)
(-1.64573e-107 1.60272e-29 -5.70239e-30)
(-1.60752e-101 1.95511e-29 -7.03096e-30)
(-1.44094e-95 2.38941e-29 -8.72255e-30)
(-1.17354e-89 2.92904e-29 -1.08942e-29)
(-8.57643e-84 3.60815e-29 -1.36745e-29)
(-5.5353e-78 4.48192e-29 -1.7116e-29)
(-3.08957e-72 5.65619e-29 -2.08598e-29)
(-1.45007e-66 7.38893e-29 -2.28659e-29)
(-5.51496e-61 1.04559e-28 -1.32228e-29)
(-1.63097e-55 1.73259e-28 6.18445e-29)
(-3.72899e-50 2.98835e-28 5.12199e-28)
(-4.31966e-283 1.21366e-31 -3.6128e-33)
(-1.20826e-276 1.26044e-31 -1.09771e-32)
(-3.31402e-270 1.35575e-31 -1.87664e-32)
(-8.90748e-264 1.50332e-31 -2.72851e-32)
(-2.34453e-257 1.70889e-31 -3.68632e-32)
(-6.03863e-251 1.98042e-31 -4.78709e-32)
(-1.52077e-244 2.32844e-31 -6.07311e-32)
(-3.74173e-238 2.7664e-31 -7.59351e-32)
(-8.98631e-232 3.31118e-31 -9.40608e-32)
(-2.10466e-225 3.98372e-31 -1.15795e-31)
(-4.80213e-219 4.80979e-31 -1.41962e-31)
(-1.06628e-212 5.82097e-31 -1.73556e-31)
(-2.30141e-206 7.05593e-31 -2.11788e-31)
(-4.82234e-200 8.56193e-31 -2.58139e-31)
(-9.79671e-194 1.03968e-30 -3.14423e-31)
(-1.92677e-187 1.26312e-30 -3.82868e-31)
(-3.66288e-181 1.53518e-30 -4.66205e-31)
(-6.7191e-175 1.86646e-30 -5.67771e-31)
(-1.18708e-168 2.26992e-30 -6.91625e-31)
(-2.01574e-162 2.76142e-30 -8.42685e-31)
(-3.28235e-156 3.36024e-30 -1.02688e-30)
(-5.11253e-150 4.08988e-30 -1.25138e-30)
(-7.59564e-144 4.97883e-30 -1.52484e-30)
(-1.07298e-137 6.06167e-30 -1.85791e-30)
(-1.43602e-131 7.38046e-30 -2.2639e-30)
(-1.81331e-125 8.98663e-30 -2.75993e-30)
(-2.15005e-119 1.09437e-29 -3.36855e-30)
(-2.38027e-113 1.3331e-29 -4.1203e-30)
(-2.44366e-107 1.62496e-29 -5.05717e-30)
(-2.30688e-101 1.9831e-29 -6.23722e-30)
(-1.98105e-95 2.42495e-29 -7.73936e-30)
(-1.52549e-89 2.97443e-29 -9.66364e-30)
(-1.03216e-83 3.6656e-29 -1.21085e-29)
(-5.94755e-78 4.55058e-29 -1.50612e-29)
(-2.76194e-72 5.72047e-29 -1.79868e-29)
(-9.0995e-67 7.37192e-29 -1.82974e-29)
(-1.14349e-61 1.00105e-28 -4.60081e-30)
(8.25742e-56 1.46973e-28 7.36648e-29)
(6.31692e-50 1.68699e-28 4.12231e-28)
(2.97612e-285 1.22718e-31 -3.14241e-33)
(8.33974e-279 1.27448e-31 -9.54792e-33)
(2.29209e-272 1.37085e-31 -1.63231e-32)
(6.17462e-266 1.52007e-31 -2.37327e-32)
(1.62929e-259 1.72792e-31 -3.20639e-32)
(4.20809e-253 2.00247e-31 -4.16385e-32)
(1.06303e-246 2.35437e-31 -5.28245e-32)
(2.62441e-240 2.79722e-31 -6.60491e-32)
(6.32666e-234 3.34807e-31 -8.1815e-32)
(1.48793e-227 4.02811e-31 -1.0072e-31)
(3.41063e-221 4.86338e-31 -1.2348e-31)
(7.61175e-215 5.88584e-31 -1.5096e-31)
(1.65216e-208 7.13456e-31 -1.84215e-31)
(3.48357e-202 8.65735e-31 -2.24531e-31)
(7.12598e-196 1.05126e-30 -2.73487e-31)
(1.41226e-189 1.2772e-30 -3.33022e-31)
(2.70765e-183 1.55229e-30 -4.05511e-31)
(5.01384e-177 1.88727e-30 -4.93857e-31)
(8.95132e-171 2.29525e-30 -6.01593e-31)
(1.53782e-164 2.79226e-30 -7.32998e-31)
(2.53696e-158 3.39782e-30 -8.93235e-31)
(4.00959e-152 4.13572e-30 -1.08853e-30)
(6.05547e-146 5.03479e-30 -1.32645e-30)
(8.71401e-140 6.13008e-30 -1.61626e-30)
(1.19103e-133 7.46423e-30 -1.96957e-30)
(1.54065e-127 9.08946e-30 -2.40132e-30)
(1.87845e-121 1.10703e-29 -2.93123e-30)
(2.1488e-115 1.34879e-29 -3.58602e-30)
(2.29396e-109 1.64453e-29 -4.40239e-30)
(2.27144e-103 2.00772e-29 -5.43098e-30)
(2.07119e-97 2.45621e-29 -6.73988e-30)
(1.72449e-91 3.01421e-29 -8.41291e-30)
(1.29789e-85 3.71538e-29 -1.05222e-29)
(8.72279e-80 4.60794e-29 -1.30062e-29)
(5.15744e-74 5.76557e-29 -1.52171e-29)
(2.6334e-68 7.31543e-29 -1.42858e-29)
(1.13415e-62 9.48314e-29 1.42789e-30)
(3.9961e-57 1.21713e-28 7.55629e-29)
(1.10756e-51 8.05673e-29 3.16781e-28)
(-1.07667e-285 1.23881e-31 -2.66718e-33)
(-3.00929e-279 1.28655e-31 -8.10401e-33)
(-8.24797e-273 1.38384e-31 -1.38547e-32)
(-2.21537e-266 1.53447e-31 -2.01437e-32)
(-5.82728e-260 1.74429e-31 -2.72151e-32)
(-1.49999e-253 2.02144e-31 -3.53419e-32)
(-3.77551e-247 2.37668e-31 -4.48363e-32)
(-9.28485e-241 2.82372e-31 -5.60612e-32)
(-2.22898e-234 3.3798e-31 -6.9443e-32)
(-5.21872e-228 4.06628e-31 -8.54889e-32)
(-1.19047e-221 4.90947e-31 -1.04807e-31)
(-2.64307e-215 5.94162e-31 -1.28132e-31)
(-5.70477e-209 7.20219e-31 -1.56358e-31)
(-1.19557e-202 8.7394e-31 -1.90577e-31)
(-2.42966e-196 1.06123e-30 -2.3213e-31)
(-4.78113e-190 1.2893e-30 -2.82662e-31)
(-9.0962e-184 1.56701e-30 -3.4419e-31)
(-1.67033e-177 1.90517e-30 -4.19179e-31)
(-2.95504e-171 2.31703e-30 -5.10628e-31)
(-5.02656e-165 2.81878e-30 -6.2217e-31)
(-8.20291e-159 3.43015e-30 -7.58191e-31)
(-1.28114e-152 4.17514e-30 -9.23983e-31)
(-1.9098e-146 5.08293e-30 -1.12596e-30)
(-2.70915e-140 6.18893e-30 -1.37202e-30)
(-3.64472e-134 7.53631e-30 -1.67203e-30)
(-4.63261e-128 9.17796e-30 -2.03871e-30)
(-5.53904e-122 1.11794e-29 -2.48887e-30)
(-6.19907e-116 1.3623e-29 -3.0453e-30)
(-6.45651e-110 1.66139e-29 -3.73929e-30)
(-6.21601e-104 2.02894e-29 -4.61387e-30)
(-5.48761e-98 2.48311e-29 -5.72638e-30)
(-4.3996e-92 3.04834e-29 -7.14529e-30)
(-3.16552e-86 3.75761e-29 -8.92105e-30)
(-2.01378e-80 4.65481e-29 -1.09609e-29)
(-1.11116e-74 5.79503e-29 -1.25718e-29)
(-5.18336e-69 7.2342e-29 -1.08622e-29)
(-1.9726e-63 8.93478e-29 5.11102e-30)
(-5.81132e-58 9.91923e-29 7.08116e-29)
(-1.22009e-52 1.90374e-29 2.38963e-28)
(-5.76918e-284 1.24852e-31 -2.18784e-33)
(-1.61871e-277 1.29664e-31 -6.64762e-33)
(-4.45469e-271 1.39469e-31 -1.13648e-32)
(-1.20168e-264 1.5465e-31 -1.65237e-32)
(-3.1753e-258 1.75797e-31 -2.23243e-32)
(-8.21302e-252 2.0373e-31 -2.89907e-32)
(-2.07785e-245 2.39532e-31 -3.6779e-32)
(-5.13773e-239 2.84587e-31 -4.59867e-32)
(-1.24053e-232 3.40631e-31 -5.69638e-32)
(-2.92231e-226 4.09818e-31 -7.01262e-32)
(-6.70983e-220 4.94799e-31 -8.59727e-32)
(-1.50008e-213 5.98825e-31 -1.05106e-31)
(-3.26181e-207 7.2587e-31 -1.28259e-31)
(-6.89012e-201 8.80798e-31 -1.56329e-31)
(-1.4121e-194 1.06956e-30 -1.90415e-31)
(-2.804e-188 1.29942e-30 -2.31866e-31)
(-5.38663e-182 1.57931e-30 -2.82338e-31)
(-9.995e-176 1.92013e-30 -3.43852e-31)
(-1.78819e-169 2.33523e-30 -4.18871e-31)
(-3.07874e-163 2.84095e-30 -5.10374e-31)
(-5.0904e-157 3.45716e-30 -6.21963e-31)
(-8.06386e-151 4.2081e-30 -7.57979e-31)
(-1.22077e-144 5.12317e-30 -9.23693e-31)
(-1.76114e-138 6.23814e-30 -1.12558e-30)
(-2.41344e-132 7.59659e-30 -1.37176e-30)
(-3.13047e-126 9.25198e-30 -1.6727e-30)
(-3.82781e-120 1.12706e-29 -2.04223e-30)
(-4.39184e-114 1.3736e-29 -2.49911e-30)
(-4.70297e-108 1.6755e-29 -3.06911e-30)
(-4.67106e-102 2.04669e-29 -3.78755e-30)
(-4.27136e-96 2.50559e-29 -4.70109e-30)
(-3.56431e-90 3.07677e-29 -5.8639e-30)
(-2.68494e-84 3.79243e-29 -7.30931e-30)
(-1.80124e-78 4.69205e-29 -8.9314e-30)
(-1.05772e-72 5.81256e-29 -1.00583e-29)
(-5.3142e-67 7.14247e-29 -8.00627e-30)
(-2.2142e-61 8.4148e-29 6.79796e-30)
(-7.31469e-56 8.02861e-29 6.15006e-29)
(-1.78686e-50 -2.13666e-29 1.86348e-28)
(1.61713e-284 1.25631e-31 -1.70514e-33)
(4.40634e-278 1.30473e-31 -5.18099e-33)
(1.17658e-271 1.40339e-31 -8.8575e-33)
(3.07666e-265 1.55615e-31 -1.28783e-32)
(7.87292e-259 1.76893e-31 -1.73992e-32)
(1.96995e-252 2.05001e-31 -2.25948e-32)
(4.81599e-246 2.41026e-31 -2.86649e-32)
(1.14933e-239 2.86363e-31 -3.58413e-32)
(2.67508e-233 3.42757e-31 -4.43967e-32)
(6.06636e-227 4.12377e-31 -5.46553e-32)
(1.33894e-220 4.97889e-31 -6.70057e-32)
(2.87304e-214 6.02564e-31 -8.19177e-32)
(5.98608e-208 7.30403e-31 -9.99629e-32)
(1.20947e-201 8.86298e-31 -1.2184e-31)
(2.36637e-195 1.07623e-30 -1.48406e-31)
(4.47654e-189 1.30753e-30 -1.80712e-31)
(8.17426e-183 1.58917e-30 -2.20049e-31)
(1.43818e-176 1.93212e-30 -2.67993e-31)
(2.4332e-170 2.34983e-30 -3.26464e-31)
(3.94998e-164 2.85872e-30 -3.97784e-31)
(6.13793e-158 3.47882e-30 -4.84761e-31)
(9.10551e-152 4.23452e-30 -5.90782e-31)
(1.28575e-145 5.15545e-30 -7.19956e-31)
(1.72242e-139 6.27761e-30 -8.77336e-31)
(2.18087e-133 7.64495e-30 -1.06926e-30)
(2.59891e-127 9.31138e-30 -1.3039e-30)
(2.90078e-121 1.13439e-29 -1.59206e-30)
(3.0156e-115 1.38268e-29 -1.94843e-30)
(2.9009e-109 1.68682e-29 -2.39312e-30)
(2.5624e-103 2.06093e-29 -2.95368e-30)
(2.05924e-97 2.52362e-29 -3.66622e-30)
(1.48879e-91 3.0995e-29 -4.57161e-30)
(9.54892e-86 3.82002e-29 -5.69049e-30)
(5.33732e-80 4.72056e-29 -6.92062e-30)
(2.53925e-74 5.82171e-29 -7.67099e-30)
(9.95203e-69 7.053e-29 -5.65775e-30)
(3.05991e-63 7.96078e-29 6.88328e-30)
(6.78217e-58 6.5304e-29 4.97085e-29)
(8.81101e-53 -4.72813e-29 1.32504e-28)
(4.64401e-281 1.26217e-31 -1.21982e-33)
(1.2736e-274 1.31081e-31 -3.70638e-33)
(3.42297e-268 1.40993e-31 -6.33652e-33)
(9.00964e-262 1.5634e-31 -9.21292e-33)
(2.32077e-255 1.77717e-31 -1.24471e-32)
(5.84578e-249 2.05956e-31 -1.61641e-32)
(1.43875e-242 2.42149e-31 -2.05066e-32)
(3.45686e-236 2.87697e-31 -2.56405e-32)
(8.10089e-230 3.44355e-31 -3.1761e-32)
(1.84973e-223 4.14299e-31 -3.90999e-32)
(4.11105e-217 5.0021e-31 -4.79353e-32)
(8.88329e-211 6.05373e-31 -5.86032e-32)
(1.86399e-204 7.33808e-31 -7.15124e-32)
(3.7931e-198 8.9043e-31 -8.71628e-32)
(7.47504e-192 1.08125e-30 -1.06168e-31)
(1.42442e-185 1.31363e-30 -1.29279e-31)
(2.62027e-179 1.59657e-30 -1.57421e-31)
(4.64469e-173 1.94113e-30 -1.9172e-31)
(7.91788e-167 2.36079e-30 -2.3355e-31)
(1.29528e-160 2.87207e-30 -2.84575e-31)
(2.02854e-154 3.4951e-30 -3.46802e-31)
(3.03337e-148 4.25438e-30 -4.22654e-31)
(4.31827e-142 5.17971e-30 -5.15075e-31)
(5.83329e-136 6.30729e-30 -6.2768e-31)
(7.44961e-130 7.68131e-30 -7.65009e-31)
(8.95682e-124 9.35604e-30 -9.32915e-31)
(1.00903e-117 1.13989e-29 -1.13915e-30)
(1.05927e-111 1.3895e-29 -1.39424e-30)
(1.02966e-105 1.69533e-29 -1.7126e-30)
(9.19889e-100 2.07164e-29 -2.11394e-30)
(7.48665e-94 2.53716e-29 -2.62395e-30)
(5.49216e-88 3.11652e-29 -3.27112e-30)
(3.58504e-82 3.84052e-29 -4.06718e-30)
(2.04939e-76 4.74115e-29 -4.92801e-30)
(1.00576e-70 5.82564e-29 -5.39344e-30)
(4.13281e-65 6.97639e-29 -3.72814e-30)
(1.37843e-59 7.59979e-29 5.75275e-30)
(3.59639e-54 5.42638e-29 3.61225e-29)
(7.04604e-49 -6.24181e-29 9.56539e-29)
(1.61416e-284 1.26608e-31 -7.32629e-34)
(4.39947e-278 1.31487e-31 -2.22608e-33)
(1.17506e-271 1.4143e-31 -3.80578e-33)
(3.07347e-265 1.56824e-31 -5.5334e-33)
(7.86667e-259 1.78268e-31 -7.47594e-33)
(1.96885e-252 2.06593e-31 -9.70843e-33)
(4.81437e-246 2.42899e-31 -1.23166e-32)
(1.14919e-239 2.88588e-31 -1.54002e-32)
(2.67531e-233 3.45422e-31 -1.90763e-32)
(6.06807e-227 4.15583e-31 -2.34842e-32)
(1.33957e-220 5.0176e-31 -2.87908e-32)
(2.87492e-214 6.0725e-31 -3.51981e-32)
(5.99107e-208 7.36082e-31 -4.29516e-32)
(1.21069e-201 8.93189e-31 -5.23514e-32)
(2.36915e-195 1.0846e-30 -6.3766e-32)
(4.48253e-189 1.3177e-30 -7.76474e-32)
(8.18652e-183 1.60152e-30 -9.45496e-32)
(1.44057e-176 1.94714e-30 -1.15151e-31)
(2.43764e-170 2.3681e-30 -1.40275e-31)
(3.95784e-164 2.88098e-30 -1.70922e-31)
(6.15118e-158 3.50596e-30 -2.08299e-31)
(9.12677e-152 4.26764e-30 -2.5386e-31)
(1.28899e-145 5.19591e-30 -3.09375e-31)
(1.72711e-139 6.32711e-30 -3.77015e-31)
(2.18729e-133 7.70561e-30 -4.59508e-31)
(2.60718e-127 9.38589e-30 -5.60374e-31)
(2.91082e-121 1.14357e-29 -6.84277e-31)
(3.02698e-115 1.39405e-29 -8.37542e-31)
(2.9129e-109 1.70102e-29 -1.02885e-30)
(2.5741e-103 2.07878e-29 -1.27003e-30)
(2.06971e-97 2.54618e-29 -1.57644e-30)
(1.49731e-91 3.12784e-29 -1.9649e-30)
(9.61114e-86 3.85408e-29 -2.44123e-30)
(5.37748e-80 4.75449e-29 -2.95036e-30)
(2.56169e-74 5.82688e-29 -3.20051e-30)
(1.00573e-68 6.9208e-29 -2.10946e-30)
(3.09952e-63 7.35008e-29 3.78327e-30)
(6.89184e-58 4.70311e-29 2.2025e-29)
(8.99022e-53 -6.96093e-29 5.38078e-29)
(2.82259e-288 1.26802e-31 -2.44426e-34)
(7.64611e-282 1.31689e-31 -7.42694e-34)
(2.02962e-275 1.41647e-31 -1.26974e-33)
(5.27562e-269 1.57065e-31 -1.84613e-33)
(1.34184e-262 1.78542e-31 -2.49422e-33)
(3.33704e-256 2.06912e-31 -3.23904e-33)
(8.10775e-250 2.43273e-31 -4.10922e-33)
(1.92283e-243 2.89033e-31 -5.138e-33)
(4.44712e-237 3.45955e-31 -6.36447e-33)
(1.00204e-230 4.16225e-31 -7.83509e-33)
(2.19736e-224 5.02536e-31 -9.60557e-33)
(4.68419e-218 6.08189e-31 -1.17432e-32)
(9.69516e-212 7.37221e-31 -1.433e-32)
(1.94577e-205 8.94571e-31 -1.7466e-32)
(3.7812e-199 1.08628e-30 -2.12742e-32)
(7.104e-193 1.31973e-30 -2.59053e-32)
(1.28821e-186 1.60399e-30 -3.15443e-32)
(2.25056e-180 1.95014e-30 -3.84174e-32)
(3.78053e-174 2.37176e-30 -4.67997e-32)
(6.0929e-168 2.88543e-30 -5.70248e-32)
(9.3985e-162 3.51139e-30 -6.94952e-32)
(1.38388e-155 4.27427e-30 -8.46967e-32)
(1.93932e-149 5.20401e-30 -1.03219e-31)
(2.57791e-143 6.33704e-30 -1.25787e-31)
(3.23833e-137 7.71779e-30 -1.53312e-31)
(3.82785e-131 9.40086e-30 -1.86966e-31)
(4.23685e-125 1.14541e-29 -2.28308e-31)
(4.36647e-119 1.39634e-29 -2.79449e-31)
(4.16238e-113 1.70386e-29 -3.43287e-31)
(3.64141e-107 2.08234e-29 -4.23768e-31)
(2.8961e-101 2.55068e-29 -5.26012e-31)
(2.06989e-95 3.13347e-29 -6.55575e-31)
(1.31026e-89 3.8608e-29 -8.14208e-31)
(7.20902e-84 4.76104e-29 -9.82784e-31)
(3.36125e-78 5.82718e-29 -1.06125e-30)
(1.28098e-72 6.89171e-29 -6.82114e-31)
(3.77195e-67 7.22278e-29 1.3176e-30)
(7.75007e-62 4.34137e-29 7.50254e-30)
(8.61794e-57 -7.53956e-29 1.46646e-29)
(3.86397e-05 1.15398e-21 3.57206e-22)
(1.20028e-05 1.68615e-21 8.05951e-22)
(1.19963e-05 1.0639e-21 5.10903e-22)
(1.19901e-05 4.83565e-22 2.42659e-22)
(-1.4659e-05 -4.81736e-23 -7.15271e-23)
(4.51598e-10 6.70854e-23 -2.8844e-22)
(-1.39828e-10 1.02203e-22 -1.18754e-22)
(3.61727e-11 5.00249e-23 -7.99516e-23)
(-1.39982e-10 1.94914e-23 -2.85695e-23)
(-2.6696e-11 4.59941e-24 -4.34778e-23)
(2.28055e-15 3.70694e-24 -1.62105e-23)
(-2.10014e-15 5.39471e-24 -6.54556e-24)
(7.27604e-17 2.41879e-24 -3.70979e-24)
(-5.59444e-16 1.18789e-24 -2.49099e-24)
(6.74197e-16 4.577e-25 -2.317e-24)
(4.09208e-21 1.94478e-25 -8.73948e-25)
(-1.04062e-20 2.81727e-25 -3.42856e-25)
(5.12019e-21 1.31723e-25 -2.10206e-25)
(1.09494e-21 7.23422e-26 -1.49501e-25)
(6.64073e-22 2.79104e-26 -1.1534e-25)
(-1.12064e-26 6.90982e-27 -4.1258e-26)
(-1.02567e-26 8.23723e-27 -1.52489e-26)
(3.60087e-26 4.81277e-28 -8.42132e-27)
(-1.013e-26 -2.68531e-27 -4.54192e-27)
(-3.71212e-27 -1.83654e-27 -4.39573e-28)
)
;

boundaryField
{
    fixedWallsLeftTop
    {
        type            noSlip;
    }
    backFaceLeftTop
    {
        type            noSlip;
    }
    frontFaceLeftTop
    {
        type            noSlip;
    }
    symmetryWallLeftTop
    {
        type            zeroGradient;
    }
    topToBottom
    {
        type            noSlip;
    }
    plug
    {
        type            cyclicAMI;
        value           nonuniform List<vector> 
40
(
(-1.23736e-27 -2.29151e-27 4.37021e-27)
(-1.23737e-27 -2.73346e-27 4.38343e-27)
(-1.23737e-27 -2.40629e-27 4.37447e-27)
(-1.23832e-27 1.69566e-26 6.22983e-27)
(-1.80943e-27 -1.29473e-27 2.47573e-27)
(-1.23831e-27 -1.98755e-26 5.91101e-27)
(-1.23738e-27 -9.51798e-28 4.45159e-27)
(-1.23737e-27 -6.24332e-28 4.42642e-27)
(-3.37671e-27 -1.33753e-27 3.30768e-27)
(-3.37671e-27 -1.5113e-27 3.30868e-27)
(-3.37671e-27 -1.96198e-27 3.27044e-27)
(-3.37674e-27 -1.65707e-27 3.28658e-27)
(-3.37932e-27 1.76577e-26 5.06377e-27)
(-4.93775e-27 -1.12019e-27 5.96587e-28)
(-3.37931e-27 -1.93349e-26 4.85354e-27)
(-3.37667e-27 -3.3539e-28 3.33639e-27)
(1.2003e-26 1.01239e-27 2.13121e-27)
(1.20029e-26 5.4802e-28 2.17181e-27)
(1.20029e-26 3.53916e-28 2.1801e-27)
(1.20029e-26 -1.15653e-28 2.16613e-27)
(1.2003e-26 1.69653e-28 2.2021e-27)
(1.20123e-26 1.92885e-26 3.88051e-27)
(1.7552e-26 8.1744e-28 -1.29629e-27)
(1.20122e-26 -1.75577e-26 3.80276e-27)
(-3.41889e-27 3.94308e-27 -2.77423e-28)
(-3.41888e-27 4.17954e-27 -2.73158e-28)
(-3.41888e-27 3.67744e-27 -2.25911e-28)
(-3.41888e-27 3.44774e-27 -2.01918e-28)
(-3.41887e-27 2.94635e-27 -1.99941e-28)
(-3.4189e-27 3.18438e-27 -1.55045e-28)
(-3.42163e-27 2.15307e-26 1.36355e-27)
(-4.99949e-27 6.53688e-27 -4.93233e-27)
(-3.73836e-27 -1.22127e-26 -8.33632e-27)
(-3.73554e-27 3.39935e-27 -9.7012e-27)
(-3.73551e-27 3.454e-27 -9.69441e-27)
(-3.73551e-27 2.8334e-27 -9.65165e-27)
(-3.73551e-27 2.46265e-27 -9.63911e-27)
(-3.73551e-27 1.96233e-27 -9.64978e-27)
(-3.73553e-27 1.80604e-27 -9.65641e-27)
(-3.73714e-27 1.0226e-26 -9.06262e-27)
)
;
    }
    fixedWallsChannel
    {
        type            noSlip;
    }
    inlet
    {
        type            fixedValue;
        value           uniform (1 0 0);
    }
    outlet
    {
        type            cyclicAMI;
        value           nonuniform List<vector> 5((-1.32724e-27 -1.63966e-27 4.50167e-27) (-3.62196e-27 -1.19718e-27 3.27718e-27) (1.28747e-26 5.73732e-28 2.02975e-27) (-3.6669e-27 6.19367e-27 -7.69278e-28) (-3.73608e-27 1.74138e-27 -9.42394e-27));
    }
    backFaceInletChannel
    {
        type            noSlip;
    }
    frontFaceInletChannel
    {
        type            noSlip;
    }
}


// ************************************************************************* //
