/*--------------------------------*- C++ -*----------------------------------*\
| =========                 |                                                 |
| \\      /  F ield         | OpenFOAM: The Open Source CFD Toolbox           |
|  \\    /   O peration     | Version:  4.1                                   |
|   \\  /    A nd           | Web:      www.OpenFOAM.org                      |
|    \\/     M anipulation  |                                                 |
\*---------------------------------------------------------------------------*/
FoamFile
{
    version     2.0;
    format      ascii;
    class       volVectorField;
    location    "4";
    object      U;
}
// * * * * * * * * * * * * * * * * * * * * * * * * * * * * * * * * * * * * * //

dimensions      [0 1 -1 0 0 0 0];

internalField   nonuniform List<vector> 
2000
(
(5.17874e-90 0 0)
(4.75366e-94 0 0)
(4.17167e-98 0 0)
(3.57568e-102 0 0)
(2.97068e-106 0 0)
(2.39584e-110 0 0)
(1.8783e-114 0 0)
(1.4333e-118 0 0)
(1.06583e-122 0 0)
(7.73216e-127 0 0)
(5.47798e-131 0 0)
(3.79371e-135 0 0)
(2.57052e-139 0 0)
(1.70551e-143 0 0)
(1.10894e-147 0 0)
(7.07137e-152 0 0)
(4.42531e-156 0 0)
(2.71965e-160 0 0)
(1.64241e-164 0 0)
(9.75225e-169 0 0)
(5.6967e-173 0 0)
(3.27541e-177 0 0)
(1.8546e-181 0 0)
(1.03462e-185 0 0)
(5.68926e-190 0 0)
(3.08504e-194 0 0)
(1.65034e-198 0 0)
(8.71293e-203 0 0)
(4.54145e-207 0 0)
(2.33787e-211 0 0)
(1.18902e-215 0 0)
(5.97639e-220 0 0)
(2.96969e-224 0 0)
(1.45926e-228 0 0)
(7.09299e-233 0 0)
(3.4113e-237 0 0)
(1.62376e-241 0 0)
(7.6514e-246 0 0)
(3.57016e-250 0 0)
(1.65e-254 0 0)
(5.17969e-90 0 0)
(4.75534e-94 0 0)
(4.17382e-98 0 0)
(3.57807e-102 0 0)
(2.97309e-106 0 0)
(2.39809e-110 0 0)
(1.88031e-114 0 0)
(1.435e-118 0 0)
(1.06723e-122 0 0)
(7.74314e-127 0 0)
(5.48635e-131 0 0)
(3.79989e-135 0 0)
(2.57496e-139 0 0)
(1.70862e-143 0 0)
(1.11107e-147 0 0)
(7.08556e-152 0 0)
(4.43457e-156 0 0)
(2.72557e-160 0 0)
(1.64612e-164 0 0)
(9.77507e-169 0 0)
(5.71048e-173 0 0)
(3.28359e-177 0 0)
(1.85937e-181 0 0)
(1.03736e-185 0 0)
(5.70471e-190 0 0)
(3.09363e-194 0 0)
(1.65505e-198 0 0)
(8.73841e-203 0 0)
(4.55503e-207 0 0)
(2.34501e-211 0 0)
(1.19273e-215 0 0)
(5.99543e-220 0 0)
(2.97933e-224 0 0)
(1.46409e-228 0 0)
(7.1169e-233 0 0)
(3.42301e-237 0 0)
(1.62943e-241 0 0)
(7.67858e-246 0 0)
(3.58305e-250 0 0)
(1.65605e-254 0 0)
(5.18445e-90 0 0)
(4.75955e-94 0 0)
(4.1774e-98 0 0)
(3.58104e-102 0 0)
(2.97548e-106 0 0)
(2.39997e-110 0 0)
(1.88174e-114 0 0)
(1.43607e-118 0 0)
(1.068e-122 0 0)
(7.74862e-127 0 0)
(5.49014e-131 0 0)
(3.80246e-135 0 0)
(2.57667e-139 0 0)
(1.70973e-143 0 0)
(1.11177e-147 0 0)
(7.08999e-152 0 0)
(4.43729e-156 0 0)
(2.72722e-160 0 0)
(1.6471e-164 0 0)
(9.78078e-169 0 0)
(5.71376e-173 0 0)
(3.28545e-177 0 0)
(1.8604e-181 0 0)
(1.03793e-185 0 0)
(5.70781e-190 0 0)
(3.09529e-194 0 0)
(1.65593e-198 0 0)
(8.74297e-203 0 0)
(4.55738e-207 0 0)
(2.34621e-211 0 0)
(1.19333e-215 0 0)
(5.99841e-220 0 0)
(2.9808e-224 0 0)
(1.4648e-228 0 0)
(7.12033e-233 0 0)
(3.42464e-237 0 0)
(1.6302e-241 0 0)
(7.68217e-246 0 0)
(3.58471e-250 0 0)
(1.65681e-254 0 0)
(5.18445e-90 0 0)
(4.75955e-94 0 0)
(4.1774e-98 0 0)
(3.58104e-102 0 0)
(2.97548e-106 0 0)
(2.39997e-110 0 0)
(1.88174e-114 0 0)
(1.43607e-118 0 0)
(1.068e-122 0 0)
(7.74863e-127 0 0)
(5.49015e-131 0 0)
(3.80247e-135 0 0)
(2.57667e-139 0 0)
(1.70973e-143 0 0)
(1.11177e-147 0 0)
(7.09e-152 0 0)
(4.4373e-156 0 0)
(2.72722e-160 0 0)
(1.6471e-164 0 0)
(9.78079e-169 0 0)
(5.71377e-173 0 0)
(3.28545e-177 0 0)
(1.8604e-181 0 0)
(1.03793e-185 0 0)
(5.70781e-190 0 0)
(3.09529e-194 0 0)
(1.65593e-198 0 0)
(8.74297e-203 0 0)
(4.55739e-207 0 0)
(2.34621e-211 0 0)
(1.19333e-215 0 0)
(5.99842e-220 0 0)
(2.9808e-224 0 0)
(1.46481e-228 0 0)
(7.12034e-233 0 0)
(3.42465e-237 0 0)
(1.6302e-241 0 0)
(7.68218e-246 0 0)
(3.58472e-250 0 0)
(1.65681e-254 0 0)
(5.18445e-90 0 0)
(4.75956e-94 0 0)
(4.1774e-98 0 0)
(3.58104e-102 0 0)
(2.97548e-106 0 0)
(2.39997e-110 0 0)
(1.88174e-114 0 0)
(1.43607e-118 0 0)
(1.068e-122 0 0)
(7.74863e-127 0 0)
(5.49015e-131 0 0)
(3.80247e-135 0 0)
(2.57667e-139 0 0)
(1.70973e-143 0 0)
(1.11177e-147 0 0)
(7.09e-152 0 0)
(4.4373e-156 0 0)
(2.72722e-160 0 0)
(1.6471e-164 0 0)
(9.78079e-169 0 0)
(5.71377e-173 0 0)
(3.28545e-177 0 0)
(1.8604e-181 0 0)
(1.03793e-185 0 0)
(5.70781e-190 0 0)
(3.09529e-194 0 0)
(1.65593e-198 0 0)
(8.74297e-203 0 0)
(4.55739e-207 0 0)
(2.34621e-211 0 0)
(1.19333e-215 0 0)
(5.99842e-220 0 0)
(2.9808e-224 0 0)
(1.46481e-228 0 0)
(7.12034e-233 0 0)
(3.42465e-237 0 0)
(1.6302e-241 0 0)
(7.68218e-246 0 0)
(3.58472e-250 0 0)
(1.65681e-254 0 0)
(5.18445e-90 0 0)
(4.75956e-94 0 0)
(4.1774e-98 0 0)
(3.58104e-102 0 0)
(2.97548e-106 0 0)
(2.39997e-110 0 0)
(1.88174e-114 0 0)
(1.43607e-118 0 0)
(1.068e-122 0 0)
(7.74863e-127 0 0)
(5.49015e-131 0 0)
(3.80247e-135 0 0)
(2.57667e-139 0 0)
(1.70973e-143 0 0)
(1.11177e-147 0 0)
(7.09e-152 0 0)
(4.4373e-156 0 0)
(2.72722e-160 0 0)
(1.6471e-164 0 0)
(9.78079e-169 0 0)
(5.71377e-173 0 0)
(3.28545e-177 0 0)
(1.8604e-181 0 0)
(1.03793e-185 0 0)
(5.70781e-190 0 0)
(3.09529e-194 0 0)
(1.65593e-198 0 0)
(8.74297e-203 0 0)
(4.55739e-207 0 0)
(2.34621e-211 0 0)
(1.19333e-215 0 0)
(5.99842e-220 0 0)
(2.9808e-224 0 0)
(1.46481e-228 0 0)
(7.12034e-233 0 0)
(3.42465e-237 0 0)
(1.6302e-241 0 0)
(7.68218e-246 0 0)
(3.58472e-250 0 0)
(1.65681e-254 0 0)
(5.18445e-90 0 0)
(4.75956e-94 0 0)
(4.1774e-98 0 0)
(3.58104e-102 0 0)
(2.97548e-106 0 0)
(2.39997e-110 0 0)
(1.88174e-114 0 0)
(1.43607e-118 0 0)
(1.068e-122 0 0)
(7.74863e-127 0 0)
(5.49015e-131 0 0)
(3.80247e-135 0 0)
(2.57667e-139 0 0)
(1.70973e-143 0 0)
(1.11177e-147 0 0)
(7.09e-152 0 0)
(4.4373e-156 0 0)
(2.72722e-160 0 0)
(1.6471e-164 0 0)
(9.78079e-169 0 0)
(5.71377e-173 0 0)
(3.28545e-177 0 0)
(1.8604e-181 0 0)
(1.03793e-185 0 0)
(5.70781e-190 0 0)
(3.09529e-194 0 0)
(1.65593e-198 0 0)
(8.74297e-203 0 0)
(4.55739e-207 0 0)
(2.34621e-211 0 0)
(1.19333e-215 0 0)
(5.99842e-220 0 0)
(2.9808e-224 0 0)
(1.46481e-228 0 0)
(7.12034e-233 0 0)
(3.42465e-237 0 0)
(1.6302e-241 0 0)
(7.68218e-246 0 0)
(3.58472e-250 0 0)
(1.65681e-254 0 0)
(5.18445e-90 0 0)
(4.75956e-94 0 0)
(4.1774e-98 0 0)
(3.58104e-102 0 0)
(2.97548e-106 0 0)
(2.39997e-110 0 0)
(1.88174e-114 0 0)
(1.43607e-118 0 0)
(1.068e-122 0 0)
(7.74863e-127 0 0)
(5.49015e-131 0 0)
(3.80247e-135 0 0)
(2.57667e-139 0 0)
(1.70973e-143 0 0)
(1.11177e-147 0 0)
(7.09e-152 0 0)
(4.4373e-156 0 0)
(2.72722e-160 0 0)
(1.6471e-164 0 0)
(9.78079e-169 0 0)
(5.71377e-173 0 0)
(3.28545e-177 0 0)
(1.8604e-181 0 0)
(1.03793e-185 0 0)
(5.70781e-190 0 0)
(3.09529e-194 0 0)
(1.65593e-198 0 0)
(8.74297e-203 0 0)
(4.55739e-207 0 0)
(2.34621e-211 0 0)
(1.19333e-215 0 0)
(5.99842e-220 0 0)
(2.9808e-224 0 0)
(1.46481e-228 0 0)
(7.12034e-233 0 0)
(3.42465e-237 0 0)
(1.6302e-241 0 0)
(7.68218e-246 0 0)
(3.58472e-250 0 0)
(1.65681e-254 0 0)
(5.18445e-90 0 0)
(4.75956e-94 0 0)
(4.1774e-98 0 0)
(3.58104e-102 0 0)
(2.97548e-106 0 0)
(2.39997e-110 0 0)
(1.88174e-114 0 0)
(1.43607e-118 0 0)
(1.068e-122 0 0)
(7.74863e-127 0 0)
(5.49015e-131 0 0)
(3.80247e-135 0 0)
(2.57667e-139 0 0)
(1.70973e-143 0 0)
(1.11177e-147 0 0)
(7.09e-152 0 0)
(4.4373e-156 0 0)
(2.72722e-160 0 0)
(1.6471e-164 0 0)
(9.78079e-169 0 0)
(5.71377e-173 0 0)
(3.28545e-177 0 0)
(1.8604e-181 0 0)
(1.03793e-185 0 0)
(5.70781e-190 0 0)
(3.09529e-194 0 0)
(1.65593e-198 0 0)
(8.74297e-203 0 0)
(4.55739e-207 0 0)
(2.34621e-211 0 0)
(1.19333e-215 0 0)
(5.99842e-220 0 0)
(2.9808e-224 0 0)
(1.46481e-228 0 0)
(7.12034e-233 0 0)
(3.42465e-237 0 0)
(1.6302e-241 0 0)
(7.68218e-246 0 0)
(3.58472e-250 0 0)
(1.65681e-254 0 0)
(5.18445e-90 0 0)
(4.75956e-94 0 0)
(4.1774e-98 0 0)
(3.58104e-102 0 0)
(2.97548e-106 0 0)
(2.39997e-110 0 0)
(1.88174e-114 0 0)
(1.43607e-118 0 0)
(1.068e-122 0 0)
(7.74863e-127 0 0)
(5.49015e-131 0 0)
(3.80247e-135 0 0)
(2.57667e-139 0 0)
(1.70973e-143 0 0)
(1.11177e-147 0 0)
(7.09e-152 0 0)
(4.4373e-156 0 0)
(2.72722e-160 0 0)
(1.6471e-164 0 0)
(9.78079e-169 0 0)
(5.71377e-173 0 0)
(3.28545e-177 0 0)
(1.8604e-181 0 0)
(1.03793e-185 0 0)
(5.70781e-190 0 0)
(3.09529e-194 0 0)
(1.65593e-198 0 0)
(8.74297e-203 0 0)
(4.55739e-207 0 0)
(2.34621e-211 0 0)
(1.19333e-215 0 0)
(5.99842e-220 0 0)
(2.9808e-224 0 0)
(1.46481e-228 0 0)
(7.12034e-233 0 0)
(3.42465e-237 0 0)
(1.6302e-241 0 0)
(7.68218e-246 0 0)
(3.58472e-250 0 0)
(1.65681e-254 0 0)
(5.18445e-90 0 0)
(4.75956e-94 0 0)
(4.1774e-98 0 0)
(3.58104e-102 0 0)
(2.97548e-106 0 0)
(2.39997e-110 0 0)
(1.88174e-114 0 0)
(1.43607e-118 0 0)
(1.068e-122 0 0)
(7.74863e-127 0 0)
(5.49015e-131 0 0)
(3.80247e-135 0 0)
(2.57667e-139 0 0)
(1.70973e-143 0 0)
(1.11177e-147 0 0)
(7.09e-152 0 0)
(4.4373e-156 0 0)
(2.72722e-160 0 0)
(1.6471e-164 0 0)
(9.78079e-169 0 0)
(5.71377e-173 0 0)
(3.28545e-177 0 0)
(1.8604e-181 0 0)
(1.03793e-185 0 0)
(5.70781e-190 0 0)
(3.09529e-194 0 0)
(1.65593e-198 0 0)
(8.74297e-203 0 0)
(4.55739e-207 0 0)
(2.34621e-211 0 0)
(1.19333e-215 0 0)
(5.99842e-220 0 0)
(2.9808e-224 0 0)
(1.46481e-228 0 0)
(7.12034e-233 0 0)
(3.42465e-237 0 0)
(1.6302e-241 0 0)
(7.68218e-246 0 0)
(3.58472e-250 0 0)
(1.65681e-254 0 0)
(5.18445e-90 0 0)
(4.75956e-94 0 0)
(4.1774e-98 0 0)
(3.58104e-102 0 0)
(2.97548e-106 0 0)
(2.39997e-110 0 0)
(1.88174e-114 0 0)
(1.43607e-118 0 0)
(1.068e-122 0 0)
(7.74863e-127 0 0)
(5.49015e-131 0 0)
(3.80247e-135 0 0)
(2.57667e-139 0 0)
(1.70973e-143 0 0)
(1.11177e-147 0 0)
(7.09e-152 0 0)
(4.4373e-156 0 0)
(2.72722e-160 0 0)
(1.6471e-164 0 0)
(9.78079e-169 0 0)
(5.71377e-173 0 0)
(3.28545e-177 0 0)
(1.8604e-181 0 0)
(1.03793e-185 0 0)
(5.70781e-190 0 0)
(3.09529e-194 0 0)
(1.65593e-198 0 0)
(8.74297e-203 0 0)
(4.55739e-207 0 0)
(2.34621e-211 0 0)
(1.19333e-215 0 0)
(5.99842e-220 0 0)
(2.9808e-224 0 0)
(1.46481e-228 0 0)
(7.12034e-233 0 0)
(3.42465e-237 0 0)
(1.6302e-241 0 0)
(7.68218e-246 0 0)
(3.58472e-250 0 0)
(1.65681e-254 0 0)
(5.18445e-90 0 0)
(4.75956e-94 0 0)
(4.1774e-98 0 0)
(3.58104e-102 0 0)
(2.97548e-106 0 0)
(2.39997e-110 0 0)
(1.88174e-114 0 0)
(1.43607e-118 0 0)
(1.068e-122 0 0)
(7.74863e-127 0 0)
(5.49015e-131 0 0)
(3.80247e-135 0 0)
(2.57667e-139 0 0)
(1.70973e-143 0 0)
(1.11177e-147 0 0)
(7.09e-152 0 0)
(4.4373e-156 0 0)
(2.72722e-160 0 0)
(1.6471e-164 0 0)
(9.78079e-169 0 0)
(5.71377e-173 0 0)
(3.28545e-177 0 0)
(1.8604e-181 0 0)
(1.03793e-185 0 0)
(5.70781e-190 0 0)
(3.09529e-194 0 0)
(1.65593e-198 0 0)
(8.74297e-203 0 0)
(4.55739e-207 0 0)
(2.34621e-211 0 0)
(1.19333e-215 0 0)
(5.99842e-220 0 0)
(2.9808e-224 0 0)
(1.46481e-228 0 0)
(7.12034e-233 0 0)
(3.42465e-237 0 0)
(1.6302e-241 0 0)
(7.68218e-246 0 0)
(3.58472e-250 0 0)
(1.65681e-254 0 0)
(5.18445e-90 0 0)
(4.75956e-94 0 0)
(4.1774e-98 0 0)
(3.58104e-102 0 0)
(2.97548e-106 0 0)
(2.39997e-110 0 0)
(1.88174e-114 0 0)
(1.43607e-118 0 0)
(1.068e-122 0 0)
(7.74863e-127 0 0)
(5.49015e-131 0 0)
(3.80247e-135 0 0)
(2.57667e-139 0 0)
(1.70973e-143 0 0)
(1.11177e-147 0 0)
(7.09e-152 0 0)
(4.4373e-156 0 0)
(2.72722e-160 0 0)
(1.6471e-164 0 0)
(9.78079e-169 0 0)
(5.71377e-173 0 0)
(3.28545e-177 0 0)
(1.8604e-181 0 0)
(1.03793e-185 0 0)
(5.70781e-190 0 0)
(3.09529e-194 0 0)
(1.65593e-198 0 0)
(8.74297e-203 0 0)
(4.55739e-207 0 0)
(2.34621e-211 0 0)
(1.19333e-215 0 0)
(5.99842e-220 0 0)
(2.9808e-224 0 0)
(1.46481e-228 0 0)
(7.12034e-233 0 0)
(3.42465e-237 0 0)
(1.6302e-241 0 0)
(7.68218e-246 0 0)
(3.58472e-250 0 0)
(1.65681e-254 0 0)
(5.18445e-90 0 0)
(4.75956e-94 0 0)
(4.1774e-98 0 0)
(3.58104e-102 0 0)
(2.97548e-106 0 0)
(2.39997e-110 0 0)
(1.88174e-114 0 0)
(1.43607e-118 0 0)
(1.068e-122 0 0)
(7.74863e-127 0 0)
(5.49015e-131 0 0)
(3.80247e-135 0 0)
(2.57667e-139 0 0)
(1.70973e-143 0 0)
(1.11177e-147 0 0)
(7.09e-152 0 0)
(4.4373e-156 0 0)
(2.72722e-160 0 0)
(1.6471e-164 0 0)
(9.78079e-169 0 0)
(5.71377e-173 0 0)
(3.28545e-177 0 0)
(1.8604e-181 0 0)
(1.03793e-185 0 0)
(5.70781e-190 0 0)
(3.09529e-194 0 0)
(1.65593e-198 0 0)
(8.74297e-203 0 0)
(4.55739e-207 0 0)
(2.34621e-211 0 0)
(1.19333e-215 0 0)
(5.99842e-220 0 0)
(2.9808e-224 0 0)
(1.46481e-228 0 0)
(7.12034e-233 0 0)
(3.42465e-237 0 0)
(1.6302e-241 0 0)
(7.68218e-246 0 0)
(3.58472e-250 0 0)
(1.65681e-254 0 0)
(5.18445e-90 0 0)
(4.75956e-94 0 0)
(4.1774e-98 0 0)
(3.58104e-102 0 0)
(2.97548e-106 0 0)
(2.39997e-110 0 0)
(1.88174e-114 0 0)
(1.43607e-118 0 0)
(1.068e-122 0 0)
(7.74863e-127 0 0)
(5.49015e-131 0 0)
(3.80247e-135 0 0)
(2.57667e-139 0 0)
(1.70973e-143 0 0)
(1.11177e-147 0 0)
(7.09e-152 0 0)
(4.4373e-156 0 0)
(2.72722e-160 0 0)
(1.6471e-164 0 0)
(9.78079e-169 0 0)
(5.71377e-173 0 0)
(3.28545e-177 0 0)
(1.8604e-181 0 0)
(1.03793e-185 0 0)
(5.70781e-190 0 0)
(3.09529e-194 0 0)
(1.65593e-198 0 0)
(8.74297e-203 0 0)
(4.55739e-207 0 0)
(2.34621e-211 0 0)
(1.19333e-215 0 0)
(5.99842e-220 0 0)
(2.9808e-224 0 0)
(1.46481e-228 0 0)
(7.12034e-233 0 0)
(3.42465e-237 0 0)
(1.6302e-241 0 0)
(7.68218e-246 0 0)
(3.58472e-250 0 0)
(1.65681e-254 0 0)
(5.18445e-90 0 0)
(4.75956e-94 0 0)
(4.1774e-98 0 0)
(3.58104e-102 0 0)
(2.97548e-106 0 0)
(2.39997e-110 0 0)
(1.88174e-114 0 0)
(1.43607e-118 0 0)
(1.068e-122 0 0)
(7.74863e-127 0 0)
(5.49015e-131 0 0)
(3.80247e-135 0 0)
(2.57667e-139 0 0)
(1.70973e-143 0 0)
(1.11177e-147 0 0)
(7.09e-152 0 0)
(4.4373e-156 0 0)
(2.72722e-160 0 0)
(1.6471e-164 0 0)
(9.78079e-169 0 0)
(5.71377e-173 0 0)
(3.28545e-177 0 0)
(1.8604e-181 0 0)
(1.03793e-185 0 0)
(5.70781e-190 0 0)
(3.09529e-194 0 0)
(1.65593e-198 0 0)
(8.74297e-203 0 0)
(4.55739e-207 0 0)
(2.34621e-211 0 0)
(1.19333e-215 0 0)
(5.99842e-220 0 0)
(2.9808e-224 0 0)
(1.46481e-228 0 0)
(7.12034e-233 0 0)
(3.42465e-237 0 0)
(1.6302e-241 0 0)
(7.68218e-246 0 0)
(3.58472e-250 0 0)
(1.65681e-254 0 0)
(5.18445e-90 0 0)
(4.75956e-94 0 0)
(4.1774e-98 0 0)
(3.58104e-102 0 0)
(2.97548e-106 0 0)
(2.39997e-110 0 0)
(1.88174e-114 0 0)
(1.43607e-118 0 0)
(1.068e-122 0 0)
(7.74863e-127 0 0)
(5.49015e-131 0 0)
(3.80247e-135 0 0)
(2.57667e-139 0 0)
(1.70973e-143 0 0)
(1.11177e-147 0 0)
(7.09e-152 0 0)
(4.4373e-156 0 0)
(2.72722e-160 0 0)
(1.6471e-164 0 0)
(9.78079e-169 0 0)
(5.71377e-173 0 0)
(3.28545e-177 0 0)
(1.8604e-181 0 0)
(1.03793e-185 0 0)
(5.70781e-190 0 0)
(3.09529e-194 0 0)
(1.65593e-198 0 0)
(8.74297e-203 0 0)
(4.55739e-207 0 0)
(2.34621e-211 0 0)
(1.19333e-215 0 0)
(5.99842e-220 0 0)
(2.9808e-224 0 0)
(1.46481e-228 0 0)
(7.12034e-233 0 0)
(3.42465e-237 0 0)
(1.6302e-241 0 0)
(7.68218e-246 0 0)
(3.58472e-250 0 0)
(1.65681e-254 0 0)
(5.18445e-90 0 0)
(4.75956e-94 0 0)
(4.1774e-98 0 0)
(3.58104e-102 0 0)
(2.97548e-106 0 0)
(2.39997e-110 0 0)
(1.88174e-114 0 0)
(1.43607e-118 0 0)
(1.068e-122 0 0)
(7.74863e-127 0 0)
(5.49015e-131 0 0)
(3.80247e-135 0 0)
(2.57667e-139 0 0)
(1.70973e-143 0 0)
(1.11177e-147 0 0)
(7.09e-152 0 0)
(4.4373e-156 0 0)
(2.72722e-160 0 0)
(1.6471e-164 0 0)
(9.78079e-169 0 0)
(5.71377e-173 0 0)
(3.28545e-177 0 0)
(1.8604e-181 0 0)
(1.03793e-185 0 0)
(5.70781e-190 0 0)
(3.09529e-194 0 0)
(1.65593e-198 0 0)
(8.74297e-203 0 0)
(4.55739e-207 0 0)
(2.34621e-211 0 0)
(1.19333e-215 0 0)
(5.99842e-220 0 0)
(2.9808e-224 0 0)
(1.46481e-228 0 0)
(7.12034e-233 0 0)
(3.42465e-237 0 0)
(1.6302e-241 0 0)
(7.68218e-246 0 0)
(3.58472e-250 0 0)
(1.65681e-254 0 0)
(5.18445e-90 0 0)
(4.75956e-94 0 0)
(4.1774e-98 0 0)
(3.58104e-102 0 0)
(2.97548e-106 0 0)
(2.39997e-110 0 0)
(1.88174e-114 0 0)
(1.43607e-118 0 0)
(1.068e-122 0 0)
(7.74863e-127 0 0)
(5.49015e-131 0 0)
(3.80247e-135 0 0)
(2.57667e-139 0 0)
(1.70973e-143 0 0)
(1.11177e-147 0 0)
(7.09e-152 0 0)
(4.4373e-156 0 0)
(2.72722e-160 0 0)
(1.6471e-164 0 0)
(9.78079e-169 0 0)
(5.71377e-173 0 0)
(3.28545e-177 0 0)
(1.8604e-181 0 0)
(1.03793e-185 0 0)
(5.70781e-190 0 0)
(3.09529e-194 0 0)
(1.65593e-198 0 0)
(8.74297e-203 0 0)
(4.55739e-207 0 0)
(2.34621e-211 0 0)
(1.19333e-215 0 0)
(5.99842e-220 0 0)
(2.9808e-224 0 0)
(1.46481e-228 0 0)
(7.12034e-233 0 0)
(3.42465e-237 0 0)
(1.6302e-241 0 0)
(7.68218e-246 0 0)
(3.58472e-250 0 0)
(1.65681e-254 0 0)
(5.18445e-90 0 0)
(4.75956e-94 0 0)
(4.1774e-98 0 0)
(3.58104e-102 0 0)
(2.97548e-106 0 0)
(2.39997e-110 0 0)
(1.88174e-114 0 0)
(1.43607e-118 0 0)
(1.068e-122 0 0)
(7.74863e-127 0 0)
(5.49015e-131 0 0)
(3.80247e-135 0 0)
(2.57667e-139 0 0)
(1.70973e-143 0 0)
(1.11177e-147 0 0)
(7.09e-152 0 0)
(4.4373e-156 0 0)
(2.72722e-160 0 0)
(1.6471e-164 0 0)
(9.78079e-169 0 0)
(5.71377e-173 0 0)
(3.28545e-177 0 0)
(1.8604e-181 0 0)
(1.03793e-185 0 0)
(5.70781e-190 0 0)
(3.09529e-194 0 0)
(1.65593e-198 0 0)
(8.74297e-203 0 0)
(4.55739e-207 0 0)
(2.34621e-211 0 0)
(1.19333e-215 0 0)
(5.99842e-220 0 0)
(2.9808e-224 0 0)
(1.46481e-228 0 0)
(7.12034e-233 0 0)
(3.42465e-237 0 0)
(1.6302e-241 0 0)
(7.68218e-246 0 0)
(3.58472e-250 0 0)
(1.65681e-254 0 0)
(5.18445e-90 0 0)
(4.75956e-94 0 0)
(4.1774e-98 0 0)
(3.58104e-102 0 0)
(2.97548e-106 0 0)
(2.39997e-110 0 0)
(1.88174e-114 0 0)
(1.43607e-118 0 0)
(1.068e-122 0 0)
(7.74863e-127 0 0)
(5.49015e-131 0 0)
(3.80247e-135 0 0)
(2.57667e-139 0 0)
(1.70973e-143 0 0)
(1.11177e-147 0 0)
(7.09e-152 0 0)
(4.4373e-156 0 0)
(2.72722e-160 0 0)
(1.6471e-164 0 0)
(9.78079e-169 0 0)
(5.71377e-173 0 0)
(3.28545e-177 0 0)
(1.8604e-181 0 0)
(1.03793e-185 0 0)
(5.70781e-190 0 0)
(3.09529e-194 0 0)
(1.65593e-198 0 0)
(8.74297e-203 0 0)
(4.55739e-207 0 0)
(2.34621e-211 0 0)
(1.19333e-215 0 0)
(5.99842e-220 0 0)
(2.9808e-224 0 0)
(1.46481e-228 0 0)
(7.12034e-233 0 0)
(3.42465e-237 0 0)
(1.6302e-241 0 0)
(7.68218e-246 0 0)
(3.58472e-250 0 0)
(1.65681e-254 0 0)
(5.18445e-90 0 0)
(4.75956e-94 0 0)
(4.1774e-98 0 0)
(3.58104e-102 0 0)
(2.97548e-106 0 0)
(2.39997e-110 0 0)
(1.88174e-114 0 0)
(1.43607e-118 0 0)
(1.068e-122 0 0)
(7.74863e-127 0 0)
(5.49015e-131 0 0)
(3.80247e-135 0 0)
(2.57667e-139 0 0)
(1.70973e-143 0 0)
(1.11177e-147 0 0)
(7.09e-152 0 0)
(4.4373e-156 0 0)
(2.72722e-160 0 0)
(1.6471e-164 0 0)
(9.78079e-169 0 0)
(5.71377e-173 0 0)
(3.28545e-177 0 0)
(1.8604e-181 0 0)
(1.03793e-185 0 0)
(5.70781e-190 0 0)
(3.09529e-194 0 0)
(1.65593e-198 0 0)
(8.74297e-203 0 0)
(4.55739e-207 0 0)
(2.34621e-211 0 0)
(1.19333e-215 0 0)
(5.99842e-220 0 0)
(2.9808e-224 0 0)
(1.46481e-228 0 0)
(7.12034e-233 0 0)
(3.42465e-237 0 0)
(1.6302e-241 0 0)
(7.68218e-246 0 0)
(3.58472e-250 0 0)
(1.65681e-254 0 0)
(5.18445e-90 0 0)
(4.75956e-94 0 0)
(4.1774e-98 0 0)
(3.58104e-102 0 0)
(2.97548e-106 0 0)
(2.39997e-110 0 0)
(1.88174e-114 0 0)
(1.43607e-118 0 0)
(1.068e-122 0 0)
(7.74863e-127 0 0)
(5.49015e-131 0 0)
(3.80247e-135 0 0)
(2.57667e-139 0 0)
(1.70973e-143 0 0)
(1.11177e-147 0 0)
(7.09e-152 0 0)
(4.4373e-156 0 0)
(2.72722e-160 0 0)
(1.6471e-164 0 0)
(9.78079e-169 0 0)
(5.71377e-173 0 0)
(3.28545e-177 0 0)
(1.8604e-181 0 0)
(1.03793e-185 0 0)
(5.70781e-190 0 0)
(3.09529e-194 0 0)
(1.65593e-198 0 0)
(8.74297e-203 0 0)
(4.55739e-207 0 0)
(2.34621e-211 0 0)
(1.19333e-215 0 0)
(5.99842e-220 0 0)
(2.9808e-224 0 0)
(1.46481e-228 0 0)
(7.12034e-233 0 0)
(3.42465e-237 0 0)
(1.6302e-241 0 0)
(7.68218e-246 0 0)
(3.58472e-250 0 0)
(1.65681e-254 0 0)
(5.18445e-90 0 0)
(4.75956e-94 0 0)
(4.1774e-98 0 0)
(3.58104e-102 0 0)
(2.97548e-106 0 0)
(2.39997e-110 0 0)
(1.88174e-114 0 0)
(1.43607e-118 0 0)
(1.068e-122 0 0)
(7.74863e-127 0 0)
(5.49015e-131 0 0)
(3.80247e-135 0 0)
(2.57667e-139 0 0)
(1.70973e-143 0 0)
(1.11177e-147 0 0)
(7.09e-152 0 0)
(4.4373e-156 0 0)
(2.72722e-160 0 0)
(1.6471e-164 0 0)
(9.78079e-169 0 0)
(5.71377e-173 0 0)
(3.28545e-177 0 0)
(1.8604e-181 0 0)
(1.03793e-185 0 0)
(5.70781e-190 0 0)
(3.09529e-194 0 0)
(1.65593e-198 0 0)
(8.74297e-203 0 0)
(4.55739e-207 0 0)
(2.34621e-211 0 0)
(1.19333e-215 0 0)
(5.99842e-220 0 0)
(2.9808e-224 0 0)
(1.46481e-228 0 0)
(7.12034e-233 0 0)
(3.42465e-237 0 0)
(1.6302e-241 0 0)
(7.68218e-246 0 0)
(3.58472e-250 0 0)
(1.65681e-254 0 0)
(5.18445e-90 0 0)
(4.75956e-94 0 0)
(4.1774e-98 0 0)
(3.58104e-102 0 0)
(2.97548e-106 0 0)
(2.39997e-110 0 0)
(1.88174e-114 0 0)
(1.43607e-118 0 0)
(1.068e-122 0 0)
(7.74863e-127 0 0)
(5.49015e-131 0 0)
(3.80247e-135 0 0)
(2.57667e-139 0 0)
(1.70973e-143 0 0)
(1.11177e-147 0 0)
(7.09e-152 0 0)
(4.4373e-156 0 0)
(2.72722e-160 0 0)
(1.6471e-164 0 0)
(9.78079e-169 0 0)
(5.71377e-173 0 0)
(3.28545e-177 0 0)
(1.8604e-181 0 0)
(1.03793e-185 0 0)
(5.70781e-190 0 0)
(3.09529e-194 0 0)
(1.65593e-198 0 0)
(8.74297e-203 0 0)
(4.55739e-207 0 0)
(2.34621e-211 0 0)
(1.19333e-215 0 0)
(5.99842e-220 0 0)
(2.9808e-224 0 0)
(1.46481e-228 0 0)
(7.12034e-233 0 0)
(3.42465e-237 0 0)
(1.6302e-241 0 0)
(7.68218e-246 0 0)
(3.58472e-250 0 0)
(1.65681e-254 0 0)
(5.18445e-90 0 0)
(4.75956e-94 0 0)
(4.1774e-98 0 0)
(3.58104e-102 0 0)
(2.97548e-106 0 0)
(2.39997e-110 0 0)
(1.88174e-114 0 0)
(1.43607e-118 0 0)
(1.068e-122 0 0)
(7.74863e-127 0 0)
(5.49015e-131 0 0)
(3.80247e-135 0 0)
(2.57667e-139 0 0)
(1.70973e-143 0 0)
(1.11177e-147 0 0)
(7.09e-152 0 0)
(4.4373e-156 0 0)
(2.72722e-160 0 0)
(1.6471e-164 0 0)
(9.78079e-169 0 0)
(5.71377e-173 0 0)
(3.28545e-177 0 0)
(1.8604e-181 0 0)
(1.03793e-185 0 0)
(5.70781e-190 0 0)
(3.09529e-194 0 0)
(1.65593e-198 0 0)
(8.74297e-203 0 0)
(4.55739e-207 0 0)
(2.34621e-211 0 0)
(1.19333e-215 0 0)
(5.99842e-220 0 0)
(2.9808e-224 0 0)
(1.46481e-228 0 0)
(7.12034e-233 0 0)
(3.42465e-237 0 0)
(1.6302e-241 0 0)
(7.68218e-246 0 0)
(3.58472e-250 0 0)
(1.65681e-254 0 0)
(5.18445e-90 0 0)
(4.75956e-94 0 0)
(4.1774e-98 0 0)
(3.58104e-102 0 0)
(2.97548e-106 0 0)
(2.39997e-110 0 0)
(1.88174e-114 0 0)
(1.43607e-118 0 0)
(1.068e-122 0 0)
(7.74863e-127 0 0)
(5.49015e-131 0 0)
(3.80247e-135 0 0)
(2.57667e-139 0 0)
(1.70973e-143 0 0)
(1.11177e-147 0 0)
(7.09e-152 0 0)
(4.4373e-156 0 0)
(2.72722e-160 0 0)
(1.6471e-164 0 0)
(9.78079e-169 0 0)
(5.71377e-173 0 0)
(3.28545e-177 0 0)
(1.8604e-181 0 0)
(1.03793e-185 0 0)
(5.70781e-190 0 0)
(3.09529e-194 0 0)
(1.65593e-198 0 0)
(8.74297e-203 0 0)
(4.55739e-207 0 0)
(2.34621e-211 0 0)
(1.19333e-215 0 0)
(5.99842e-220 0 0)
(2.9808e-224 0 0)
(1.46481e-228 0 0)
(7.12034e-233 0 0)
(3.42465e-237 0 0)
(1.6302e-241 0 0)
(7.68218e-246 0 0)
(3.58472e-250 0 0)
(1.65681e-254 0 0)
(5.18445e-90 0 0)
(4.75956e-94 0 0)
(4.1774e-98 0 0)
(3.58104e-102 0 0)
(2.97548e-106 0 0)
(2.39997e-110 0 0)
(1.88174e-114 0 0)
(1.43607e-118 0 0)
(1.068e-122 0 0)
(7.74863e-127 0 0)
(5.49015e-131 0 0)
(3.80247e-135 0 0)
(2.57667e-139 0 0)
(1.70973e-143 0 0)
(1.11177e-147 0 0)
(7.09e-152 0 0)
(4.4373e-156 0 0)
(2.72722e-160 0 0)
(1.6471e-164 0 0)
(9.78079e-169 0 0)
(5.71377e-173 0 0)
(3.28545e-177 0 0)
(1.8604e-181 0 0)
(1.03793e-185 0 0)
(5.70781e-190 0 0)
(3.09529e-194 0 0)
(1.65593e-198 0 0)
(8.74297e-203 0 0)
(4.55739e-207 0 0)
(2.34621e-211 0 0)
(1.19333e-215 0 0)
(5.99842e-220 0 0)
(2.9808e-224 0 0)
(1.46481e-228 0 0)
(7.12034e-233 0 0)
(3.42465e-237 0 0)
(1.6302e-241 0 0)
(7.68218e-246 0 0)
(3.58472e-250 0 0)
(1.65681e-254 0 0)
(5.18445e-90 0 0)
(4.75956e-94 0 0)
(4.1774e-98 0 0)
(3.58104e-102 0 0)
(2.97548e-106 0 0)
(2.39997e-110 0 0)
(1.88174e-114 0 0)
(1.43607e-118 0 0)
(1.068e-122 0 0)
(7.74863e-127 0 0)
(5.49015e-131 0 0)
(3.80247e-135 0 0)
(2.57667e-139 0 0)
(1.70973e-143 0 0)
(1.11177e-147 0 0)
(7.09e-152 0 0)
(4.4373e-156 0 0)
(2.72722e-160 0 0)
(1.6471e-164 0 0)
(9.78079e-169 0 0)
(5.71377e-173 0 0)
(3.28545e-177 0 0)
(1.8604e-181 0 0)
(1.03793e-185 0 0)
(5.70781e-190 0 0)
(3.09529e-194 0 0)
(1.65593e-198 0 0)
(8.74297e-203 0 0)
(4.55739e-207 0 0)
(2.34621e-211 0 0)
(1.19333e-215 0 0)
(5.99842e-220 0 0)
(2.9808e-224 0 0)
(1.46481e-228 0 0)
(7.12034e-233 0 0)
(3.42465e-237 0 0)
(1.6302e-241 0 0)
(7.68218e-246 0 0)
(3.58472e-250 0 0)
(1.65681e-254 0 0)
(5.18445e-90 0 0)
(4.75956e-94 0 0)
(4.1774e-98 0 0)
(3.58104e-102 0 0)
(2.97548e-106 0 0)
(2.39997e-110 0 0)
(1.88174e-114 0 0)
(1.43607e-118 0 0)
(1.068e-122 0 0)
(7.74863e-127 0 0)
(5.49015e-131 0 0)
(3.80247e-135 0 0)
(2.57667e-139 0 0)
(1.70973e-143 0 0)
(1.11177e-147 0 0)
(7.09e-152 0 0)
(4.4373e-156 0 0)
(2.72722e-160 0 0)
(1.6471e-164 0 0)
(9.78079e-169 0 0)
(5.71377e-173 0 0)
(3.28545e-177 0 0)
(1.8604e-181 0 0)
(1.03793e-185 0 0)
(5.70781e-190 0 0)
(3.09529e-194 0 0)
(1.65593e-198 0 0)
(8.74297e-203 0 0)
(4.55739e-207 0 0)
(2.34621e-211 0 0)
(1.19333e-215 0 0)
(5.99842e-220 0 0)
(2.9808e-224 0 0)
(1.46481e-228 0 0)
(7.12034e-233 0 0)
(3.42465e-237 0 0)
(1.6302e-241 0 0)
(7.68218e-246 0 0)
(3.58472e-250 0 0)
(1.65681e-254 0 0)
(5.18445e-90 0 0)
(4.75956e-94 0 0)
(4.1774e-98 0 0)
(3.58104e-102 0 0)
(2.97548e-106 0 0)
(2.39997e-110 0 0)
(1.88174e-114 0 0)
(1.43607e-118 0 0)
(1.068e-122 0 0)
(7.74863e-127 0 0)
(5.49015e-131 0 0)
(3.80247e-135 0 0)
(2.57667e-139 0 0)
(1.70973e-143 0 0)
(1.11177e-147 0 0)
(7.09e-152 0 0)
(4.4373e-156 0 0)
(2.72722e-160 0 0)
(1.6471e-164 0 0)
(9.78079e-169 0 0)
(5.71377e-173 0 0)
(3.28545e-177 0 0)
(1.8604e-181 0 0)
(1.03793e-185 0 0)
(5.70781e-190 0 0)
(3.09529e-194 0 0)
(1.65593e-198 0 0)
(8.74297e-203 0 0)
(4.55739e-207 0 0)
(2.34621e-211 0 0)
(1.19333e-215 0 0)
(5.99842e-220 0 0)
(2.9808e-224 0 0)
(1.46481e-228 0 0)
(7.12034e-233 0 0)
(3.42465e-237 0 0)
(1.6302e-241 0 0)
(7.68218e-246 0 0)
(3.58472e-250 0 0)
(1.65681e-254 0 0)
(5.18445e-90 0 0)
(4.75956e-94 0 0)
(4.1774e-98 0 0)
(3.58104e-102 0 0)
(2.97548e-106 0 0)
(2.39997e-110 0 0)
(1.88174e-114 0 0)
(1.43607e-118 0 0)
(1.068e-122 0 0)
(7.74863e-127 0 0)
(5.49015e-131 0 0)
(3.80247e-135 0 0)
(2.57667e-139 0 0)
(1.70973e-143 0 0)
(1.11177e-147 0 0)
(7.09e-152 0 0)
(4.4373e-156 0 0)
(2.72722e-160 0 0)
(1.6471e-164 0 0)
(9.78079e-169 0 0)
(5.71377e-173 0 0)
(3.28545e-177 0 0)
(1.8604e-181 0 0)
(1.03793e-185 0 0)
(5.70781e-190 0 0)
(3.09529e-194 0 0)
(1.65593e-198 0 0)
(8.74297e-203 0 0)
(4.55739e-207 0 0)
(2.34621e-211 0 0)
(1.19333e-215 0 0)
(5.99842e-220 0 0)
(2.9808e-224 0 0)
(1.46481e-228 0 0)
(7.12034e-233 0 0)
(3.42465e-237 0 0)
(1.6302e-241 0 0)
(7.68218e-246 0 0)
(3.58472e-250 0 0)
(1.65681e-254 0 0)
(5.18445e-90 0 0)
(4.75956e-94 0 0)
(4.1774e-98 0 0)
(3.58104e-102 0 0)
(2.97548e-106 0 0)
(2.39997e-110 0 0)
(1.88174e-114 0 0)
(1.43607e-118 0 0)
(1.068e-122 0 0)
(7.74863e-127 0 0)
(5.49015e-131 0 0)
(3.80247e-135 0 0)
(2.57667e-139 0 0)
(1.70973e-143 0 0)
(1.11177e-147 0 0)
(7.09e-152 0 0)
(4.4373e-156 0 0)
(2.72722e-160 0 0)
(1.6471e-164 0 0)
(9.78079e-169 0 0)
(5.71377e-173 0 0)
(3.28545e-177 0 0)
(1.8604e-181 0 0)
(1.03793e-185 0 0)
(5.70781e-190 0 0)
(3.09529e-194 0 0)
(1.65593e-198 0 0)
(8.74297e-203 0 0)
(4.55739e-207 0 0)
(2.34621e-211 0 0)
(1.19333e-215 0 0)
(5.99842e-220 0 0)
(2.9808e-224 0 0)
(1.46481e-228 0 0)
(7.12034e-233 0 0)
(3.42465e-237 0 0)
(1.6302e-241 0 0)
(7.68218e-246 0 0)
(3.58472e-250 0 0)
(1.65681e-254 0 0)
(5.18445e-90 0 0)
(4.75956e-94 0 0)
(4.1774e-98 0 0)
(3.58104e-102 0 0)
(2.97548e-106 0 0)
(2.39997e-110 0 0)
(1.88174e-114 0 0)
(1.43607e-118 0 0)
(1.068e-122 0 0)
(7.74863e-127 0 0)
(5.49015e-131 0 0)
(3.80247e-135 0 0)
(2.57667e-139 0 0)
(1.70973e-143 0 0)
(1.11177e-147 0 0)
(7.09e-152 0 0)
(4.4373e-156 0 0)
(2.72722e-160 0 0)
(1.6471e-164 0 0)
(9.78079e-169 0 0)
(5.71377e-173 0 0)
(3.28545e-177 0 0)
(1.8604e-181 0 0)
(1.03793e-185 0 0)
(5.70781e-190 0 0)
(3.09529e-194 0 0)
(1.65593e-198 0 0)
(8.74297e-203 0 0)
(4.55739e-207 0 0)
(2.34621e-211 0 0)
(1.19333e-215 0 0)
(5.99842e-220 0 0)
(2.9808e-224 0 0)
(1.46481e-228 0 0)
(7.12034e-233 0 0)
(3.42465e-237 0 0)
(1.6302e-241 0 0)
(7.68218e-246 0 0)
(3.58472e-250 0 0)
(1.65681e-254 0 0)
(5.18445e-90 0 0)
(4.75956e-94 0 0)
(4.1774e-98 0 0)
(3.58104e-102 0 0)
(2.97548e-106 0 0)
(2.39997e-110 0 0)
(1.88174e-114 0 0)
(1.43607e-118 0 0)
(1.068e-122 0 0)
(7.74863e-127 0 0)
(5.49015e-131 0 0)
(3.80247e-135 0 0)
(2.57667e-139 0 0)
(1.70973e-143 0 0)
(1.11177e-147 0 0)
(7.09e-152 0 0)
(4.4373e-156 0 0)
(2.72722e-160 0 0)
(1.6471e-164 0 0)
(9.78079e-169 0 0)
(5.71377e-173 0 0)
(3.28545e-177 0 0)
(1.8604e-181 0 0)
(1.03793e-185 0 0)
(5.70781e-190 0 0)
(3.09529e-194 0 0)
(1.65593e-198 0 0)
(8.74297e-203 0 0)
(4.55739e-207 0 0)
(2.34621e-211 0 0)
(1.19333e-215 0 0)
(5.99842e-220 0 0)
(2.9808e-224 0 0)
(1.46481e-228 0 0)
(7.12034e-233 0 0)
(3.42465e-237 0 0)
(1.6302e-241 0 0)
(7.68218e-246 0 0)
(3.58472e-250 0 0)
(1.65681e-254 0 0)
(5.18445e-90 0 0)
(4.75955e-94 0 0)
(4.1774e-98 0 0)
(3.58104e-102 0 0)
(2.97548e-106 0 0)
(2.39997e-110 0 0)
(1.88174e-114 0 0)
(1.43607e-118 0 0)
(1.068e-122 0 0)
(7.74863e-127 0 0)
(5.49015e-131 0 0)
(3.80247e-135 0 0)
(2.57667e-139 0 0)
(1.70973e-143 0 0)
(1.11177e-147 0 0)
(7.09e-152 0 0)
(4.4373e-156 0 0)
(2.72722e-160 0 0)
(1.6471e-164 0 0)
(9.78079e-169 0 0)
(5.71377e-173 0 0)
(3.28545e-177 0 0)
(1.8604e-181 0 0)
(1.03793e-185 0 0)
(5.70781e-190 0 0)
(3.09529e-194 0 0)
(1.65593e-198 0 0)
(8.74297e-203 0 0)
(4.55739e-207 0 0)
(2.34621e-211 0 0)
(1.19333e-215 0 0)
(5.99842e-220 0 0)
(2.9808e-224 0 0)
(1.46481e-228 0 0)
(7.12034e-233 0 0)
(3.42465e-237 0 0)
(1.6302e-241 0 0)
(7.68218e-246 0 0)
(3.58472e-250 0 0)
(1.65681e-254 0 0)
(5.18445e-90 0 0)
(4.75955e-94 0 0)
(4.1774e-98 0 0)
(3.58104e-102 0 0)
(2.97548e-106 0 0)
(2.39997e-110 0 0)
(1.88174e-114 0 0)
(1.43607e-118 0 0)
(1.068e-122 0 0)
(7.74862e-127 0 0)
(5.49014e-131 0 0)
(3.80246e-135 0 0)
(2.57667e-139 0 0)
(1.70973e-143 0 0)
(1.11177e-147 0 0)
(7.08999e-152 0 0)
(4.43729e-156 0 0)
(2.72722e-160 0 0)
(1.6471e-164 0 0)
(9.78078e-169 0 0)
(5.71376e-173 0 0)
(3.28545e-177 0 0)
(1.8604e-181 0 0)
(1.03793e-185 0 0)
(5.70781e-190 0 0)
(3.09529e-194 0 0)
(1.65593e-198 0 0)
(8.74297e-203 0 0)
(4.55738e-207 0 0)
(2.34621e-211 0 0)
(1.19333e-215 0 0)
(5.99841e-220 0 0)
(2.9808e-224 0 0)
(1.4648e-228 0 0)
(7.12033e-233 0 0)
(3.42464e-237 0 0)
(1.6302e-241 0 0)
(7.68217e-246 0 0)
(3.58471e-250 0 0)
(1.65681e-254 0 0)
(5.1797e-90 0 0)
(4.75534e-94 0 0)
(4.17383e-98 0 0)
(3.57807e-102 0 0)
(2.97309e-106 0 0)
(2.3981e-110 0 0)
(1.88031e-114 0 0)
(1.43501e-118 0 0)
(1.06723e-122 0 0)
(7.74315e-127 0 0)
(5.48636e-131 0 0)
(3.7999e-135 0 0)
(2.57497e-139 0 0)
(1.70863e-143 0 0)
(1.11107e-147 0 0)
(7.08558e-152 0 0)
(4.43458e-156 0 0)
(2.72558e-160 0 0)
(1.64613e-164 0 0)
(9.77511e-169 0 0)
(5.7105e-173 0 0)
(3.2836e-177 0 0)
(1.85937e-181 0 0)
(1.03736e-185 0 0)
(5.70474e-190 0 0)
(3.09365e-194 0 0)
(1.65506e-198 0 0)
(8.73845e-203 0 0)
(4.55506e-207 0 0)
(2.34502e-211 0 0)
(1.19273e-215 0 0)
(5.99546e-220 0 0)
(2.97935e-224 0 0)
(1.4641e-228 0 0)
(7.11695e-233 0 0)
(3.42303e-237 0 0)
(1.62944e-241 0 0)
(7.67863e-246 0 0)
(3.58308e-250 0 0)
(1.65606e-254 0 0)
(5.17875e-90 0 0)
(4.75366e-94 0 0)
(4.17167e-98 0 0)
(3.57569e-102 0 0)
(2.97069e-106 0 0)
(2.39584e-110 0 0)
(1.8783e-114 0 0)
(1.4333e-118 0 0)
(1.06583e-122 0 0)
(7.7322e-127 0 0)
(5.47801e-131 0 0)
(3.79373e-135 0 0)
(2.57053e-139 0 0)
(1.70552e-143 0 0)
(1.10895e-147 0 0)
(7.07144e-152 0 0)
(4.42536e-156 0 0)
(2.71968e-160 0 0)
(1.64243e-164 0 0)
(9.7524e-169 0 0)
(5.6968e-173 0 0)
(3.27547e-177 0 0)
(1.85464e-181 0 0)
(1.03464e-185 0 0)
(5.6894e-190 0 0)
(3.08512e-194 0 0)
(1.65039e-198 0 0)
(8.7132e-203 0 0)
(4.5416e-207 0 0)
(2.33795e-211 0 0)
(1.18906e-215 0 0)
(5.97663e-220 0 0)
(2.96982e-224 0 0)
(1.45933e-228 0 0)
(7.09333e-233 0 0)
(3.41148e-237 0 0)
(1.62384e-241 0 0)
(7.65185e-246 0 0)
(3.57038e-250 0 0)
(1.6501e-254 0 0)
(0.000799029 0 0)
(1.61757e-07 0 0)
(2.21033e-11 0 0)
(2.29298e-15 0 0)
(1.92595e-19 0 0)
(1.36413e-23 0 0)
(8.37921e-28 0 0)
(4.55598e-32 0 0)
(2.22727e-36 0 0)
(9.91098e-41 0 0)
(4.05434e-45 0 0)
(1.53722e-49 0 0)
(5.4392e-54 0 0)
(1.80653e-58 0 0)
(5.66029e-63 0 0)
(1.68035e-67 0 0)
(4.74436e-72 0 0)
(1.2783e-76 0 0)
(3.29658e-81 0 0)
(8.15875e-86 0 0)
(0.000799352 0 0)
(1.61845e-07 0 0)
(2.2117e-11 0 0)
(2.29452e-15 0 0)
(1.92732e-19 0 0)
(1.36514e-23 0 0)
(8.38559e-28 0 0)
(4.55955e-32 0 0)
(2.22906e-36 0 0)
(9.91909e-41 0 0)
(4.05772e-45 0 0)
(1.53852e-49 0 0)
(5.4439e-54 0 0)
(1.80812e-58 0 0)
(5.66533e-63 0 0)
(1.68186e-67 0 0)
(4.74871e-72 0 0)
(1.27949e-76 0 0)
(3.29968e-81 0 0)
(8.16652e-86 0 0)
(0.000799352 0 0)
(1.61845e-07 0 0)
(2.2117e-11 0 0)
(2.29452e-15 0 0)
(1.92732e-19 0 0)
(1.36514e-23 0 0)
(8.38559e-28 0 0)
(4.55955e-32 0 0)
(2.22906e-36 0 0)
(9.91909e-41 0 0)
(4.05772e-45 0 0)
(1.53852e-49 0 0)
(5.4439e-54 0 0)
(1.80812e-58 0 0)
(5.66533e-63 0 0)
(1.68187e-67 0 0)
(4.74871e-72 0 0)
(1.27949e-76 0 0)
(3.29969e-81 0 0)
(8.16652e-86 0 0)
(0.000799352 0 0)
(1.61845e-07 0 0)
(2.2117e-11 0 0)
(2.29452e-15 0 0)
(1.92732e-19 0 0)
(1.36514e-23 0 0)
(8.38559e-28 0 0)
(4.55955e-32 0 0)
(2.22906e-36 0 0)
(9.91909e-41 0 0)
(4.05772e-45 0 0)
(1.53852e-49 0 0)
(5.4439e-54 0 0)
(1.80812e-58 0 0)
(5.66533e-63 0 0)
(1.68187e-67 0 0)
(4.74871e-72 0 0)
(1.27949e-76 0 0)
(3.29969e-81 0 0)
(8.16652e-86 0 0)
(0.000799352 0 0)
(1.61845e-07 0 0)
(2.2117e-11 0 0)
(2.29452e-15 0 0)
(1.92732e-19 0 0)
(1.36514e-23 0 0)
(8.38559e-28 0 0)
(4.55955e-32 0 0)
(2.22906e-36 0 0)
(9.91909e-41 0 0)
(4.05772e-45 0 0)
(1.53852e-49 0 0)
(5.4439e-54 0 0)
(1.80812e-58 0 0)
(5.66533e-63 0 0)
(1.68187e-67 0 0)
(4.74871e-72 0 0)
(1.27949e-76 0 0)
(3.29969e-81 0 0)
(8.16652e-86 0 0)
(0.000799352 0 0)
(1.61845e-07 0 0)
(2.2117e-11 0 0)
(2.29452e-15 0 0)
(1.92732e-19 0 0)
(1.36514e-23 0 0)
(8.38559e-28 0 0)
(4.55955e-32 0 0)
(2.22906e-36 0 0)
(9.91909e-41 0 0)
(4.05772e-45 0 0)
(1.53852e-49 0 0)
(5.4439e-54 0 0)
(1.80812e-58 0 0)
(5.66533e-63 0 0)
(1.68187e-67 0 0)
(4.74871e-72 0 0)
(1.27949e-76 0 0)
(3.29969e-81 0 0)
(8.16652e-86 0 0)
(0.000799352 0 0)
(1.61845e-07 0 0)
(2.2117e-11 0 0)
(2.29452e-15 0 0)
(1.92732e-19 0 0)
(1.36514e-23 0 0)
(8.38559e-28 0 0)
(4.55955e-32 0 0)
(2.22906e-36 0 0)
(9.91909e-41 0 0)
(4.05772e-45 0 0)
(1.53852e-49 0 0)
(5.4439e-54 0 0)
(1.80812e-58 0 0)
(5.66533e-63 0 0)
(1.68187e-67 0 0)
(4.74871e-72 0 0)
(1.27949e-76 0 0)
(3.29969e-81 0 0)
(8.16652e-86 0 0)
(0.000799352 0 0)
(1.61845e-07 0 0)
(2.2117e-11 0 0)
(2.29452e-15 0 0)
(1.92732e-19 0 0)
(1.36514e-23 0 0)
(8.38559e-28 0 0)
(4.55955e-32 0 0)
(2.22906e-36 0 0)
(9.91909e-41 0 0)
(4.05772e-45 0 0)
(1.53852e-49 0 0)
(5.4439e-54 0 0)
(1.80812e-58 0 0)
(5.66533e-63 0 0)
(1.68187e-67 0 0)
(4.74871e-72 0 0)
(1.27949e-76 0 0)
(3.29969e-81 0 0)
(8.16652e-86 0 0)
(0.000799352 0 0)
(1.61845e-07 0 0)
(2.2117e-11 0 0)
(2.29452e-15 0 0)
(1.92732e-19 0 0)
(1.36514e-23 0 0)
(8.38559e-28 0 0)
(4.55955e-32 0 0)
(2.22906e-36 0 0)
(9.91909e-41 0 0)
(4.05772e-45 0 0)
(1.53852e-49 0 0)
(5.4439e-54 0 0)
(1.80812e-58 0 0)
(5.66533e-63 0 0)
(1.68187e-67 0 0)
(4.74871e-72 0 0)
(1.27949e-76 0 0)
(3.29969e-81 0 0)
(8.16652e-86 0 0)
(0.000799352 0 0)
(1.61845e-07 0 0)
(2.2117e-11 0 0)
(2.29452e-15 0 0)
(1.92732e-19 0 0)
(1.36514e-23 0 0)
(8.38559e-28 0 0)
(4.55955e-32 0 0)
(2.22906e-36 0 0)
(9.91909e-41 0 0)
(4.05772e-45 0 0)
(1.53852e-49 0 0)
(5.4439e-54 0 0)
(1.80812e-58 0 0)
(5.66533e-63 0 0)
(1.68187e-67 0 0)
(4.74871e-72 0 0)
(1.27949e-76 0 0)
(3.29969e-81 0 0)
(8.16652e-86 0 0)
(0.000799352 0 0)
(1.61845e-07 0 0)
(2.2117e-11 0 0)
(2.29452e-15 0 0)
(1.92732e-19 0 0)
(1.36514e-23 0 0)
(8.38559e-28 0 0)
(4.55955e-32 0 0)
(2.22906e-36 0 0)
(9.91909e-41 0 0)
(4.05772e-45 0 0)
(1.53852e-49 0 0)
(5.4439e-54 0 0)
(1.80812e-58 0 0)
(5.66533e-63 0 0)
(1.68187e-67 0 0)
(4.74871e-72 0 0)
(1.27949e-76 0 0)
(3.29969e-81 0 0)
(8.16652e-86 0 0)
(0.000799352 0 0)
(1.61845e-07 0 0)
(2.2117e-11 0 0)
(2.29452e-15 0 0)
(1.92732e-19 0 0)
(1.36514e-23 0 0)
(8.38559e-28 0 0)
(4.55955e-32 0 0)
(2.22906e-36 0 0)
(9.91909e-41 0 0)
(4.05772e-45 0 0)
(1.53852e-49 0 0)
(5.4439e-54 0 0)
(1.80812e-58 0 0)
(5.66533e-63 0 0)
(1.68187e-67 0 0)
(4.74871e-72 0 0)
(1.27949e-76 0 0)
(3.29969e-81 0 0)
(8.16652e-86 0 0)
(0.000799352 0 0)
(1.61845e-07 0 0)
(2.2117e-11 0 0)
(2.29452e-15 0 0)
(1.92732e-19 0 0)
(1.36514e-23 0 0)
(8.38559e-28 0 0)
(4.55955e-32 0 0)
(2.22906e-36 0 0)
(9.91909e-41 0 0)
(4.05772e-45 0 0)
(1.53852e-49 0 0)
(5.4439e-54 0 0)
(1.80812e-58 0 0)
(5.66533e-63 0 0)
(1.68187e-67 0 0)
(4.74871e-72 0 0)
(1.27949e-76 0 0)
(3.29969e-81 0 0)
(8.16652e-86 0 0)
(0.000799352 0 0)
(1.61845e-07 0 0)
(2.2117e-11 0 0)
(2.29452e-15 0 0)
(1.92732e-19 0 0)
(1.36514e-23 0 0)
(8.38559e-28 0 0)
(4.55955e-32 0 0)
(2.22906e-36 0 0)
(9.91909e-41 0 0)
(4.05772e-45 0 0)
(1.53852e-49 0 0)
(5.4439e-54 0 0)
(1.80812e-58 0 0)
(5.66533e-63 0 0)
(1.68187e-67 0 0)
(4.74871e-72 0 0)
(1.27949e-76 0 0)
(3.29969e-81 0 0)
(8.16652e-86 0 0)
(0.000799352 0 0)
(1.61845e-07 0 0)
(2.2117e-11 0 0)
(2.29452e-15 0 0)
(1.92732e-19 0 0)
(1.36514e-23 0 0)
(8.38559e-28 0 0)
(4.55955e-32 0 0)
(2.22906e-36 0 0)
(9.91909e-41 0 0)
(4.05772e-45 0 0)
(1.53852e-49 0 0)
(5.4439e-54 0 0)
(1.80812e-58 0 0)
(5.66533e-63 0 0)
(1.68187e-67 0 0)
(4.74871e-72 0 0)
(1.27949e-76 0 0)
(3.29969e-81 0 0)
(8.16652e-86 0 0)
(0.000799352 0 0)
(1.61845e-07 0 0)
(2.2117e-11 0 0)
(2.29452e-15 0 0)
(1.92732e-19 0 0)
(1.36514e-23 0 0)
(8.38559e-28 0 0)
(4.55955e-32 0 0)
(2.22906e-36 0 0)
(9.91909e-41 0 0)
(4.05772e-45 0 0)
(1.53852e-49 0 0)
(5.4439e-54 0 0)
(1.80812e-58 0 0)
(5.66533e-63 0 0)
(1.68187e-67 0 0)
(4.74871e-72 0 0)
(1.27949e-76 0 0)
(3.29969e-81 0 0)
(8.16652e-86 0 0)
(0.000799352 0 0)
(1.61845e-07 0 0)
(2.2117e-11 0 0)
(2.29452e-15 0 0)
(1.92732e-19 0 0)
(1.36514e-23 0 0)
(8.38559e-28 0 0)
(4.55955e-32 0 0)
(2.22906e-36 0 0)
(9.91909e-41 0 0)
(4.05772e-45 0 0)
(1.53852e-49 0 0)
(5.4439e-54 0 0)
(1.80812e-58 0 0)
(5.66533e-63 0 0)
(1.68187e-67 0 0)
(4.74871e-72 0 0)
(1.27949e-76 0 0)
(3.29969e-81 0 0)
(8.16652e-86 0 0)
(0.000799352 0 0)
(1.61845e-07 0 0)
(2.2117e-11 0 0)
(2.29452e-15 0 0)
(1.92732e-19 0 0)
(1.36514e-23 0 0)
(8.38559e-28 0 0)
(4.55955e-32 0 0)
(2.22906e-36 0 0)
(9.91909e-41 0 0)
(4.05772e-45 0 0)
(1.53852e-49 0 0)
(5.4439e-54 0 0)
(1.80812e-58 0 0)
(5.66533e-63 0 0)
(1.68187e-67 0 0)
(4.74871e-72 0 0)
(1.27949e-76 0 0)
(3.29969e-81 0 0)
(8.16652e-86 0 0)
(0.000799352 0 0)
(1.61845e-07 0 0)
(2.2117e-11 0 0)
(2.29452e-15 0 0)
(1.92732e-19 0 0)
(1.36514e-23 0 0)
(8.38559e-28 0 0)
(4.55955e-32 0 0)
(2.22906e-36 0 0)
(9.91909e-41 0 0)
(4.05772e-45 0 0)
(1.53852e-49 0 0)
(5.4439e-54 0 0)
(1.80812e-58 0 0)
(5.66533e-63 0 0)
(1.68186e-67 0 0)
(4.74871e-72 0 0)
(1.27949e-76 0 0)
(3.29968e-81 0 0)
(8.16652e-86 0 0)
(0.000799029 0 0)
(1.61757e-07 0 0)
(2.21033e-11 0 0)
(2.29298e-15 0 0)
(1.92595e-19 0 0)
(1.36413e-23 0 0)
(8.37921e-28 0 0)
(4.55598e-32 0 0)
(2.22727e-36 0 0)
(9.91098e-41 0 0)
(4.05434e-45 0 0)
(1.53722e-49 0 0)
(5.4392e-54 0 0)
(1.80653e-58 0 0)
(5.66029e-63 0 0)
(1.68035e-67 0 0)
(4.74437e-72 0 0)
(1.27831e-76 0 0)
(3.29659e-81 0 0)
(8.15875e-86 0 0)
)
;

boundaryField
{
    leftRightWallsright
    {
        type            cyclicAMI;
        value           nonuniform List<vector> 
40
(
(2.71993e-86 0 0)
(2.71993e-86 0 0)
(2.72252e-86 0 0)
(2.72252e-86 0 0)
(2.72252e-86 0 0)
(2.72252e-86 0 0)
(2.72252e-86 0 0)
(2.72252e-86 0 0)
(2.72252e-86 0 0)
(2.72252e-86 0 0)
(2.72252e-86 0 0)
(2.72252e-86 0 0)
(2.72252e-86 0 0)
(2.72252e-86 0 0)
(2.72252e-86 0 0)
(2.72252e-86 0 0)
(2.72252e-86 0 0)
(2.72252e-86 0 0)
(2.72252e-86 0 0)
(2.72252e-86 0 0)
(2.72252e-86 0 0)
(2.72252e-86 0 0)
(2.72252e-86 0 0)
(2.72252e-86 0 0)
(2.72252e-86 0 0)
(2.72252e-86 0 0)
(2.72252e-86 0 0)
(2.72252e-86 0 0)
(2.72252e-86 0 0)
(2.72252e-86 0 0)
(2.72252e-86 0 0)
(2.72252e-86 0 0)
(2.72252e-86 0 0)
(2.72252e-86 0 0)
(2.72252e-86 0 0)
(2.72252e-86 0 0)
(2.72252e-86 0 0)
(2.72252e-86 0 0)
(2.71993e-86 0 0)
(2.71993e-86 0 0)
)
;
    }
    outlet
    {
        type            zeroGradient;
    }
    channelWallsright
    {
        type            noSlip;
    }
    destinationFaceright
    {
        type            noSlip;
    }
    sourceFaceright
    {
        type            noSlip;
    }
    sourceFaceleft
    {
        type            noSlip;
    }
    destinationFaceleft
    {
        type            noSlip;
    }
    channelWallsleft
    {
        type            noSlip;
    }
    leftRightWallleft
    {
        type            cyclicAMI;
        value           nonuniform List<vector> 
20
(
(2.71993e-86 0 0)
(2.72252e-86 0 0)
(2.72252e-86 0 0)
(2.72252e-86 0 0)
(2.72252e-86 0 0)
(2.72252e-86 0 0)
(2.72252e-86 0 0)
(2.72252e-86 0 0)
(2.72252e-86 0 0)
(2.72252e-86 0 0)
(2.72252e-86 0 0)
(2.72252e-86 0 0)
(2.72252e-86 0 0)
(2.72252e-86 0 0)
(2.72252e-86 0 0)
(2.72252e-86 0 0)
(2.72252e-86 0 0)
(2.72252e-86 0 0)
(2.72252e-86 0 0)
(2.71993e-86 0 0)
)
;
    }
    inlet
    {
        type            fixedValue;
        value           uniform (1 0 0);
    }
}


// ************************************************************************* //
