/*--------------------------------*- C++ -*----------------------------------*\
| =========                 |                                                 |
| \\      /  F ield         | OpenFOAM: The Open Source CFD Toolbox           |
|  \\    /   O peration     | Version:  4.1                                   |
|   \\  /    A nd           | Web:      www.OpenFOAM.org                      |
|    \\/     M anipulation  |                                                 |
\*---------------------------------------------------------------------------*/
FoamFile
{
    version     2.0;
    format      ascii;
    class       volVectorField;
    location    "9";
    object      U;
}
// * * * * * * * * * * * * * * * * * * * * * * * * * * * * * * * * * * * * * //

dimensions      [0 1 -1 0 0 0 0];

internalField   nonuniform List<vector> 
1705
(
(-1.77373e-60 -6.1193e-28 -9.68522e-30)
(-1.38495e-59 -2.98607e-28 2.13215e-29)
(9.87119e-60 -6.25109e-28 3.09684e-29)
(5.83173e-57 -8.78529e-28 5.58559e-30)
(1.70709e-54 -5.98266e-28 -2.06468e-29)
(3.2541e-52 -3.15538e-28 6.73419e-29)
(1.55107e-50 -6.81304e-28 2.09323e-29)
(3.4925e-48 -9.03728e-28 -1.34486e-29)
(4.84158e-46 -5.95002e-28 -3.2163e-29)
(1.33362e-43 -3.49731e-28 1.17371e-28)
(4.80767e-46 -7.55314e-28 9.31256e-30)
(2.79012e-48 -6.35808e-28 -1.34154e-29)
(5.81135e-50 -4.02207e-28 1.76586e-28)
(1.13181e-51 -8.34516e-28 3.9199e-29)
(2.10772e-49 -1.01519e-27 -2.20423e-30)
(3.54603e-47 -6.77465e-28 -2.79935e-29)
(2.11584e-46 -4.82684e-28 2.47524e-28)
(1.87963e-43 -9.70963e-28 2.74873e-29)
(1.89951e-45 -7.68817e-28 -6.76912e-30)
(3.43897e-47 -5.86075e-28 3.44352e-28)
(1.10388e-47 -1.12162e-27 7.06271e-29)
(2.40694e-45 -1.24852e-27 1.31308e-29)
(2.92192e-43 -8.70944e-28 -2.60165e-29)
(2.51976e-46 -7.27868e-28 4.61287e-28)
(1.34822e-47 -1.35061e-27 5.85037e-29)
(-5.62396e-45 -1.43141e-27 -1.53998e-29)
(-5.39977e-43 -1.00887e-27 -5.17221e-29)
(2.22251e-44 -9.10721e-28 6.10707e-28)
(-2.74097e-43 -1.64237e-27 3.86714e-29)
(-2.97089e-45 -1.22388e-27 -2.26021e-29)
(-5.84688e-46 -1.13671e-27 8.32972e-28)
(-5.93827e-43 -1.98918e-27 1.14913e-28)
(-1.03786e-44 -2.0057e-27 3.78998e-30)
(-6.20692e-43 -1.47292e-27 -5.84507e-29)
(5.77623e-44 -1.44327e-27 1.10072e-27)
(2.98065e-42 -2.49085e-27 9.33891e-29)
(1.90623e-39 -1.8354e-27 -1.1485e-29)
(7.05755e-37 -1.82535e-27 1.50527e-27)
(3.63926e-35 -3.10018e-27 2.22487e-28)
(1.79425e-32 -3.06874e-27 1.56281e-28)
(1.73365e-31 -3.32368e-27 1.05142e-26)
(1.58332e-31 -4.33577e-27 1.06479e-26)
(-8.00278e-32 -3.3742e-27 1.067e-26)
(-1.6968e-29 3.4153e-26 1.42355e-26)
(3.32206e-30 -1.10195e-27 7.29491e-27)
(-1.69248e-29 -3.74901e-26 1.36114e-26)
(-1.01453e-31 -6.26067e-28 1.08054e-26)
(8.01651e-32 3.35939e-28 1.07364e-26)
(-7.83477e-31 -6.54407e-28 1.11031e-26)
(-7.55132e-31 -9.91994e-28 1.11134e-26)
(-7.74228e-31 -2.02473e-27 1.10391e-26)
(-1.44383e-30 -1.11096e-27 1.11098e-26)
(-4.73392e-29 3.62917e-26 1.45231e-26)
(8.90407e-30 5.51244e-28 7.58203e-27)
(-4.71408e-29 -3.56764e-26 1.4093e-26)
(-2.41106e-31 1.35745e-27 1.11772e-26)
(1.63006e-30 2.23702e-27 1.11656e-26)
(5.43552e-31 1.1656e-27 1.12577e-26)
(5.2805e-31 7.78846e-28 1.1286e-26)
(5.58143e-31 -2.97175e-28 1.12644e-26)
(2.88602e-30 5.63998e-28 1.13759e-26)
(1.64177e-28 3.74636e-26 1.45865e-26)
(-3.15678e-29 1.67682e-27 7.51625e-27)
(1.62249e-28 -3.40217e-26 1.43856e-26)
(1.03455e-30 2.71153e-27 1.0686e-26)
(5.44731e-31 3.46052e-27 1.06626e-26)
(5.54043e-31 2.3058e-27 1.07748e-26)
(5.67194e-31 1.83704e-27 1.08355e-26)
(5.71765e-31 6.99302e-28 1.08478e-26)
(-6.80634e-32 1.4244e-27 1.09726e-26)
(-4.42825e-29 3.63624e-26 1.38257e-26)
(9.41857e-30 7.39175e-27 6.53846e-27)
(-5.23991e-29 -2.66836e-26 1.12214e-26)
(-1.21552e-30 2.37336e-27 8.75437e-27)
(-4.86432e-31 2.6523e-27 8.75801e-27)
(-4.82837e-31 1.2604e-27 8.85529e-27)
(-4.88749e-31 4.71692e-28 8.88594e-27)
(-5.00066e-31 -6.23864e-28 8.86634e-27)
(-9.24229e-31 -8.80692e-28 8.86084e-27)
(-3.03215e-29 1.47666e-26 9.90517e-27)
(1.95277e-30 1.28825e-26 7.68283e-28)
(1.63776e-34 -4.32496e-28 -2.32028e-28)
(8.89945e-36 -4.77012e-28 -1.8058e-30)
(2.4301e-39 -3.38902e-28 -2.03233e-28)
(4.84748e-41 -3.75622e-28 -1.83388e-29)
(2.30708e-44 -3.65193e-28 -1.81887e-28)
(2.3729e-47 -2.53138e-28 -1.3483e-28)
(4.90661e-46 -2.58765e-28 -6.11605e-30)
(4.61015e-43 -2.752e-28 -1.23157e-28)
(-4.33318e-43 -1.84954e-28 -9.36632e-29)
(-5.09231e-46 -2.01989e-28 -1.2261e-31)
(-9.84011e-48 -1.4842e-28 -8.85072e-29)
(2.34465e-46 -1.77129e-28 -8.43096e-30)
(2.88126e-43 -1.97253e-28 -8.39432e-29)
(-4.13525e-43 -1.15859e-28 -6.50034e-29)
(-4.95744e-46 -1.43078e-28 -3.97916e-30)
(-9.56476e-47 -1.07753e-28 -6.25068e-29)
(-2.2261e-43 -1.31907e-28 -9.78546e-30)
(3.65006e-43 -1.48283e-28 -6.08894e-29)
(-3.84523e-43 -7.09696e-29 -4.77578e-29)
(-4.62237e-46 -1.08071e-28 -5.8206e-30)
(-1.80452e-47 -1.27123e-28 -4.61015e-29)
(-1.7111e-47 -5.53864e-29 -3.74942e-29)
(-4.41946e-46 -8.87197e-29 -2.23411e-30)
(-3.68566e-43 -6.94219e-29 -3.63023e-29)
(-4.42305e-46 -8.49568e-29 -5.77444e-30)
(-1.72098e-47 -9.14838e-29 -3.50099e-29)
(-1.71754e-47 -3.37843e-29 -2.86572e-29)
(-4.4389e-46 -5.92899e-29 -2.59169e-30)
(-3.4596e-43 -4.75323e-29 -2.81518e-29)
(-8.7034e-46 -5.56812e-29 -4.63582e-30)
(-3.4299e-43 -5.68215e-29 -2.74387e-29)
(-1.51089e-46 -1.85693e-29 -2.31208e-29)
(-4.5176e-46 -3.40146e-29 -2.05155e-30)
(-3.61744e-43 -3.7001e-29 -2.27546e-29)
(-1.40201e-46 -1.23222e-29 -2.05096e-29)
(-7.95063e-48 -8.62715e-30 -1.97355e-31)
(-1.59609e-47 -9.36697e-30 -2.08815e-29)
(-4.04321e-46 -3.73791e-30 2.27309e-31)
(-3.11412e-43 6.25204e-31 -2.09449e-29)
(-1.86534e-275 3.24314e-33 -1.62157e-32)
(-3.79876e-269 3.36917e-33 -4.92668e-32)
(-7.57359e-263 3.6254e-33 -8.42207e-32)
(-1.47723e-256 4.02151e-33 -1.22443e-31)
(-2.8169e-250 4.57259e-33 -1.65414e-31)
(-5.24749e-244 5.29949e-33 -2.14794e-31)
(-9.54211e-238 6.2297e-33 -2.72482e-31)
(-1.69233e-231 7.39844e-33 -3.40684e-31)
(-2.92474e-225 8.85019e-33 -4.22001e-31)
(-4.92085e-219 1.06406e-32 -5.19523e-31)
(-8.05201e-213 1.2839e-32 -6.36955e-31)
(-1.28e-206 1.55312e-32 -7.7877e-31)
(-1.97449e-200 1.88233e-32 -9.50398e-31)
(-2.95189e-194 2.28459e-32 -1.15846e-30)
(-4.27134e-188 2.77584e-32 -1.41106e-30)
(-5.97339e-182 3.37546e-32 -1.71811e-30)
(-8.06106e-176 4.1068e-32 -2.09171e-30)
(-1.04796e-169 4.99783e-32 -2.54662e-30)
(-1.31e-163 6.08188e-32 -3.10073e-30)
(-1.57145e-157 7.39851e-32 -3.77561e-30)
(-1.80498e-151 8.99471e-32 -4.59712e-30)
(-1.98026e-145 1.09265e-31 -5.59612e-30)
(-2.06956e-139 1.32608e-31 -6.80931e-30)
(-2.05416e-133 1.60782e-31 -8.28027e-30)
(-1.92985e-127 1.94754e-31 -1.00608e-29)
(-1.70962e-121 2.35664e-31 -1.22128e-29)
(-1.42195e-115 2.84803e-31 -1.48097e-29)
(-1.10491e-109 3.43501e-31 -1.79383e-29)
(-7.97539e-104 4.12853e-31 -2.16984e-29)
(-5.3119e-98 4.93112e-31 -2.61988e-29)
(-3.23881e-92 5.82463e-31 -3.15435e-29)
(-1.79072e-86 6.74661e-31 -3.78001e-29)
(-8.87424e-81 7.54723e-31 -4.49338e-29)
(-3.88497e-75 7.91696e-31 -5.26819e-29)
(-1.47477e-69 7.28246e-31 -6.03391e-29)
(-4.73643e-64 4.71132e-31 -6.64413e-29)
(-1.24403e-58 -9.91614e-32 -6.84528e-29)
(-2.54253e-53 -1.05938e-30 -6.28473e-29)
(-3.72881e-48 -2.3263e-30 -4.72539e-29)
(-8.33933e-279 9.72788e-33 -1.61991e-32)
(-1.69017e-272 1.01047e-32 -4.92171e-32)
(-3.35336e-266 1.08714e-32 -8.41363e-32)
(-6.50865e-260 1.20572e-32 -1.2232e-31)
(-1.23496e-253 1.37077e-32 -1.65248e-31)
(-2.289e-247 1.58861e-32 -2.14577e-31)
(-4.14114e-241 1.86754e-32 -2.72206e-31)
(-7.30654e-235 2.21824e-32 -3.40339e-31)
(-1.25612e-228 2.65413e-32 -4.21574e-31)
(-2.10217e-222 3.19195e-32 -5.18998e-31)
(-3.42117e-216 3.85245e-32 -6.36312e-31)
(-5.40858e-210 4.66123e-32 -7.77982e-31)
(-8.29635e-204 5.64977e-32 -9.49435e-31)
(-1.23322e-197 6.85666e-32 -1.15728e-30)
(-1.77404e-191 8.32902e-32 -1.40962e-30)
(-2.46615e-185 1.01242e-31 -1.71635e-30)
(-3.30769e-179 1.23116e-31 -2.08956e-30)
(-4.27305e-173 1.49752e-31 -2.544e-30)
(-5.30699e-167 1.82158e-31 -3.09755e-30)
(-6.32367e-161 2.21543e-31 -3.77175e-30)
(-7.21317e-155 2.69356e-31 -4.59246e-30)
(-7.85676e-149 3.2733e-31 -5.5905e-30)
(-8.14946e-143 3.97536e-31 -6.80255e-30)
(-8.02511e-137 4.82444e-31 -8.27215e-30)
(-7.4768e-131 5.8497e-31 -1.00511e-29)
(-6.56499e-125 7.08486e-31 -1.22012e-29)
(-5.40853e-119 8.56718e-31 -1.47959e-29)
(-4.15947e-113 1.03341e-30 -1.7922e-29)
(-2.96849e-107 1.24151e-30 -2.16798e-29)
(-1.95227e-101 1.48144e-30 -2.61785e-29)
(-1.17337e-95 1.74755e-30 -3.15236e-29)
(-6.38003e-90 2.02125e-30 -3.77852e-29)
(-3.09907e-84 2.25821e-30 -4.49336e-29)
(-1.32334e-78 2.36674e-30 -5.27143e-29)
(-4.86273e-73 2.17605e-30 -6.04341e-29)
(-1.49247e-67 1.40684e-30 -6.66407e-29)
(-3.65763e-62 -3.02092e-31 -6.87937e-29)
(-6.62315e-57 -3.18697e-30 -6.33246e-29)
(-7.43777e-52 -6.82018e-30 -4.74073e-29)
(9.72593e-277 1.62009e-32 -1.61489e-32)
(1.96878e-270 1.68271e-32 -4.90648e-32)
(3.90128e-264 1.81015e-32 -8.38762e-32)
(7.56262e-258 2.00736e-32 -1.21942e-31)
(1.43313e-251 2.28193e-32 -1.64737e-31)
(2.65292e-245 2.64446e-32 -2.13915e-31)
(4.7934e-239 3.10891e-32 -2.71366e-31)
(8.4466e-233 3.69314e-32 -3.3929e-31)
(1.45028e-226 4.41962e-32 -4.20275e-31)
(2.42406e-220 5.3163e-32 -5.17399e-31)
(3.9402e-214 6.41768e-32 -6.34351e-31)
(6.22166e-208 7.76619e-32 -7.75585e-31)
(9.5325e-202 9.4138e-32 -9.46507e-31)
(1.41541e-195 1.14241e-31 -1.15371e-30)
(2.034e-189 1.38746e-31 -1.40527e-30)
(2.82482e-183 1.686e-31 -1.71105e-30)
(3.78552e-177 2.04951e-31 -2.0831e-30)
(4.88674e-171 2.49198e-31 -2.53614e-30)
(6.06561e-165 3.0303e-31 -3.08799e-30)
(7.22468e-159 3.68491e-31 -3.76013e-30)
(8.23935e-153 4.48042e-31 -4.57835e-30)
(8.97517e-147 5.44639e-31 -5.5734e-30)
(9.3132e-141 6.61808e-31 -6.78183e-30)
(9.17826e-135 8.0373e-31 -8.2471e-30)
(8.56191e-129 9.75283e-31 -1.00209e-29)
(7.5316e-123 1.18202e-30 -1.21648e-29)
(6.22081e-117 1.42999e-30 -1.47524e-29)
(4.80081e-111 1.72512e-30 -1.78707e-29)
(3.44211e-105 2.07196e-30 -2.16201e-29)
(2.27768e-99 2.47089e-30 -2.61112e-29)
(1.38009e-93 2.91244e-30 -3.14519e-29)
(7.58538e-88 3.36613e-30 -3.77176e-29)
(3.73844e-82 3.75958e-30 -4.48879e-29)
(1.62854e-76 3.94227e-30 -5.27254e-29)
(6.15583e-71 3.63195e-30 -6.0562e-29)
(1.97039e-65 2.36293e-30 -6.69708e-29)
(5.16367e-60 -4.75855e-31 -6.94064e-29)
(1.05494e-54 -5.30329e-30 -6.41828e-29)
(1.55708e-49 -1.13138e-29 -4.77745e-29)
(-1.82397e-275 2.26488e-32 -1.60739e-32)
(-3.71577e-269 2.35233e-32 -4.8837e-32)
(-7.41073e-263 2.53038e-32 -8.3487e-32)
(-1.44599e-256 2.80592e-32 -1.21376e-31)
(-2.75836e-250 3.18963e-32 -1.63973e-31)
(-5.14043e-244 3.69634e-32 -2.12923e-31)
(-9.35118e-238 4.3456e-32 -2.70108e-31)
(-1.65916e-231 5.16245e-32 -3.37718e-31)
(-2.86868e-225 6.17836e-32 -4.18328e-31)
(-4.82874e-219 7.43241e-32 -5.15002e-31)
(-7.90508e-213 8.97282e-32 -6.31412e-31)
(-1.25728e-206 1.08588e-31 -7.7199e-31)
(-1.94048e-200 1.31627e-31 -9.42119e-31)
(-2.90268e-194 1.59731e-31 -1.14836e-30)
(-4.20267e-188 1.9398e-31 -1.39875e-30)
(-5.88113e-182 2.35692e-31 -1.70311e-30)
(-7.94202e-176 2.86472e-31 -2.07344e-30)
(-1.03324e-169 3.48273e-31 -2.52439e-30)
(-1.29264e-163 4.23465e-31 -3.07369e-30)
(-1.55196e-157 5.14921e-31 -3.74275e-30)
(-1.78425e-151 6.26107e-31 -4.55723e-30)
(-1.95952e-145 7.61189e-31 -5.54775e-30)
(-2.05018e-139 9.25139e-31 -6.75073e-30)
(-2.03741e-133 1.12383e-30 -8.20946e-30)
(-1.91672e-127 1.36411e-30 -9.97546e-30)
(-1.70053e-121 1.65371e-30 -1.21102e-29)
(-1.41675e-115 2.00102e-30 -1.46872e-29)
(-1.10293e-109 2.41427e-30 -1.77936e-29)
(-7.97777e-104 2.89975e-30 -2.15307e-29)
(-5.32608e-98 3.45809e-30 -2.60104e-29)
(-3.2562e-92 4.07649e-30 -3.13445e-29)
(-1.80589e-86 4.71348e-30 -3.76158e-29)
(-8.98107e-81 5.27005e-30 -4.48183e-29)
(-3.94783e-75 5.53901e-30 -5.27398e-29)
(-1.50573e-69 5.12861e-30 -6.075e-29)
(-4.86235e-64 3.38517e-30 -6.74623e-29)
(-1.28514e-58 -5.65801e-31 -7.0327e-29)
(-2.64637e-53 -7.36782e-30 -6.54922e-29)
(-3.93184e-48 -1.61811e-29 -4.90358e-29)
(3.90517e-277 2.90616e-32 -1.59741e-32)
(7.90062e-271 3.01832e-32 -4.85339e-32)
(1.56466e-264 3.2467e-32 -8.29691e-32)
(3.03131e-258 3.60018e-32 -1.20624e-31)
(5.74091e-252 4.09246e-32 -1.62957e-31)
(1.06206e-245 4.74259e-32 -2.11603e-31)
(1.91776e-239 5.57568e-32 -2.68434e-31)
(3.37715e-233 6.62389e-32 -3.35625e-31)
(5.7947e-227 7.92762e-32 -4.15735e-31)
(9.67887e-221 9.53704e-32 -5.1181e-31)
(1.57215e-214 1.1514e-31 -6.27499e-31)
(2.48066e-208 1.39343e-31 -7.67205e-31)
(3.7979e-202 1.68908e-31 -9.36278e-31)
(5.6349e-196 2.04969e-31 -1.14124e-30)
(8.0912e-190 2.48909e-31 -1.39008e-30)
(1.12279e-183 3.02418e-31 -1.69255e-30)
(1.50338e-177 3.67554e-31 -2.06059e-30)
(1.93904e-171 4.46822e-31 -2.50875e-30)
(2.40466e-165 5.43271e-31 -3.05466e-30)
(2.86152e-159 6.60596e-31 -3.71961e-30)
(3.2603e-153 8.03261e-31 -4.5291e-30)
(3.54797e-147 9.76633e-31 -5.51359e-30)
(3.67786e-141 1.18712e-30 -6.7093e-30)
(3.62078e-135 1.44227e-30 -8.1593e-30)
(3.37399e-129 1.7509e-30 -9.91491e-30)
(2.96471e-123 2.12294e-30 -1.20375e-29)
(2.44597e-117 2.56916e-30 -1.46003e-29)
(1.88549e-111 3.10016e-30 -1.76909e-29)
(1.35032e-105 3.72418e-30 -2.14114e-29)
(8.92505e-100 4.44243e-30 -2.58759e-29)
(5.40193e-94 5.23945e-30 -3.12008e-29)
(2.96598e-88 6.06398e-30 -3.74788e-29)
(1.46042e-82 6.79241e-30 -4.47228e-29)
(6.35695e-77 7.16393e-30 -5.27537e-29)
(2.40165e-71 6.68037e-30 -6.09927e-29)
(7.6861e-66 4.49835e-30 -6.81097e-29)
(2.01517e-60 -5.38177e-31 -7.1557e-29)
(4.12389e-55 -9.34819e-30 -6.73058e-29)
(6.11806e-50 -2.10285e-29 -5.13993e-29)
(-1.34158e-275 3.54295e-32 -1.58497e-32)
(-2.75653e-269 3.67964e-32 -4.8156e-32)
(-5.54429e-263 3.95801e-32 -8.23232e-32)
(-1.09088e-256 4.3889e-32 -1.19685e-31)
(-2.09823e-250 4.98901e-32 -1.61689e-31)
(-3.94229e-244 5.78156e-32 -2.09957e-31)
(-7.22973e-238 6.79721e-32 -2.66346e-31)
(-1.29303e-231 8.07516e-32 -3.33014e-31)
(-2.25333e-225 9.66469e-32 -4.12502e-31)
(-3.82259e-219 1.1627e-31 -5.07829e-31)
(-6.30624e-213 1.40373e-31 -6.22618e-31)
(-1.01063e-206 1.69882e-31 -7.61237e-31)
(-1.57155e-200 2.05926e-31 -9.28994e-31)
(-2.36827e-194 2.49887e-31 -1.13236e-30)
(-3.45405e-188 3.03452e-31 -1.37926e-30)
(-4.86847e-182 3.68676e-31 -1.67938e-30)
(-6.62137e-176 4.4807e-31 -2.04456e-30)
(-8.67483e-170 5.44691e-31 -2.48924e-30)
(-1.09278e-163 6.62257e-31 -3.03093e-30)
(-1.32096e-157 8.05282e-31 -3.69075e-30)
(-1.52887e-151 9.79219e-31 -4.49402e-30)
(-1.69015e-145 1.19063e-30 -5.47098e-30)
(-1.77984e-139 1.44733e-30 -6.6576e-30)
(-1.78007e-133 1.75858e-30 -8.0967e-30)
(-1.68515e-127 2.13511e-30 -9.83933e-30)
(-1.50431e-121 2.58909e-30 -1.19466e-29)
(-1.26089e-115 3.13371e-30 -1.44918e-29)
(-9.87448e-110 3.78205e-30 -1.75626e-29)
(-7.18434e-104 4.54449e-30 -2.12622e-29)
(-4.82403e-98 5.42324e-30 -2.57074e-29)
(-2.966e-92 6.40098e-30 -3.10202e-29)
(-1.65414e-86 7.41814e-30 -3.73052e-29)
(-8.27167e-81 8.32916e-30 -4.45984e-29)
(-3.65571e-75 8.82367e-30 -5.27622e-29)
(-1.40174e-69 8.30135e-30 -6.12831e-29)
(-4.55015e-64 5.7278e-30 -6.8906e-29)
(-1.20874e-58 -3.56579e-31 -7.30963e-29)
(-2.50147e-53 -1.12105e-29 -6.95903e-29)
(-3.73779e-48 -2.61622e-29 -5.32836e-29)
(-1.42772e-275 4.17427e-32 -1.57008e-32)
(-2.93288e-269 4.33528e-32 -4.77039e-32)
(-5.89776e-263 4.66322e-32 -8.15505e-32)
(-1.1602e-256 5.17086e-32 -1.18562e-31)
(-2.23112e-250 5.87788e-32 -1.60171e-31)
(-4.19119e-244 6.81165e-32 -2.07987e-31)
(-7.68478e-238 8.00829e-32 -2.63847e-31)
(-1.37418e-231 9.51402e-32 -3.2989e-31)
(-2.39433e-225 1.13869e-31 -4.08632e-31)
(-4.06111e-219 1.36989e-31 -5.03065e-31)
(-6.69866e-213 1.65389e-31 -6.16776e-31)
(-1.07335e-206 2.00157e-31 -7.54094e-31)
(-1.66882e-200 2.42625e-31 -9.20277e-31)
(-2.51449e-194 2.94419e-31 -1.12174e-30)
(-3.66675e-188 3.57525e-31 -1.36632e-30)
(-5.16752e-182 4.34366e-31 -1.66362e-30)
(-7.02708e-176 5.27898e-31 -2.02539e-30)
(-9.20503e-170 6.41726e-31 -2.46591e-30)
(-1.1594e-163 7.80235e-31 -3.00254e-30)
(-1.40129e-157 9.48748e-31 -3.65621e-30)
(-1.62161e-151 1.1537e-30 -4.45203e-30)
(-1.7924e-145 1.40283e-30 -5.41997e-30)
(-1.88723e-139 1.70539e-30 -6.59571e-30)
(-1.88719e-133 2.07227e-30 -8.02175e-30)
(-1.78627e-127 2.51619e-30 -9.74881e-30)
(-1.59433e-121 3.05154e-30 -1.18377e-29)
(-1.33613e-115 3.69397e-30 -1.43617e-29)
(-1.04622e-109 4.45915e-30 -1.74088e-29)
(-7.61094e-104 5.35985e-30 -2.10831e-29)
(-5.11e-98 6.39974e-30 -2.55046e-29)
(-3.14174e-92 7.56058e-30 -3.08019e-29)
(-1.75229e-86 8.77627e-30 -3.70932e-29)
(-8.76496e-81 9.88252e-30 -4.44417e-29)
(-3.87605e-75 1.05244e-29 -5.27593e-29)
(-1.48789e-69 1.00053e-29 -6.16119e-29)
(-4.83897e-64 7.09948e-30 -6.98413e-29)
(-1.28919e-58 1.86198e-32 -7.49446e-29)
(-2.67647e-53 -1.2906e-29 -7.24669e-29)
(-3.98516e-48 -3.12913e-29 -5.73195e-29)
(-6.69642e-279 4.79915e-32 -1.55278e-32)
(-1.36879e-272 4.98424e-32 -4.71783e-32)
(-2.73871e-266 5.36124e-32 -8.06521e-32)
(-5.36026e-260 5.94485e-32 -1.17256e-31)
(-1.02552e-253 6.75769e-32 -1.58407e-31)
(-1.91647e-247 7.83124e-32 -2.05696e-31)
(-3.49552e-241 9.20704e-32 -2.60941e-31)
(-6.21739e-235 1.09382e-31 -3.26257e-31)
(-1.07747e-228 1.30915e-31 -4.04132e-31)
(-1.81755e-222 1.57498e-31 -4.97525e-31)
(-2.98137e-216 1.9015e-31 -6.09984e-31)
(-4.75028e-210 2.30124e-31 -7.45789e-31)
(-7.34333e-204 2.78949e-31 -9.10142e-31)
(-1.10001e-197 3.38495e-31 -1.10938e-30)
(-1.59456e-191 4.11046e-31 -1.35127e-30)
(-2.23359e-185 4.99385e-31 -1.6453e-30)
(-3.01856e-179 6.06915e-31 -2.00309e-30)
(-3.92905e-173 7.37778e-31 -2.43878e-30)
(-4.91655e-167 8.97021e-31 -2.96953e-30)
(-5.90251e-161 1.09077e-30 -3.61605e-30)
(-6.78338e-155 1.32643e-30 -4.4032e-30)
(-7.4442e-149 1.61292e-30 -5.36064e-30)
(-7.77976e-143 1.96089e-30 -6.52371e-30)
(-7.71912e-137 2.3829e-30 -7.93454e-30)
(-7.24668e-131 2.8936e-30 -9.64347e-30)
(-6.41213e-125 3.50964e-30 -1.1711e-29)
(-5.32414e-119 4.2492e-30 -1.42103e-29)
(-4.12749e-113 5.13064e-30 -1.72295e-29)
(-2.97008e-107 6.16936e-30 -2.08741e-29)
(-1.97016e-101 7.37106e-30 -2.52672e-29)
(-1.19487e-95 8.71761e-30 -3.05449e-29)
(-6.56e-90 1.01384e-29 -3.68408e-29)
(-3.22024e-84 1.14543e-29 -4.42487e-29)
(-1.39139e-78 1.22718e-29 -5.27377e-29)
(-5.18293e-73 1.18056e-29 -6.19681e-29)
(-1.61718e-67 8.63988e-30 -7.09033e-29)
(-4.04849e-62 6.30398e-31 -7.70974e-29)
(-7.56004e-57 -1.43802e-29 -7.58523e-29)
(-8.99953e-52 -3.59929e-29 -6.1529e-29)
(-2.50997e-279 5.41662e-32 -1.53309e-32)
(-5.42999e-273 5.6255e-32 -4.65799e-32)
(-1.14528e-266 6.05099e-32 -7.96293e-32)
(-2.35461e-260 6.70968e-32 -1.15769e-31)
(-4.71722e-254 7.62709e-32 -1.56398e-31)
(-9.20516e-248 8.83877e-32 -2.03088e-31)
(-1.74878e-241 1.03916e-31 -2.57633e-31)
(-3.23247e-235 1.23456e-31 -3.22121e-31)
(-5.80945e-229 1.4776e-31 -3.99009e-31)
(-1.01439e-222 1.77763e-31 -4.91218e-31)
(-1.71937e-216 2.14618e-31 -6.02251e-31)
(-2.82631e-210 2.59735e-31 -7.36335e-31)
(-4.50099e-204 3.14843e-31 -8.98603e-31)
(-6.9365e-198 3.8205e-31 -1.09532e-30)
(-1.03318e-191 4.63933e-31 -1.33414e-30)
(-1.48533e-185 5.63636e-31 -1.62445e-30)
(-2.05797e-179 6.84998e-31 -1.97771e-30)
(-2.74354e-173 8.32698e-31 -2.40789e-30)
(-3.5129e-167 1.01243e-30 -2.93194e-30)
(-4.31165e-161 1.23113e-30 -3.57033e-30)
(-5.06175e-155 1.49715e-30 -4.3476e-30)
(-5.6701e-149 1.82058e-30 -5.29308e-30)
(-6.04432e-143 2.21344e-30 -6.44172e-30)
(-6.11318e-137 2.68997e-30 -7.8352e-30)
(-5.84636e-131 3.26677e-30 -9.52346e-30)
(-5.26673e-125 3.96274e-30 -1.15666e-29)
(-4.4498e-119 4.79864e-30 -1.40375e-29)
(-3.50836e-113 5.79564e-30 -1.70247e-29)
(-2.56625e-107 6.97209e-30 -2.0635e-29)
(-1.72958e-101 8.33624e-30 -2.49949e-29)
(-1.0653e-95 9.87127e-30 -3.02484e-29)
(-5.93702e-90 1.15044e-29 -3.65459e-29)
(-2.95707e-84 1.30457e-29 -4.4015e-29)
(-1.29571e-78 1.40707e-29 -5.2689e-29)
(-4.89178e-73 1.37147e-29 -6.23383e-29)
(-1.54588e-67 1.03758e-29 -7.20764e-29)
(-3.91627e-62 1.52521e-30 -7.95486e-29)
(-7.39496e-57 -1.55874e-29 -7.97916e-29)
(-8.91031e-52 -4.09162e-29 -6.52782e-29)
(-5.61257e-276 6.02573e-32 -1.51103e-32)
(-1.21612e-269 6.25809e-32 -4.59098e-32)
(-2.57023e-263 6.73141e-32 -7.84837e-32)
(-5.29704e-257 7.46416e-32 -1.14103e-31)
(-1.06415e-250 8.48474e-32 -1.54149e-31)
(-2.08296e-244 9.83268e-32 -2.00167e-31)
(-3.97042e-238 1.15602e-31 -2.53927e-31)
(-7.36537e-232 1.37339e-31 -3.17488e-31)
(-1.32878e-225 1.64377e-31 -3.9327e-31)
(-2.32954e-219 1.97755e-31 -4.84154e-31)
(-3.96525e-213 2.38755e-31 -5.9359e-31)
(-6.54698e-207 2.88946e-31 -7.25744e-31)
(-1.04744e-200 3.50251e-31 -8.85679e-31)
(-1.62197e-194 4.25015e-31 -1.07957e-30)
(-2.42796e-188 5.16105e-31 -1.31495e-30)
(-3.5086e-182 6.27019e-31 -1.60109e-30)
(-4.88739e-176 7.62027e-31 -1.94928e-30)
(-6.55192e-170 9.26338e-31 -2.37329e-30)
(-8.43791e-164 1.1263e-30 -2.88984e-30)
(-1.0419e-157 1.3696e-30 -3.51911e-30)
(-1.23087e-151 1.66559e-30 -4.28531e-30)
(-1.38788e-145 2.02547e-30 -5.21738e-30)
(-1.48969e-139 2.46266e-30 -6.34983e-30)
(-1.51763e-133 2.99305e-30 -7.72387e-30)
(-1.46257e-127 3.63516e-30 -9.38892e-30)
(-1.32839e-121 4.41019e-30 -1.14047e-29)
(-1.13224e-115 5.34152e-30 -1.38437e-29)
(-9.0124e-110 6.45329e-30 -1.67948e-29)
(-6.6615e-104 7.76703e-30 -2.0366e-29)
(-4.54217e-98 9.29422e-30 -2.46874e-29)
(-2.83473e-92 1.10206e-29 -2.99113e-29)
(-1.6041e-86 1.28736e-29 -3.62059e-29)
(-8.13606e-81 1.46574e-29 -4.37355e-29)
(-3.64592e-75 1.59249e-29 -5.26039e-29)
(-1.41705e-69 1.57439e-29 -6.2707e-29)
(-4.66123e-64 1.2334e-29 -7.33412e-29)
(-1.25442e-58 2.75374e-30 -8.229e-29)
(-2.62889e-53 -1.64629e-29 -8.43405e-29)
(-3.97408e-48 -4.56996e-29 -7.16749e-29)
(-2.50477e-279 6.62555e-32 -1.48664e-32)
(-5.4204e-273 6.88103e-32 -4.51688e-32)
(-1.14357e-266 7.40145e-32 -7.72172e-32)
(-2.35171e-260 8.20713e-32 -1.12262e-31)
(-4.71253e-254 9.3293e-32 -1.51661e-31)
(-9.19805e-248 1.08114e-31 -1.96937e-31)
(-1.74779e-241 1.27109e-31 -2.4983e-31)
(-3.23128e-235 1.5101e-31 -3.12366e-31)
(-5.80842e-229 1.8074e-31 -3.86925e-31)
(-1.01439e-222 2.17442e-31 -4.76343e-31)
(-1.71967e-216 2.62524e-31 -5.84013e-31)
(-2.82729e-210 3.17712e-31 -7.14035e-31)
(-4.5033e-204 3.85119e-31 -8.71389e-31)
(-6.94119e-198 4.67326e-31 -1.06215e-30)
(-1.03405e-191 5.67482e-31 -1.29374e-30)
(-1.48682e-185 6.89436e-31 -1.57527e-30)
(-2.06037e-179 8.37884e-31 -1.91784e-30)
(-2.74721e-173 1.01856e-30 -2.33503e-30)
(-3.5182e-167 1.23843e-30 -2.84329e-30)
(-4.31893e-161 1.50599e-30 -3.46247e-30)
(-5.07126e-155 1.83149e-30 -4.21643e-30)
(-5.68189e-149 2.22729e-30 -5.13366e-30)
(-6.05819e-143 2.70818e-30 -6.2482e-30)
(-6.12865e-137 3.29166e-30 -7.6007e-30)
(-5.86265e-131 3.99822e-30 -9.24003e-30)
(-5.28291e-125 4.85133e-30 -1.12253e-29)
(-4.4649e-119 5.87706e-30 -1.36289e-29)
(-3.52156e-113 7.10265e-30 -1.65396e-29)
(-2.57699e-107 8.55314e-30 -2.00668e-29)
(-1.73769e-101 1.02438e-29 -2.43442e-29)
(-1.07094e-95 1.21643e-29 -2.95325e-29)
(-5.97281e-90 1.42451e-29 -3.58185e-29)
(-2.97766e-84 1.62895e-29 -4.34047e-29)
(-1.30632e-78 1.78371e-29 -5.24717e-29)
(-4.93998e-73 1.79032e-29 -6.30565e-29)
(-1.56486e-67 1.4541e-29 -7.46744e-29)
(-3.97945e-62 4.37127e-30 -8.5308e-29)
(-7.56678e-57 -1.69347e-29 -8.94823e-29)
(-9.27361e-52 -5.07701e-29 -7.83528e-29)
(-1.06589e-278 7.21515e-32 -1.45996e-32)
(-2.1484e-272 7.49335e-32 -4.43582e-32)
(-4.23903e-266 8.06008e-32 -7.58315e-32)
(-8.18236e-260 8.93745e-32 -1.10248e-31)
(-1.54399e-253 1.01595e-31 -1.4894e-31)
(-2.84602e-247 1.17735e-31 -1.93404e-31)
(-5.12057e-241 1.3842e-31 -2.45348e-31)
(-8.98503e-235 1.64449e-31 -3.06762e-31)
(-1.53622e-228 1.96825e-31 -3.79984e-31)
(-2.55688e-222 2.36793e-31 -4.67797e-31)
(-4.13854e-216 2.85888e-31 -5.73536e-31)
(-6.5072e-210 3.45988e-31 -7.01225e-31)
(-9.92769e-204 4.19394e-31 -8.55756e-31)
(-1.4678e-197 5.08916e-31 -1.04309e-30)
(-2.10025e-191 6.17986e-31 -1.27053e-30)
(-2.9042e-185 7.50792e-31 -1.54701e-30)
(-3.87487e-179 9.12452e-31 -1.88345e-30)
(-4.9799e-173 1.10921e-30 -2.29318e-30)
(-6.15338e-167 1.34866e-30 -2.79236e-30)
(-7.29547e-161 1.64006e-30 -3.4005e-30)
(-8.2808e-155 1.99459e-30 -4.14105e-30)
(-8.97641e-149 2.42572e-30 -5.04204e-30)
(-9.26747e-143 2.9496e-30 -6.13696e-30)
(-9.08506e-137 3.58535e-30 -7.46587e-30)
(-8.42795e-131 4.3554e-30 -9.07698e-30)
(-7.37008e-125 5.28551e-30 -1.10289e-29)
(-6.04888e-119 6.40449e-30 -1.33934e-29)
(-4.63602e-113 7.74281e-30 -1.62595e-29)
(-3.29872e-107 9.32934e-30 -1.97377e-29)
(-2.16419e-101 1.11839e-29 -2.39652e-29)
(-1.2985e-95 1.33012e-29 -2.9111e-29)
(-7.0547e-90 1.56175e-29 -3.53809e-29)
(-3.42814e-84 1.7941e-29 -4.30171e-29)
(-1.4668e-78 1.98086e-29 -5.22811e-29)
(-5.4126e-73 2.02006e-29 -6.33663e-29)
(-1.67352e-67 1.70225e-29 -7.60476e-29)
(-4.15163e-62 6.4381e-30 -8.85851e-29)
(-7.6744e-57 -1.69021e-29 -9.53689e-29)
(-8.97999e-52 -5.56186e-29 -8.50238e-29)
(-2.2455e-275 7.79363e-32 -1.43103e-32)
(-4.54939e-269 8.09412e-32 -4.34793e-32)
(-9.02329e-263 8.70628e-32 -7.4329e-32)
(-1.75089e-256 9.65398e-32 -1.08063e-31)
(-3.32149e-250 1.0974e-31 -1.45989e-31)
(-6.15547e-244 1.27174e-31 -1.89572e-31)
(-1.11353e-237 1.49518e-31 -2.40488e-31)
(-1.9647e-231 1.77634e-31 -3.00685e-31)
(-3.37794e-225 2.12606e-31 -3.72457e-31)
(-5.65411e-219 2.5578e-31 -4.5853e-31)
(-9.20436e-213 3.08811e-31 -5.62174e-31)
(-1.4557e-206 3.73731e-31 -6.87334e-31)
(-2.2341e-200 4.53023e-31 -8.38803e-31)
(-3.32309e-194 5.49723e-31 -1.02243e-30)
(-4.78429e-188 6.67537e-31 -1.24537e-30)
(-6.65738e-182 8.10992e-31 -1.51637e-30)
(-8.93974e-176 9.85617e-31 -1.84616e-30)
(-1.15651e-169 1.19816e-30 -2.24779e-30)
(-1.43874e-163 1.45683e-30 -2.73712e-30)
(-1.71772e-157 1.77162e-30 -3.33329e-30)
(-1.96383e-151 2.15464e-30 -4.0593e-30)
(-2.14478e-145 2.62047e-30 -4.94266e-30)
(-2.23166e-139 3.18657e-30 -6.01628e-30)
(-2.20567e-133 3.87368e-30 -7.31955e-30)
(-2.06383e-127 4.70615e-30 -8.9e-30)
(-1.82136e-121 5.71206e-30 -1.08155e-29)
(-1.50957e-115 6.92301e-30 -1.31375e-29)
(-1.16931e-109 8.37282e-30 -1.59547e-29)
(-8.41743e-104 1.00945e-29 -1.93786e-29)
(-5.59443e-98 1.21129e-29 -2.35499e-29)
(-3.40636e-92 1.44295e-29 -2.86458e-29)
(-1.88256e-86 1.69891e-29 -3.48905e-29)
(-9.33695e-81 1.96105e-29 -4.25665e-29)
(-4.09762e-75 2.18394e-29 -5.20198e-29)
(-1.56278e-69 2.26419e-29 -6.36137e-29)
(-5.05792e-64 1.98028e-29 -7.74269e-29)
(-1.34452e-58 9.01933e-30 -9.2093e-29)
(-2.79922e-53 -1.62517e-29 -1.01894e-28)
(-4.23048e-48 -6.03218e-29 -9.35279e-29)
(-1.07546e-275 8.36008e-32 -1.39989e-32)
(-2.02362e-269 8.68241e-32 -4.25332e-32)
(-3.70304e-263 9.33905e-32 -7.27118e-32)
(-6.57754e-257 1.03556e-31 -1.05712e-31)
(-1.13149e-250 1.17716e-31 -1.42813e-31)
(-1.8796e-244 1.36417e-31 -1.85448e-31)
(-3.00394e-238 1.60385e-31 -2.35256e-31)
(-4.59535e-232 1.90545e-31 -2.94144e-31)
(-6.67979e-226 2.2806e-31 -3.64355e-31)
(-9.12139e-220 2.74372e-31 -4.48556e-31)
(-1.14713e-213 3.31258e-31 -5.49945e-31)
(-1.27622e-207 4.00897e-31 -6.72383e-31)
(-1.12713e-201 4.85953e-31 -8.20557e-31)
(-4.3132e-196 5.89682e-31 -1.00019e-30)
(1.18361e-189 7.1606e-31 -1.21828e-30)
(4.17406e-183 8.69944e-31 -1.48339e-30)
(9.01921e-177 1.05726e-30 -1.80602e-30)
(1.61106e-170 1.28526e-30 -2.19894e-30)
(2.55999e-164 1.56276e-30 -2.67766e-30)
(3.72342e-158 1.90047e-30 -3.26094e-30)
(5.02331e-152 2.31141e-30 -3.97128e-30)
(6.32708e-146 2.81123e-30 -4.83566e-30)
(7.46207e-140 3.41872e-30 -5.88632e-30)
(8.24701e-134 4.15621e-30 -7.16195e-30)
(8.53519e-128 5.04994e-30 -8.70931e-30)
(8.25682e-122 6.13035e-30 -1.05855e-29)
(7.4451e-116 7.43183e-30 -1.28613e-29)
(6.23372e-110 8.99172e-30 -1.56253e-29)
(4.82361e-104 1.08474e-29 -1.89897e-29)
(3.42917e-98 1.30296e-29 -2.30981e-29)
(2.22361e-92 1.55477e-29 -2.81358e-29)
(1.30356e-86 1.83577e-29 -3.43447e-29)
(6.83322e-81 2.12953e-29 -4.2047e-29)
(3.15882e-75 2.39275e-29 -5.16749e-29)
(1.26499e-69 2.52302e-29 -6.37736e-29)
(4.28589e-64 2.29034e-29 -7.87721e-29)
(1.18896e-58 1.21845e-29 -9.5796e-29)
(2.5726e-53 -1.48465e-29 -1.09237e-28)
(4.00224e-48 -6.40917e-29 -1.025e-28)
(-9.25338e-279 8.91364e-32 -1.36659e-32)
(-1.76056e-272 9.25731e-32 -4.15217e-32)
(-3.26329e-266 9.95742e-32 -7.09825e-32)
(-5.88402e-260 1.10413e-31 -1.03198e-31)
(-1.03027e-253 1.2551e-31 -1.39417e-31)
(-1.74814e-247 1.4545e-31 -1.81038e-31)
(-2.86708e-241 1.71005e-31 -2.29662e-31)
(-4.53021e-235 2.03163e-31 -2.8715e-31)
(-6.86647e-229 2.43162e-31 -3.55691e-31)
(-9.92348e-223 2.92541e-31 -4.37891e-31)
(-1.3552e-216 3.53195e-31 -5.36869e-31)
(-1.72342e-210 4.27446e-31 -6.56395e-31)
(-1.98625e-204 5.18135e-31 -8.01046e-31)
(-1.95068e-198 6.28733e-31 -9.76408e-31)
(-1.3242e-192 7.6348e-31 -1.18931e-30)
(2.84451e-187 9.27556e-31 -1.44813e-30)
(3.33305e-180 1.12729e-30 -1.7631e-30)
(8.27025e-174 1.37039e-30 -2.14669e-30)
(1.54145e-167 1.66628e-30 -2.61408e-30)
(2.48023e-161 2.02641e-30 -3.18356e-30)
(3.60429e-155 2.46464e-30 -3.87714e-30)
(4.82346e-149 2.99771e-30 -4.7212e-30)
(6.00011e-143 3.6457e-30 -5.74728e-30)
(6.96839e-137 4.43249e-30 -6.9933e-30)
(7.56799e-131 5.38625e-30 -8.50517e-30)
(7.68453e-125 6.53972e-30 -1.03391e-29)
(7.28407e-119 7.93016e-30 -1.25652e-29)
(6.4283e-113 9.59854e-30 -1.52716e-29)
(5.26223e-107 1.15869e-29 -1.85711e-29)
(3.9766e-101 1.39324e-29 -2.26098e-29)
(2.75746e-95 1.66535e-29 -2.75802e-29)
(1.74152e-89 1.97207e-29 -3.3741e-29)
(9.92604e-84 2.29919e-29 -4.14526e-29)
(5.04753e-78 2.6069e-29 -5.12328e-29)
(2.25724e-72 2.7965e-29 -6.38185e-29)
(8.71371e-67 2.63424e-29 -8.0036e-29)
(2.83227e-61 1.60069e-29 -9.96429e-29)
(7.47634e-56 -1.25504e-29 -1.17149e-28)
(1.50918e-50 -6.70278e-29 -1.1355e-28)
(-2.20037e-275 9.45346e-32 -1.33119e-32)
(-4.45851e-269 9.81793e-32 -4.0446e-32)
(-8.84427e-263 1.05604e-31 -6.91438e-32)
(-1.71642e-256 1.171e-31 -1.00525e-31)
(-3.25666e-250 1.33111e-31 -1.35806e-31)
(-6.03647e-244 1.54259e-31 -1.76349e-31)
(-1.09224e-237 1.81362e-31 -2.23714e-31)
(-1.92757e-231 2.15467e-31 -2.79712e-31)
(-3.31499e-225 2.57889e-31 -3.46479e-31)
(-5.55034e-219 3.1026e-31 -4.2655e-31)
(-9.03836e-213 3.74587e-31 -5.22965e-31)
(-1.42996e-206 4.53336e-31 -6.39395e-31)
(-2.19547e-200 5.49517e-31 -7.803e-31)
(-3.2671e-194 6.66814e-31 -9.51121e-31)
(-4.70603e-188 8.09724e-31 -1.15851e-30)
(-6.55213e-182 9.83739e-31 -1.41063e-30)
(-8.8039e-176 1.19557e-30 -1.71745e-30)
(-1.13974e-169 1.45341e-30 -2.09114e-30)
(-1.41899e-163 1.76725e-30 -2.54646e-30)
(-1.69563e-157 2.14924e-30 -3.10127e-30)
(-1.9405e-151 2.6141e-30 -3.77702e-30)
(-2.12168e-145 3.17962e-30 -4.59945e-30)
(-2.21041e-139 3.86714e-30 -5.59936e-30)
(-2.18778e-133 4.7021e-30 -6.81384e-30)
(-2.05039e-127 5.71454e-30 -8.28786e-30)
(-1.81278e-121 6.93953e-30 -1.00767e-29)
(-1.50554e-115 8.41723e-30 -1.22495e-29)
(-1.16888e-109 1.01923e-29 -1.48939e-29)
(-8.43618e-104 1.23118e-29 -1.81229e-29)
(-5.62316e-98 1.48197e-29 -2.20848e-29)
(-3.4349e-92 1.7745e-29 -2.69781e-29)
(-1.90508e-86 2.1075e-29 -3.3077e-29)
(-9.48538e-81 2.46961e-29 -4.07774e-29)
(-4.18013e-75 2.82582e-29 -5.06802e-29)
(-1.60123e-69 3.08422e-29 -6.37189e-29)
(-5.20547e-64 3.0133e-29 -8.11637e-29)
(-1.38983e-58 2.05631e-29 -1.03575e-28)
(-2.90713e-53 -9.21583e-30 -1.25844e-28)
(-4.43184e-48 -7.22666e-29 -1.25945e-28)
(-6.71156e-275 9.9787e-32 -1.29374e-32)
(-1.32668e-268 1.03634e-31 -3.93081e-32)
(-2.56508e-262 1.11472e-31 -6.71985e-32)
(-4.84746e-256 1.23606e-31 -9.7697e-32)
(-8.94694e-250 1.40507e-31 -1.31985e-31)
(-1.6115e-243 1.62829e-31 -1.71388e-31)
(-2.83016e-237 1.91438e-31 -2.1742e-31)
(-4.84192e-231 2.27439e-31 -2.71844e-31)
(-8.06171e-225 2.72219e-31 -3.36733e-31)
(-1.30493e-218 3.275e-31 -4.14551e-31)
(-2.05121e-212 3.95402e-31 -5.08254e-31)
(-3.12736e-206 4.78527e-31 -6.21409e-31)
(-4.61877e-200 5.80053e-31 -7.58351e-31)
(-6.59858e-194 7.03869e-31 -9.24367e-31)
(-9.10525e-188 8.5472e-31 -1.12593e-30)
(-1.21153e-181 1.03841e-30 -1.37096e-30)
(-1.55167e-175 1.26202e-30 -1.66916e-30)
(-1.90908e-169 1.5342e-30 -2.03236e-30)
(-2.25149e-163 1.8655e-30 -2.47491e-30)
(-2.53914e-157 2.26877e-30 -3.01419e-30)
(-2.73089e-151 2.75956e-30 -3.67107e-30)
(-2.79261e-145 3.35668e-30 -4.47059e-30)
(-2.70593e-139 4.08271e-30 -5.44278e-30)
(-2.47465e-133 4.96462e-30 -6.62382e-30)
(-2.12631e-127 6.03431e-30 -8.05768e-30)
(-1.70736e-121 7.32915e-30 -9.79861e-30)
(-1.27295e-115 8.89223e-30 -1.19146e-29)
(-8.74257e-110 1.0772e-29 -1.44926e-29)
(-5.47554e-104 1.30207e-29 -1.76456e-29)
(-3.08548e-98 1.56898e-29 -2.15232e-29)
(-1.53449e-92 1.88198e-29 -2.63291e-29)
(-6.53235e-87 2.24171e-29 -3.23508e-29)
(-2.24644e-81 2.64023e-29 -4.00159e-29)
(-5.35234e-76 3.04869e-29 -5.00036e-29)
(-2.51686e-71 3.38529e-29 -6.34435e-29)
(5.28173e-65 3.42811e-29 -8.20919e-29)
(3.13833e-59 2.59327e-29 -1.07513e-28)
(1.051e-53 -4.5494e-30 -1.35715e-28)
(2.2913e-48 -7.55042e-29 -1.41249e-28)
(-4.35285e-278 1.04886e-31 -1.25429e-32)
(-8.61914e-272 1.08929e-31 -3.81095e-32)
(-1.66987e-265 1.17167e-31 -6.51495e-32)
(-3.1632e-259 1.29921e-31 -9.47182e-32)
(-5.85438e-253 1.47685e-31 -1.27961e-31)
(-1.05781e-246 1.71149e-31 -1.66163e-31)
(-1.86447e-240 2.0122e-31 -2.10792e-31)
(-3.20288e-234 2.3906e-31 -2.63556e-31)
(-5.35752e-228 2.86128e-31 -3.26467e-31)
(-8.71758e-222 3.44235e-31 -4.01913e-31)
(-1.37842e-215 4.15607e-31 -4.92759e-31)
(-2.11557e-209 5.0298e-31 -6.02465e-31)
(-3.14783e-203 6.09695e-31 -7.35232e-31)
(-4.53493e-197 7.39838e-31 -8.96187e-31)
(-6.3168e-191 8.984e-31 -1.09161e-30)
(-8.49442e-185 1.09148e-30 -1.32917e-30)
(-1.10096e-178 1.32652e-30 -1.6183e-30)
(-1.37288e-172 1.61262e-30 -1.97044e-30)
(-1.6439e-166 1.96089e-30 -2.39954e-30)
(-1.88616e-160 2.38481e-30 -2.92245e-30)
(-2.06883e-154 2.90079e-30 -3.55944e-30)
(-2.16366e-148 3.52861e-30 -4.33482e-30)
(-2.15143e-142 4.29208e-30 -5.27777e-30)
(-2.02743e-136 5.21964e-30 -6.42352e-30)
(-1.80418e-130 6.34504e-30 -7.81496e-30)
(-1.50994e-124 7.70795e-30 -9.50515e-30)
(-1.18294e-118 9.35439e-30 -1.15609e-29)
(-8.62907e-113 1.13367e-29 -1.40682e-29)
(-5.82441e-107 1.37125e-29 -1.71394e-29)
(-3.61104e-101 1.65411e-29 -2.0925e-29)
(-2.03837e-95 1.98753e-29 -2.56327e-29)
(-1.03644e-89 2.37431e-29 -3.15605e-29)
(-4.68382e-84 2.81044e-29 -3.91634e-29)
(-1.84926e-78 3.2745e-29 -4.91901e-29)
(-6.23418e-73 3.6983e-29 -6.29601e-29)
(-1.73749e-67 3.87834e-29 -8.27478e-29)
(-3.81031e-62 3.21929e-29 -1.11341e-28)
(-6.02637e-57 1.73585e-30 -1.46131e-28)
(-5.59186e-52 -7.6818e-29 -1.57827e-28)
(-2.35415e-275 1.09822e-31 -1.2129e-32)
(-4.76964e-269 1.14056e-31 -3.68522e-32)
(-9.46033e-263 1.22682e-31 -6.30001e-32)
(-1.83573e-256 1.36036e-31 -9.15933e-32)
(-3.48246e-250 1.54637e-31 -1.2374e-31)
(-6.4538e-244 1.79205e-31 -1.60681e-31)
(-1.1675e-237 2.10691e-31 -2.03838e-31)
(-2.05989e-231 2.50313e-31 -2.54862e-31)
(-3.54155e-225 2.99597e-31 -3.15698e-31)
(-5.92781e-219 3.60439e-31 -3.88655e-31)
(-9.6496e-213 4.35172e-31 -4.76505e-31)
(-1.52606e-206 5.26658e-31 -5.82591e-31)
(-2.34196e-200 6.38398e-31 -7.10979e-31)
(-3.48334e-194 7.74668e-31 -8.66626e-31)
(-5.01468e-188 9.40695e-31 -1.0556e-30)
(-6.97751e-182 1.14286e-30 -1.28534e-30)
(-9.36898e-176 1.38898e-30 -1.56493e-30)
(-1.21196e-169 1.68857e-30 -1.90548e-30)
(-1.50763e-163 2.05326e-30 -2.32047e-30)
(-1.79987e-157 2.4972e-30 -2.82621e-30)
(-2.05767e-151 3.03757e-30 -3.44231e-30)
(-2.24726e-145 3.69514e-30 -4.19233e-30)
(-2.33837e-139 4.4949e-30 -5.10458e-30)
(-2.31136e-133 5.46675e-30 -6.21323e-30)
(-2.16309e-127 6.64624e-30 -7.56002e-30)
(-1.90949e-121 8.07532e-30 -9.19674e-30)
(-1.58328e-115 9.80295e-30 -1.11889e-29)
(-1.22715e-109 1.18854e-29 -1.3621e-29)
(-8.84139e-104 1.43857e-29 -1.66047e-29)
(-5.88307e-98 1.73716e-29 -2.02906e-29)
(-3.58775e-92 2.0909e-29 -2.48887e-29)
(-1.98697e-86 2.5049e-29 -3.0705e-29)
(-9.88225e-81 2.97951e-29 -3.82156e-29)
(-4.35291e-75 3.50198e-29 -4.82279e-29)
(-1.66826e-69 4.02126e-29 -6.22358e-29)
(-5.43461e-64 4.36247e-29 -8.30499e-29)
(-1.45746e-58 3.94129e-29 -1.14922e-28)
(-3.07164e-53 9.94353e-30 -1.57517e-28)
(-4.72716e-48 -8.19111e-29 -1.77507e-28)
(-1.06742e-274 1.1459e-31 -1.16965e-32)
(-2.10117e-268 1.19007e-31 -3.5538e-32)
(-4.04459e-262 1.28008e-31 -6.07536e-32)
(-7.60763e-256 1.41941e-31 -8.83273e-32)
(-1.39716e-249 1.61349e-31 -1.19327e-31)
(-2.50322e-243 1.86984e-31 -1.54952e-31)
(-4.37142e-237 2.19837e-31 -1.9657e-31)
(-7.43366e-231 2.6118e-31 -2.45775e-31)
(-1.22969e-224 3.12604e-31 -3.04442e-31)
(-1.97665e-218 3.76087e-31 -3.74798e-31)
(-3.08385e-212 4.54066e-31 -4.59515e-31)
(-4.66372e-206 5.49524e-31 -5.6182e-31)
(-6.82736e-200 6.66116e-31 -6.8563e-31)
(-9.66062e-194 8.08303e-31 -8.35728e-31)
(-1.31911e-187 9.8154e-31 -1.01797e-30)
(-1.73501e-181 1.19249e-30 -1.23952e-30)
(-2.19388e-175 1.4493e-30 -1.50915e-30)
(-2.66112e-169 1.76191e-30 -1.83758e-30)
(-3.0888e-163 2.14247e-30 -2.23782e-30)
(-3.4213e-157 2.60575e-30 -2.72559e-30)
(-3.60499e-151 3.1697e-30 -3.31985e-30)
(-3.60038e-145 3.85602e-30 -4.04335e-30)
(-3.39372e-139 4.69087e-30 -4.92345e-30)
(-3.00381e-133 5.70557e-30 -5.99325e-30)
(-2.48097e-127 6.93744e-30 -7.29324e-30)
(-1.89697e-121 8.43066e-30 -8.87381e-30)
(-1.32855e-115 1.02371e-29 -1.07989e-29)
(-8.39391e-110 1.24171e-29 -1.31516e-29)
(-4.67044e-104 1.50392e-29 -1.60421e-29)
(-2.18813e-98 1.81795e-29 -1.96204e-29)
(-7.72319e-93 2.19181e-29 -2.40972e-29)
(-1.16215e-87 2.63303e-29 -2.97833e-29)
(9.68748e-82 3.14666e-29 -3.71692e-29)
(1.1046e-75 3.72966e-29 -4.71066e-29)
(6.80526e-70 4.35156e-29 -6.12391e-29)
(3.03951e-64 4.87743e-29 -8.29077e-29)
(1.02855e-58 4.76485e-29 -1.18077e-28)
(2.58969e-53 2.06434e-29 -1.70396e-28)
(4.54976e-48 -8.34506e-29 -2.02721e-28)
(-5.18304e-278 1.1918e-31 -1.12459e-32)
(-1.016e-271 1.23775e-31 -3.4169e-32)
(-1.94757e-265 1.33136e-31 -5.84133e-32)
(-3.64806e-259 1.47628e-31 -8.4925e-32)
(-6.67206e-253 1.67813e-31 -1.14731e-31)
(-1.19049e-246 1.94475e-31 -1.48983e-31)
(-2.07052e-240 2.28645e-31 -1.88999e-31)
(-3.50678e-234 2.71644e-31 -2.36309e-31)
(-5.778e-228 3.25128e-31 -2.92716e-31)
(-9.25163e-222 3.91156e-31 -3.60363e-31)
(-1.4379e-215 4.72259e-31 -4.41817e-31)
(-2.16657e-209 5.71543e-31 -5.40181e-31)
(-3.16055e-203 6.92807e-31 -6.59223e-31)
(-4.45728e-197 8.40693e-31 -8.03541e-31)
(-6.06755e-191 1.02087e-30 -9.78763e-31)
(-7.9588e-185 1.24028e-30 -1.19179e-30)
(-1.00407e-178 1.50739e-30 -1.45105e-30)
(-1.21581e-172 1.83254e-30 -1.76685e-30)
(-1.4099e-166 2.22838e-30 -2.15171e-30)
(-1.56188e-160 2.71029e-30 -2.62076e-30)
(-1.64841e-154 3.29696e-30 -3.19225e-30)
(-1.65246e-148 4.011e-30 -3.8881e-30)
(-1.56824e-142 4.87968e-30 -4.73467e-30)
(-1.40394e-136 5.93571e-30 -5.76392e-30)
(-1.18105e-130 7.21814e-30 -7.015e-30)
(-9.29981e-125 8.77337e-30 -8.5368e-30)
(-6.82977e-119 1.06562e-29 -1.03916e-29)
(-4.66661e-113 1.29308e-29 -1.26606e-29)
(-2.96762e-107 1.56715e-29 -1.54522e-29)
(-1.76693e-101 1.89631e-29 -1.89148e-29)
(-1.00007e-95 2.28998e-29 -2.32585e-29)
(-5.5182e-90 2.75822e-29 -2.87953e-29)
(-3.04448e-84 3.31103e-29 -3.60223e-29)
(-1.68403e-78 3.95587e-29 -4.58181e-29)
(-9.01671e-73 4.68593e-29 -5.99403e-29)
(-4.38293e-67 5.41826e-29 -8.22233e-29)
(-1.78364e-61 5.69243e-29 -1.20548e-28)
(-5.41967e-56 3.44218e-29 -1.83737e-28)
(-9.62133e-51 -8.11204e-29 -2.29993e-28)
(-1.73627e-277 1.23587e-31 -1.0778e-32)
(-3.63152e-271 1.28352e-31 -3.27474e-32)
(-7.49332e-265 1.38059e-31 -5.5983e-32)
(-1.52549e-258 1.53086e-31 -8.13918e-32)
(-3.06404e-252 1.74018e-31 -1.09958e-31)
(-6.07124e-246 2.01666e-31 -1.42785e-31)
(-1.18644e-239 2.371e-31 -1.81136e-31)
(-2.28565e-233 2.81689e-31 -2.26479e-31)
(-4.33818e-227 3.37152e-31 -2.80539e-31)
(-8.10563e-221 4.05622e-31 -3.45372e-31)
(-1.48942e-214 4.89725e-31 -4.23438e-31)
(-2.68836e-208 5.92681e-31 -5.1771e-31)
(-4.76019e-202 7.18431e-31 -6.318e-31)
(-8.25644e-196 8.71787e-31 -7.70115e-31)
(-1.40059e-189 1.05863e-30 -9.3805e-31)
(-2.31984e-183 1.28616e-30 -1.14222e-30)
(-3.74522e-177 1.56315e-30 -1.3907e-30)
(-5.88281e-171 1.90035e-30 -1.69339e-30)
(-8.97367e-165 2.31086e-30 -2.06227e-30)
(-1.32675e-158 2.81066e-30 -2.51188e-30)
(-1.89742e-152 3.41915e-30 -3.05971e-30)
(-2.61921e-146 4.15982e-30 -3.7268e-30)
(-3.482e-140 5.06102e-30 -4.53851e-30)
(-4.44723e-134 6.1568e-30 -5.52556e-30)
(-5.44268e-128 7.4879e-30 -6.72571e-30)
(-6.36417e-122 9.10288e-30 -8.1862e-30)
(-7.08726e-116 1.10594e-29 -9.96745e-30)
(-7.48922e-110 1.34255e-29 -1.21486e-29)
(-7.4781e-104 1.62814e-29 -1.48357e-29)
(-7.02103e-98 1.97204e-29 -1.81747e-29)
(-6.16168e-92 2.38512e-29 -2.23734e-29)
(-5.018e-86 2.88e-29 -2.77412e-29)
(-3.75739e-80 3.47173e-29 -3.47739e-29)
(-2.55544e-74 4.17876e-29 -4.43568e-29)
(-1.55191e-68 5.02044e-29 -5.83143e-29)
(-8.20247e-63 5.97774e-29 -8.08947e-29)
(-3.61398e-57 6.7215e-29 -1.22029e-28)
(-1.21771e-51 5.19141e-29 -1.98005e-28)
(-2.46282e-46 -7.32262e-29 -2.65337e-28)
(-5.19286e-274 1.27804e-31 -1.02935e-32)
(-1.13583e-267 1.32731e-31 -3.12753e-32)
(-2.4544e-261 1.42769e-31 -5.34664e-32)
(-5.23723e-255 1.58309e-31 -7.7733e-32)
(-1.10287e-248 1.79955e-31 -1.05015e-31)
(-2.29033e-242 2.08546e-31 -1.36367e-31)
(-4.6865e-236 2.45189e-31 -1.72994e-31)
(-9.43967e-230 2.91299e-31 -2.16299e-31)
(-1.86966e-223 3.48655e-31 -2.6793e-31)
(-3.6372e-217 4.19462e-31 -3.29848e-31)
(-6.94143e-211 5.06435e-31 -4.04405e-31)
(-1.29796e-204 6.12906e-31 -4.9444e-31)
(-2.37488e-198 7.42947e-31 -6.03402e-31)
(-4.24635e-192 9.01537e-31 -7.35501e-31)
(-7.40954e-186 1.09476e-30 -8.95889e-31)
(-1.25999e-179 1.33005e-30 -1.09088e-30)
(-2.08508e-173 1.61651e-30 -1.32821e-30)
(-3.35292e-167 1.96523e-30 -1.61731e-30)
(-5.23127e-161 2.38979e-30 -1.96964e-30)
(-7.9065e-155 2.90671e-30 -2.3991e-30)
(-1.15566e-148 3.53609e-30 -2.92242e-30)
(-1.63068e-142 4.30226e-30 -3.55972e-30)
(-2.21706e-136 5.23461e-30 -4.33527e-30)
(-2.89841e-130 6.36849e-30 -5.27854e-30)
(-3.6353e-124 7.74628e-30 -6.42579e-30)
(-4.36359e-118 9.41864e-30 -7.8225e-30)
(-4.99887e-112 1.1446e-29 -9.52707e-30)
(-5.44846e-106 1.39004e-29 -1.16162e-29)
(-5.63e-100 1.68676e-29 -1.41932e-29)
(-5.49278e-94 2.04497e-29 -1.74009e-29)
(-5.03524e-88 2.47695e-29 -2.14426e-29)
(-4.31175e-82 2.99788e-29 -2.66221e-29)
(-3.42407e-76 3.62783e-29 -3.34248e-29)
(-2.49816e-70 4.39636e-29 -4.27207e-29)
(-1.65327e-64 5.35058e-29 -5.63424e-29)
(-9.73997e-59 6.54608e-29 -7.88212e-29)
(-4.95114e-53 7.842e-29 -1.22121e-28)
(-2.03871e-47 7.37892e-29 -2.11825e-28)
(-5.63293e-42 -5.78725e-29 -3.07452e-28)
(-6.92461e-271 1.31823e-31 -9.79311e-33)
(-1.6552e-264 1.36905e-31 -2.97549e-32)
(-3.88209e-258 1.47259e-31 -5.08674e-32)
(-8.93017e-252 1.63288e-31 -7.39544e-32)
(-2.01387e-245 1.85615e-31 -9.99106e-32)
(-4.45007e-239 2.15105e-31 -1.29739e-31)
(-9.63036e-233 2.529e-31 -1.64586e-31)
(-2.03993e-226 3.00461e-31 -2.05785e-31)
(-4.22694e-220 3.59621e-31 -2.54907e-31)
(-8.56256e-214 4.32656e-31 -3.13816e-31)
(-1.69455e-207 5.22365e-31 -3.84749e-31)
(-3.27394e-201 6.32185e-31 -4.70408e-31)
(-6.17048e-195 7.66317e-31 -5.74074e-31)
(-1.13356e-188 9.29897e-31 -6.99752e-31)
(-2.02804e-182 1.1292e-30 -8.52346e-31)
(-3.53025e-176 1.3719e-30 -1.03787e-30)
(-5.97313e-170 1.66737e-30 -1.26367e-30)
(-9.81306e-164 2.02709e-30 -1.53873e-30)
(-1.56356e-157 2.46504e-30 -1.87397e-30)
(-2.41322e-151 2.99829e-30 -2.28262e-30)
(-3.60308e-145 3.64759e-30 -2.7806e-30)
(-5.19663e-139 4.43809e-30 -3.3871e-30)
(-7.22873e-133 5.40017e-30 -4.12526e-30)
(-9.68184e-127 6.57044e-30 -5.02323e-30)
(-1.24625e-120 7.99284e-30 -6.11568e-30)
(-1.53859e-114 9.72009e-30 -7.44625e-30)
(-1.81778e-108 1.18154e-29 -9.07109e-30)
(-2.05016e-102 1.43545e-29 -1.10643e-29)
(-2.20129e-96 1.74288e-29 -1.35258e-29)
(-2.24328e-90 2.1149e-29 -1.65943e-29)
(-2.16229e-84 2.56518e-29 -2.04675e-29)
(-1.96375e-78 3.11138e-29 -2.54395e-29)
(-1.67294e-72 3.7784e-29 -3.1977e-29)
(-1.33011e-66 4.60664e-29 -4.09113e-29)
(-9.8118e-61 5.67131e-29 -5.40149e-29)
(-6.66881e-55 7.1107e-29 -7.59119e-29)
(-4.14185e-49 9.03333e-29 -1.20363e-28)
(-2.3272e-43 1.00731e-28 -2.25264e-28)
(-1.16836e-37 -3.96828e-29 -3.61855e-28)
(9.05879e-270 1.35639e-31 -9.27762e-33)
(2.12882e-263 1.40868e-31 -2.81887e-32)
(4.90752e-257 1.51521e-31 -4.81899e-32)
(1.1093e-250 1.68014e-31 -7.00618e-32)
(2.45751e-244 1.90988e-31 -9.46519e-32)
(5.33314e-238 2.21332e-31 -1.2291e-31)
(1.13314e-231 2.60221e-31 -1.55923e-31)
(2.35584e-225 3.09159e-31 -1.94954e-31)
(4.78971e-219 3.70033e-31 -2.41491e-31)
(9.51689e-213 4.45182e-31 -2.97299e-31)
(1.84674e-206 5.3749e-31 -3.64499e-31)
(3.49721e-200 6.5049e-31 -4.4565e-31)
(6.45818e-194 7.88506e-31 -5.4386e-31)
(1.16201e-187 9.56824e-31 -6.62924e-31)
(2.03532e-181 1.1619e-30 -8.07489e-31)
(3.46717e-175 1.41163e-30 -9.83248e-31)
(5.73845e-169 1.71567e-30 -1.19717e-30)
(9.21766e-163 2.08582e-30 -1.45777e-30)
(1.43532e-156 2.53649e-30 -1.7754e-30)
(2.16389e-150 3.08525e-30 -2.16259e-30)
(3.15422e-144 3.75348e-30 -2.63446e-30)
(4.43903e-138 4.56709e-30 -3.2092e-30)
(6.02191e-132 5.55744e-30 -3.9088e-30)
(7.86111e-126 6.76231e-30 -4.76001e-30)
(9.85652e-120 8.22717e-30 -5.79586e-30)
(1.18457e-113 1.00067e-29 -7.05799e-30)
(1.3615e-107 1.21668e-29 -8.60018e-30)
(1.49284e-101 1.4787e-29 -1.04935e-29)
(1.55722e-95 1.79639e-29 -1.28343e-29)
(1.54062e-89 2.18167e-29 -1.57563e-29)
(1.44063e-83 2.64955e-29 -1.94497e-29)
(1.26833e-77 3.22004e-29 -2.41956e-29)
(1.04669e-71 3.92255e-29 -3.04343e-29)
(8.05589e-66 4.80758e-29 -3.89348e-29)
(5.74876e-60 5.97731e-29 -5.13342e-29)
(3.77767e-54 7.65629e-29 -7.20972e-29)
(2.26742e-48 1.02605e-28 -1.16196e-28)
(1.23098e-42 1.33694e-28 -2.37827e-28)
(5.97271e-37 -2.18607e-29 -4.24287e-28)
(4.62566e-268 1.39246e-31 -8.74783e-33)
(1.06226e-261 1.44614e-31 -2.6579e-32)
(2.39603e-255 1.5555e-31 -4.54382e-32)
(5.30569e-249 1.72482e-31 -6.60612e-32)
(1.1528e-242 1.96066e-31 -8.92472e-32)
(2.45634e-236 2.27217e-31 -1.15892e-31)
(5.1298e-230 2.67141e-31 -1.4702e-31)
(1.04936e-223 3.17381e-31 -1.83823e-31)
(2.10129e-217 3.79874e-31 -2.27702e-31)
(4.11615e-211 4.57022e-31 -2.80324e-31)
(7.88195e-205 5.51785e-31 -3.43688e-31)
(1.47431e-198 6.67792e-31 -4.20204e-31)
(2.69158e-192 8.0948e-31 -5.12807e-31)
(4.79213e-186 9.82275e-31 -6.25073e-31)
(8.31302e-180 1.19281e-30 -7.61385e-31)
(1.40374e-173 1.44919e-30 -9.27112e-31)
(2.30498e-167 1.76132e-30 -1.12883e-30)
(3.67645e-161 2.14133e-30 -1.37457e-30)
(5.68939e-155 2.60403e-30 -1.67409e-30)
(8.53164e-149 3.16745e-30 -2.03922e-30)
(1.23807e-142 3.85358e-30 -2.48423e-30)
(1.73607e-136 4.68907e-30 -3.02631e-30)
(2.34864e-130 5.70616e-30 -3.68622e-30)
(3.0602e-124 6.94379e-30 -4.48928e-30)
(3.83314e-118 8.44888e-30 -5.4668e-30)
(4.60621e-112 1.0278e-29 -6.65832e-30)
(5.29836e-106 1.24996e-29 -8.11504e-30)
(5.81932e-100 1.51968e-29 -9.90484e-30)
(6.08613e-94 1.84716e-29 -1.21199e-29)
(6.04253e-88 2.2451e-29 -1.4888e-29)
(5.67556e-82 2.7298e-29 -1.83908e-29)
(5.0237e-76 3.32342e-29 -2.28935e-29)
(4.17196e-70 4.05945e-29 -2.88019e-29)
(3.23405e-64 4.99724e-29 -3.68018e-29)
(2.32637e-58 6.26318e-29 -4.83175e-29)
(1.54213e-52 8.16513e-29 -6.73456e-29)
(9.34278e-47 1.14679e-28 -1.08937e-28)
(5.12146e-41 1.74111e-28 -2.50197e-28)
(2.50892e-35 1.39146e-28 -1.14173e-27)
(-1.31886e-267 1.42638e-31 -8.20454e-33)
(-3.03861e-261 1.48137e-31 -2.49284e-32)
(-6.87659e-255 1.5934e-31 -4.26163e-32)
(-1.52785e-248 1.76684e-31 -6.19587e-32)
(-3.33095e-242 2.00842e-31 -8.37049e-32)
(-7.12201e-236 2.32752e-31 -1.08695e-31)
(-1.49257e-229 2.73649e-31 -1.3789e-31)
(-3.06407e-223 3.25113e-31 -1.72408e-31)
(-6.15774e-217 3.89129e-31 -2.13562e-31)
(-1.21063e-210 4.68157e-31 -2.62917e-31)
(-2.32681e-204 5.6523e-31 -3.22346e-31)
(-4.36861e-198 6.84064e-31 -3.94111e-31)
(-8.00599e-192 8.29205e-31 -4.80963e-31)
(-1.4309e-185 1.00621e-30 -5.86258e-31)
(-2.49195e-179 1.22188e-30 -7.14106e-31)
(-4.22462e-173 1.48451e-30 -8.69545e-31)
(-6.96491e-167 1.80426e-30 -1.05874e-30)
(-1.11544e-160 2.19355e-30 -1.28923e-30)
(-1.73333e-154 2.66755e-30 -1.57018e-30)
(-2.61017e-148 3.24478e-30 -1.91268e-30)
(-3.80387e-142 3.94775e-30 -2.33014e-30)
(-5.357e-136 4.80382e-30 -2.83869e-30)
(-7.27898e-130 5.84609e-30 -3.45786e-30)
(-9.5264e-124 7.11458e-30 -4.21147e-30)
(-1.19863e-117 8.65759e-30 -5.12901e-30)
(-1.44695e-111 1.05335e-29 -6.24785e-30)
(-1.67209e-105 1.28132e-29 -7.61642e-30)
(-1.84513e-99 1.55833e-29 -9.29912e-30)
(-1.93892e-93 1.89508e-29 -1.13835e-29)
(-1.93433e-87 2.30502e-29 -1.3991e-29)
(-1.82576e-81 2.80566e-29 -1.7293e-29)
(-1.62409e-75 3.42111e-29 -2.15363e-29)
(-1.35552e-69 4.18831e-29 -2.70866e-29)
(-1.05614e-63 5.17389e-29 -3.45274e-29)
(-7.63649e-58 6.52385e-29 -4.49984e-29)
(-5.08865e-52 8.61816e-29 -6.16878e-29)
(-3.09923e-46 1.25701e-28 -9.77043e-29)
(-1.70802e-40 2.18282e-28 -2.32953e-28)
(-8.41262e-35 4.36068e-28 -1.0661e-27)
(2.96767e-268 1.45811e-31 -7.64861e-33)
(6.87049e-262 1.51432e-31 -2.32393e-32)
(1.56246e-255 1.62883e-31 -3.97288e-32)
(3.48867e-249 1.80613e-31 -5.77607e-32)
(7.64394e-243 2.05309e-31 -7.80335e-32)
(1.64265e-236 2.37929e-31 -1.01331e-31)
(3.46012e-230 2.79735e-31 -1.28548e-31)
(7.13995e-224 3.32344e-31 -1.60727e-31)
(1.44238e-217 3.97784e-31 -1.99093e-31)
(2.85073e-211 4.78571e-31 -2.45104e-31)
(5.50825e-205 5.77803e-31 -3.00506e-31)
(1.03975e-198 6.99281e-31 -3.67409e-31)
(1.91581e-192 8.47652e-31 -4.48377e-31)
(3.4429e-186 1.0286e-30 -5.46539e-31)
(6.02908e-180 1.24906e-30 -6.65726e-31)
(1.02783e-173 1.51754e-30 -8.10636e-31)
(1.70408e-167 1.84441e-30 -9.87021e-31)
(2.74464e-161 2.24238e-30 -1.20191e-30)
(4.28945e-155 2.72696e-30 -1.46384e-30)
(6.49674e-149 3.3171e-30 -1.78318e-30)
(9.52315e-143 4.03583e-30 -2.17242e-30)
(1.34904e-136 4.91116e-30 -2.64664e-30)
(1.84392e-130 5.97701e-30 -3.22407e-30)
(2.42767e-124 7.2744e-30 -3.92698e-30)
(3.07295e-118 8.85294e-30 -4.78301e-30)
(3.73211e-112 1.07728e-29 -5.8272e-30)
(4.33919e-106 1.3107e-29 -7.10508e-30)
(4.81776e-100 1.59457e-29 -8.67733e-30)
(5.0941e-94 1.94004e-29 -1.06265e-29)
(5.11383e-88 2.3613e-29 -1.30668e-29)
(4.8572e-82 2.87693e-29 -1.61586e-29)
(4.34808e-76 3.51275e-29 -2.01282e-29)
(3.65224e-70 4.3085e-29 -2.52964e-29)
(2.86391e-64 5.33608e-29 -3.21307e-29)
(2.08416e-58 6.75497e-29 -4.14289e-29)
(1.39784e-52 8.99709e-29 -5.5253e-29)
(8.56927e-47 1.34605e-28 -8.2517e-29)
(4.75373e-41 2.57433e-28 -1.88125e-28)
(2.35688e-35 7.22519e-28 -9.9779e-28)
(8.81685e-269 1.48758e-31 -7.08089e-33)
(2.06362e-262 1.54493e-31 -2.15144e-32)
(4.74286e-256 1.66176e-31 -3.678e-32)
(1.06988e-249 1.84264e-31 -5.34736e-32)
(2.36752e-243 2.09459e-31 -7.22418e-32)
(5.13665e-237 2.42738e-31 -9.38099e-32)
(1.09207e-230 2.8539e-31 -1.19007e-31)
(2.27375e-224 3.39063e-31 -1.48798e-31)
(4.63328e-218 4.05826e-31 -1.84317e-31)
(9.23414e-212 4.88246e-31 -2.26913e-31)
(1.79872e-205 5.89486e-31 -2.78203e-31)
(3.42187e-199 7.1342e-31 -3.40141e-31)
(6.35269e-193 8.64792e-31 -4.15099e-31)
(1.14996e-186 1.0494e-30 -5.05976e-31)
(2.0279e-180 1.27432e-30 -6.16318e-31)
(3.48052e-174 1.54823e-30 -7.50476e-31)
(5.80809e-168 1.88172e-30 -9.13775e-31)
(9.41331e-162 2.28775e-30 -1.11272e-30)
(1.48002e-155 2.78217e-30 -1.35524e-30)
(2.25459e-149 3.3843e-30 -1.65091e-30)
(3.32322e-143 4.11768e-30 -2.01132e-30)
(4.73272e-137 5.01093e-30 -2.45045e-30)
(6.5019e-131 6.0987e-30 -2.98521e-30)
(8.6021e-125 7.42299e-30 -3.63628e-30)
(1.09394e-118 9.03462e-30 -4.42934e-30)
(1.33452e-112 1.09953e-29 -5.39703e-30)
(1.55821e-106 1.33805e-29 -6.58184e-30)
(1.73707e-100 1.62831e-29 -8.04045e-30)
(1.84378e-94 1.98194e-29 -9.85005e-30)
(1.85768e-88 2.41377e-29 -1.21172e-29)
(1.77057e-82 2.94338e-29 -1.49901e-29)
(1.59018e-76 3.59801e-29 -1.86732e-29)
(1.33982e-70 4.41948e-29 -2.344e-29)
(1.05368e-64 5.48275e-29 -2.96344e-29)
(7.68895e-59 6.95338e-29 -3.76764e-29)
(5.17018e-53 9.28731e-29 -4.82767e-29)
(3.17711e-47 1.40384e-28 -6.42119e-29)
(1.76642e-41 2.82864e-28 -1.15373e-28)
(8.77615e-36 1.05161e-27 -1.08709e-27)
(3.60047e-272 1.51476e-31 -6.50226e-33)
(8.35908e-266 1.57315e-31 -1.97563e-32)
(1.90525e-259 1.69212e-31 -3.37745e-32)
(4.26108e-253 1.87631e-31 -4.9104e-32)
(9.34621e-247 2.13286e-31 -6.63387e-32)
(2.00935e-240 2.47173e-31 -8.61445e-32)
(4.23182e-234 2.90604e-31 -1.09283e-31)
(8.72531e-228 3.45258e-31 -1.3664e-31)
(1.76008e-221 4.13242e-31 -1.69257e-31)
(3.47121e-215 4.97169e-31 -2.08372e-31)
(6.68816e-209 6.00259e-31 -2.55472e-31)
(1.25798e-202 7.26459e-31 -3.12348e-31)
(2.3079e-196 8.80598e-31 -3.81182e-31)
(4.12627e-190 1.06858e-30 -4.64632e-31)
(7.18263e-184 1.29762e-30 -5.65959e-31)
(1.21606e-177 1.57653e-30 -6.89157e-31)
(2.00033e-171 1.91613e-30 -8.39117e-31)
(3.19313e-165 2.3296e-30 -1.02182e-30)
(4.94031e-159 2.83308e-30 -1.24453e-30)
(7.39812e-153 3.44628e-30 -1.51608e-30)
(1.07072e-146 4.19318e-30 -1.84709e-30)
(1.49526e-140 5.10296e-30 -2.25043e-30)
(2.01129e-134 6.21097e-30 -2.74166e-30)
(2.60079e-128 7.56009e-30 -3.3398e-30)
(3.22607e-122 9.20229e-30 -4.06855e-30)
(3.82944e-116 1.12008e-29 -4.95802e-30)
(4.33829e-110 1.36331e-29 -6.04752e-30)
(4.67621e-104 1.65949e-29 -7.38955e-30)
(4.77905e-98 2.02068e-29 -9.05556e-30)
(4.61202e-92 2.46232e-29 -1.1144e-29)
(4.1827e-86 3.00482e-29 -1.37901e-29)
(3.54419e-80 3.67662e-29 -1.7176e-29)
(2.78577e-74 4.52086e-29 -2.15269e-29)
(2.01241e-68 5.61324e-29 -2.70629e-29)
(1.31934e-62 7.11745e-29 -3.38198e-29)
(7.70611e-57 9.48095e-29 -4.1083e-29)
(3.88969e-51 1.42365e-28 -4.45189e-29)
(1.59624e-45 2.83235e-28 -5.85753e-30)
(4.46e-40 1.01795e-27 1.11927e-27)
(7.16461e-276 1.5396e-31 -5.9136e-33)
(1.65713e-269 1.59896e-31 -1.79678e-32)
(3.76034e-263 1.71987e-31 -3.0717e-32)
(8.36758e-257 1.90708e-31 -4.46588e-32)
(1.82497e-250 2.16784e-31 -6.03333e-32)
(3.89908e-244 2.51227e-31 -7.83462e-32)
(8.15582e-238 2.95371e-31 -9.93902e-32)
(1.6692e-231 3.50921e-31 -1.24271e-31)
(3.34042e-225 4.20021e-31 -1.53935e-31)
(6.53199e-219 5.05325e-31 -1.8951e-31)
(1.24715e-212 6.10107e-31 -2.32345e-31)
(2.32313e-206 7.38378e-31 -2.84073e-31)
(4.21839e-200 8.95047e-31 -3.46676e-31)
(7.46002e-194 1.08611e-30 -4.22572e-31)
(1.2836e-187 1.31891e-30 -5.14727e-31)
(2.14665e-181 1.60241e-30 -6.26774e-31)
(3.4853e-175 1.94758e-30 -7.63163e-31)
(5.48699e-169 2.36785e-30 -9.29332e-31)
(8.36496e-163 2.87962e-30 -1.1319e-30)
(1.2331e-156 3.50294e-30 -1.37889e-30)
(1.7549e-150 4.2622e-30 -1.67999e-30)
(2.40693e-144 5.1871e-30 -2.04689e-30)
(3.17542e-138 6.31363e-30 -2.49379e-30)
(4.021e-132 7.68548e-30 -3.03802e-30)
(4.87558e-126 9.35567e-30 -3.7012e-30)
(5.6456e-120 1.13888e-29 -4.51087e-30)
(6.22383e-114 1.38643e-29 -5.50301e-30)
(6.50942e-108 1.68805e-29 -6.7257e-30)
(6.43265e-102 2.05618e-29 -8.24441e-30)
(5.97728e-96 2.50681e-29 -1.01489e-29)
(5.19225e-90 3.06111e-29 -1.25615e-29)
(4.18632e-84 3.74839e-29 -1.56411e-29)
(3.10437e-78 4.61239e-29 -1.95667e-29)
(2.09192e-72 5.72737e-29 -2.44412e-29)
(1.25963e-66 7.24731e-29 -2.9941e-29)
(6.60881e-61 9.57898e-29 -3.40385e-29)
(2.89657e-55 1.40615e-28 -2.65269e-29)
(9.75505e-50 2.59857e-28 5.977e-29)
(2.00476e-44 6.45756e-28 9.0821e-28)
(-3.37784e-277 1.56207e-31 -5.31582e-33)
(-6.85197e-271 1.62229e-31 -1.61515e-32)
(-1.36073e-264 1.74497e-31 -2.76121e-32)
(-2.64371e-258 1.93491e-31 -4.01447e-32)
(-5.02154e-252 2.19948e-31 -5.42349e-32)
(-9.31783e-246 2.54894e-31 -7.04271e-32)
(-1.68772e-239 2.99682e-31 -8.93442e-32)
(-2.98146e-233 3.56043e-31 -1.1171e-31)
(-5.13219e-227 4.26152e-31 -1.38376e-31)
(-8.60013e-221 5.12702e-31 -1.70355e-31)
(-1.40147e-214 6.19014e-31 -2.08861e-31)
(-2.21848e-208 7.49159e-31 -2.5536e-31)
(-3.40721e-202 9.08115e-31 -3.11635e-31)
(-5.07041e-196 1.10197e-30 -3.7986e-31)
(-7.30087e-190 1.33817e-30 -4.627e-31)
(-1.01558e-183 1.62581e-30 -5.63423e-31)
(-1.36246e-177 1.97602e-30 -6.86029e-31)
(-1.75942e-171 2.40244e-30 -8.35409e-31)
(-2.18237e-165 2.92172e-30 -1.01751e-30)
(-2.59391e-159 3.55419e-30 -1.23956e-30)
(-2.94608e-153 4.32464e-30 -1.51026e-30)
(-3.18712e-147 5.26321e-30 -1.84015e-30)
(-3.27151e-141 6.40651e-30 -2.24198e-30)
(-3.17141e-135 7.79895e-30 -2.73139e-30)
(-2.88626e-129 9.4945e-30 -3.32788e-30)
(-2.44671e-123 1.1559e-29 -4.0563e-30)
(-1.9107e-117 1.40736e-29 -4.94918e-30)
(-1.35145e-111 1.71393e-29 -6.05003e-30)
(-8.40579e-106 2.08836e-29 -7.41805e-30)
(-4.31649e-100 2.54714e-29 -9.13411e-30)
(-1.49681e-94 3.11208e-29 -1.1307e-29)
(1.00239e-89 3.81313e-29 -1.40734e-29)
(7.41856e-83 4.69398e-29 -1.75689e-29)
(7.88722e-77 5.82543e-29 -2.17931e-29)
(5.72483e-71 7.34486e-29 -2.61166e-29)
(3.19911e-65 9.59102e-29 -2.74547e-29)
(1.37605e-59 1.35889e-28 -1.17054e-29)
(4.22354e-54 2.25822e-28 9.51704e-29)
(7.13849e-49 3.87281e-28 7.10156e-28)
(-6.06136e-277 1.58214e-31 -4.70986e-33)
(-1.2256e-270 1.64313e-31 -1.43104e-32)
(-2.42561e-264 1.76738e-31 -2.44646e-32)
(-4.69562e-258 1.95976e-31 -3.55687e-32)
(-8.88493e-252 2.22773e-31 -4.80528e-32)
(-1.642e-245 2.58167e-31 -6.23994e-32)
(-2.96143e-239 3.03531e-31 -7.91603e-32)
(-5.20794e-233 3.60617e-31 -9.89766e-32)
(-8.92218e-227 4.31626e-31 -1.22603e-31)
(-1.48763e-220 5.19288e-31 -1.50937e-31)
(-2.41148e-214 6.26967e-31 -1.85054e-31)
(-3.79625e-208 7.58784e-31 -2.26253e-31)
(-5.79679e-202 9.19783e-31 -2.76113e-31)
(-8.57475e-196 1.11613e-30 -3.36562e-31)
(-1.22701e-189 1.35536e-30 -4.0996e-31)
(-1.69594e-183 1.6467e-30 -4.99202e-31)
(-2.26042e-177 2.00142e-30 -6.07836e-31)
(-2.89999e-171 2.43333e-30 -7.40193e-31)
(-3.57409e-165 2.9593e-30 -9.01551e-31)
(-4.2222e-159 3.59995e-30 -1.0983e-30)
(-4.76918e-153 4.38039e-30 -1.33818e-30)
(-5.13662e-147 5.33119e-30 -1.63052e-30)
(-5.25869e-141 6.48947e-30 -1.98664e-30)
(-5.09891e-135 7.9003e-30 -2.42042e-30)
(-4.66299e-129 9.61852e-30 -2.94918e-30)
(-4.00219e-123 1.17112e-29 -3.59504e-30)
(-3.20487e-117 1.42608e-29 -4.38696e-30)
(-2.37709e-111 1.73707e-29 -5.3637e-30)
(-1.61809e-105 2.11715e-29 -6.57798e-30)
(-9.98593e-100 2.58322e-29 -8.1015e-30)
(-5.49238e-94 3.15763e-29 -1.00295e-29)
(-2.62211e-88 3.87074e-29 -1.24773e-29)
(-1.03643e-82 4.76565e-29 -1.55421e-29)
(-3.03549e-77 5.90809e-29 -1.91395e-29)
(-3.93917e-72 7.41345e-29 -2.24098e-29)
(2.03702e-66 9.53301e-29 -2.15505e-29)
(1.72497e-60 1.29165e-28 -5.44585e-31)
(6.81357e-55 1.88958e-28 1.10048e-28)
(1.58558e-49 2.10049e-28 5.73218e-28)
(4.29944e-279 1.59976e-31 -4.09663e-33)
(8.73646e-273 1.66143e-31 -1.24472e-32)
(1.7382e-266 1.78707e-31 -2.12794e-32)
(3.38395e-260 1.98159e-31 -3.09378e-32)
(6.44179e-254 2.25254e-31 -4.17967e-32)
(1.19821e-247 2.61043e-31 -5.42755e-32)
(2.17604e-241 3.06912e-31 -6.88543e-32)
(3.85526e-235 3.64634e-31 -8.60908e-32)
(6.65761e-229 4.36434e-31 -1.06641e-31)
(1.11959e-222 5.25074e-31 -1.31287e-31)
(1.83169e-216 6.33952e-31 -1.60962e-31)
(2.91231e-210 7.67239e-31 -1.96797e-31)
(4.49501e-204 9.30032e-31 -2.40166e-31)
(6.72682e-198 1.12857e-30 -2.92744e-31)
(9.74795e-192 1.37047e-30 -3.56586e-31)
(1.36596e-185 1.66505e-30 -4.34211e-31)
(1.84812e-179 2.02373e-30 -5.28703e-31)
(2.41036e-173 2.46046e-30 -6.43833e-31)
(3.02504e-167 2.99232e-30 -7.84191e-31)
(3.64618e-161 3.64015e-30 -9.55342e-31)
(4.21202e-155 4.42937e-30 -1.16401e-30)
(4.65251e-149 5.39091e-30 -1.41833e-30)
(4.90146e-143 6.56236e-30 -1.72816e-30)
(4.91114e-137 7.98937e-30 -2.10558e-30)
(4.66557e-131 9.72754e-30 -2.56571e-30)
(4.18772e-125 1.18449e-29 -3.12784e-30)
(3.53755e-119 1.44254e-29 -3.81728e-30)
(2.80001e-113 1.75742e-29 -4.6679e-30)
(2.06618e-107 2.14247e-29 -5.72574e-30)
(1.41328e-101 2.61496e-29 -7.05315e-30)
(8.90139e-96 3.19765e-29 -8.73194e-30)
(5.12258e-90 3.92115e-29 -1.08573e-29)
(2.66906e-84 4.82752e-29 -1.34942e-29)
(1.24549e-78 5.97636e-29 -1.64975e-29)
(5.1369e-73 7.45756e-29 -1.88667e-29)
(1.84236e-67 9.42445e-29 -1.64486e-29)
(5.62818e-62 1.21402e-28 7.02015e-30)
(1.42432e-56 1.53669e-28 1.11347e-28)
(2.8654e-51 8.91738e-29 4.42854e-28)
(-1.5176e-279 1.61492e-31 -3.4771e-33)
(-3.06948e-273 1.67717e-31 -1.05649e-32)
(-6.07724e-267 1.804e-31 -1.80614e-32)
(-1.17704e-260 2.00036e-31 -2.62593e-32)
(-2.22852e-254 2.27387e-31 -3.54761e-32)
(-4.1215e-248 2.63515e-31 -4.60679e-32)
(-7.43983e-242 3.09819e-31 -5.84421e-32)
(-1.30971e-235 3.68088e-31 -7.30721e-32)
(-2.2465e-229 4.4057e-31 -9.05151e-32)
(-3.75095e-223 5.3005e-31 -1.11433e-31)
(-6.09034e-217 6.39961e-31 -1.36621e-31)
(-9.60585e-211 7.7451e-31 -1.67037e-31)
(-1.47001e-204 9.38847e-31 -2.03847e-31)
(-2.18001e-198 1.13926e-30 -2.48475e-31)
(-3.12869e-192 1.38346e-30 -3.02663e-31)
(-4.33917e-186 1.68083e-30 -3.68549e-31)
(-5.80648e-180 2.04292e-30 -4.48753e-31)
(-7.48416e-174 2.4838e-30 -5.46476e-31)
(-9.27456e-168 3.02071e-30 -6.65615e-31)
(-1.10277e-161 3.67472e-30 -8.10895e-31)
(-1.25533e-155 4.47149e-30 -9.88029e-31)
(-1.36473e-149 5.44228e-30 -1.20392e-30)
(-1.41311e-143 6.62506e-30 -1.46695e-30)
(-1.38943e-137 8.06601e-30 -1.78738e-30)
(-1.2929e-131 9.82135e-30 -2.17808e-30)
(-1.13424e-125 1.196e-29 -2.65547e-30)
(-9.34071e-120 1.45671e-29 -3.2411e-30)
(-7.18529e-114 1.77494e-29 -3.96385e-30)
(-5.13353e-108 2.16428e-29 -4.8629e-30)
(-3.38374e-102 2.64229e-29 -5.99114e-30)
(-2.04157e-96 3.23207e-29 -7.41713e-30)
(-1.11688e-90 3.96431e-29 -9.21757e-30)
(-5.47671e-85 4.87982e-29 -1.14317e-29)
(-2.37289e-79 6.03145e-29 -1.38794e-29)
(-8.91972e-74 7.48232e-29 -1.55137e-29)
(-2.84031e-68 9.28591e-29 -1.21852e-29)
(-7.41758e-63 1.13434e-28 1.13403e-29)
(-1.5178e-57 1.22272e-28 1.03602e-28)
(-2.27451e-52 5.56187e-30 3.36107e-28)
(-8.7035e-278 1.62758e-31 -2.85221e-33)
(-1.7704e-271 1.69032e-31 -8.66623e-33)
(-3.52611e-265 1.81814e-31 -1.48156e-32)
(-6.87207e-259 2.01604e-31 -2.15403e-32)
(-1.30962e-252 2.29171e-31 -2.91007e-32)
(-2.43869e-246 2.65582e-31 -3.77892e-32)
(-4.43387e-240 3.12249e-31 -4.79397e-32)
(-7.8645e-234 3.70975e-31 -5.99407e-32)
(-1.35971e-227 4.44026e-31 -7.42492e-32)
(-2.28932e-221 5.34208e-31 -9.14084e-32)
(-3.74997e-215 6.44982e-31 -1.1207e-31)
(-5.96971e-209 7.80588e-31 -1.3702e-31)
(-9.22566e-203 9.46214e-31 -1.67215e-31)
(-1.38242e-196 1.1482e-30 -2.03822e-31)
(-2.00593e-190 1.39431e-30 -2.48272e-31)
(-2.81465e-184 1.69402e-30 -3.02319e-31)
(-3.81339e-178 2.05895e-30 -3.6811e-31)
(-4.98047e-172 2.5033e-30 -4.48274e-31)
(-6.25937e-166 3.04444e-30 -5.46006e-31)
(-7.55533e-160 3.70361e-30 -6.65187e-31)
(-8.74013e-154 4.5067e-30 -8.10502e-31)
(-9.66744e-148 5.48521e-30 -9.87618e-31)
(-1.0198e-141 6.67748e-30 -1.20341e-30)
(-1.02302e-135 8.13008e-30 -1.46633e-30)
(-9.72805e-130 9.89979e-30 -1.78692e-30)
(-8.7373e-124 1.20562e-29 -2.17869e-30)
(-7.38184e-118 1.46856e-29 -2.65939e-30)
(-5.83932e-112 1.7896e-29 -3.25277e-30)
(-4.30166e-106 2.18252e-29 -3.99105e-30)
(-2.9327e-100 2.66514e-29 -4.91757e-30)
(-1.83678e-94 3.26082e-29 -6.08788e-30)
(-1.04757e-88 4.00023e-29 -7.56183e-30)
(-5.38276e-83 4.92279e-29 -9.35995e-30)
(-2.45915e-77 6.07469e-29 -1.12925e-29)
(-9.82267e-72 7.493e-29 -1.23578e-29)
(-3.35537e-66 9.13717e-29 -8.7264e-30)
(-9.50494e-61 1.05933e-28 1.29028e-29)
(-2.13022e-55 9.5916e-29 8.9772e-29)
(-3.4751e-50 -4.98253e-29 2.62483e-28)
(2.28407e-278 1.63774e-31 -2.22294e-33)
(4.50516e-272 1.70087e-31 -6.75425e-33)
(8.69294e-266 1.82949e-31 -1.1547e-32)
(1.63974e-259 2.02862e-31 -1.6788e-32)
(3.02144e-253 2.306e-31 -2.26806e-32)
(5.43427e-247 2.67239e-31 -2.94522e-32)
(9.53223e-241 3.14197e-31 -3.73634e-32)
(1.62926e-234 3.73291e-31 -4.67168e-32)
(2.71094e-228 4.46797e-31 -5.78686e-32)
(4.38678e-222 5.37543e-31 -7.12422e-32)
(6.89612e-216 6.49009e-31 -8.73453e-32)
(1.05196e-209 7.85461e-31 -1.06791e-31)
(1.55521e-203 9.52122e-31 -1.30324e-31)
(2.2254e-197 1.15537e-30 -1.58855e-31)
(3.07774e-191 1.40302e-30 -1.93499e-31)
(4.10765e-185 1.7046e-30 -2.35622e-31)
(5.28162e-179 2.07181e-30 -2.86899e-31)
(6.53077e-173 2.51893e-30 -3.49378e-31)
(7.75039e-167 3.06346e-30 -4.25552e-31)
(8.80853e-161 3.72678e-30 -5.18444e-31)
(9.5646e-155 4.53493e-30 -6.31708e-31)
(9.8962e-149 5.51965e-30 -7.69763e-31)
(9.72833e-143 6.71952e-30 -9.37973e-31)
(9.05643e-137 8.18147e-30 -1.14292e-30)
(7.95487e-131 9.96272e-30 -1.39285e-30)
(6.56549e-125 1.21335e-29 -1.6983e-30)
(5.0677e-119 1.47807e-29 -2.07314e-30)
(3.63843e-113 1.80137e-29 -2.53593e-30)
(2.41462e-107 2.19716e-29 -3.11182e-30)
(1.47037e-101 2.68348e-29 -3.83455e-30)
(8.14432e-96 3.28386e-29 -4.74695e-30)
(4.06042e-90 4.02891e-29 -5.89362e-30)
(1.79873e-84 4.95672e-29 -7.28281e-30)
(6.96606e-79 6.10739e-29 -8.73899e-30)
(2.30909e-73 7.49465e-29 -9.38871e-30)
(6.36385e-68 8.9959e-29 -5.98466e-30)
(1.39608e-62 9.94101e-29 1.22492e-29)
(2.25624e-57 7.50035e-29 7.24498e-29)
(2.19948e-52 -8.5801e-29 1.87631e-28)
(4.75098e-275 1.64537e-31 -1.59024e-33)
(9.41549e-269 1.70879e-31 -4.83188e-33)
(1.82546e-262 1.83801e-31 -8.26054e-33)
(3.45995e-256 2.03807e-31 -1.20099e-32)
(6.40636e-250 2.31675e-31 -1.62254e-32)
(1.15786e-243 2.68484e-31 -2.10698e-32)
(2.04101e-237 3.15661e-31 -2.67294e-32)
(3.50585e-231 3.7503e-31 -3.34208e-32)
(5.86265e-225 4.48879e-31 -4.13987e-32)
(9.5348e-219 5.40049e-31 -5.09661e-32)
(1.50655e-212 6.52034e-31 -6.2486e-32)
(2.31e-206 7.89124e-31 -7.63972e-32)
(3.43293e-200 9.56561e-31 -9.32326e-32)
(4.93822e-194 1.16076e-30 -1.13643e-31)
(6.86617e-188 1.40956e-30 -1.38427e-31)
(9.2136e-182 1.71255e-30 -1.68561e-31)
(1.19123e-175 2.08146e-30 -2.05244e-31)
(1.48125e-169 2.53067e-30 -2.49942e-31)
(1.76797e-163 3.07775e-30 -3.04437e-31)
(2.02116e-157 3.74418e-30 -3.70894e-31)
(2.2079e-151 4.55613e-30 -4.51928e-31)
(2.29869e-145 5.54552e-30 -5.50699e-31)
(2.27431e-139 6.75112e-30 -6.71047e-31)
(2.13153e-133 8.2201e-30 -8.17687e-31)
(1.88558e-127 1.001e-29 -9.96517e-31)
(1.56803e-121 1.21915e-29 -1.21509e-30)
(1.22019e-115 1.48522e-29 -1.48335e-30)
(8.83883e-110 1.81021e-29 -1.81459e-30)
(5.92447e-104 2.20817e-29 -2.22683e-30)
(3.64901e-98 2.69726e-29 -2.74418e-30)
(2.04856e-92 3.30115e-29 -3.39702e-30)
(1.03831e-86 4.05037e-29 -4.2161e-30)
(4.69777e-81 4.98189e-29 -5.20298e-30)
(1.87181e-75 6.13076e-29 -6.21663e-30)
(6.46175e-70 7.49174e-29 -6.58081e-30)
(1.89482e-64 8.87679e-29 -3.83369e-30)
(4.60669e-59 9.42367e-29 9.91173e-30)
(9.00656e-54 5.95595e-29 5.27294e-29)
(1.3587e-48 -1.07449e-28 1.3495e-28)
(2.28626e-278 1.65047e-31 -9.55108e-34)
(4.51001e-272 1.71409e-31 -2.90207e-33)
(8.70333e-266 1.84371e-31 -4.96138e-33)
(1.64189e-259 2.04438e-31 -7.21333e-33)
(3.02575e-253 2.32392e-31 -9.74522e-33)
(5.44264e-247 2.69315e-31 -1.26549e-32)
(9.54802e-241 3.16639e-31 -1.60542e-32)
(1.63215e-234 3.76191e-31 -2.00731e-32)
(2.71605e-228 4.5027e-31 -2.48648e-32)
(4.39558e-222 5.41722e-31 -3.06112e-32)
(6.91078e-216 6.54055e-31 -3.75303e-32)
(1.05432e-209 7.91569e-31 -4.58855e-32)
(1.55891e-203 9.59525e-31 -5.59971e-32)
(2.23098e-197 1.16436e-30 -6.8256e-32)
(3.08589e-191 1.41392e-30 -8.31414e-32)
(4.11913e-185 1.71785e-30 -1.01241e-31)
(5.2972e-179 2.08791e-30 -1.23273e-31)
(6.55111e-173 2.53851e-30 -1.5012e-31)
(7.77591e-167 3.08729e-30 -1.82851e-31)
(8.83924e-161 3.75579e-30 -2.22768e-31)
(9.59996e-155 4.57029e-30 -2.7144e-31)
(9.93509e-149 5.56279e-30 -3.30767e-31)
(9.76906e-143 6.77221e-30 -4.03057e-31)
(9.09696e-137 8.24591e-30 -4.9114e-31)
(7.99304e-131 1.00416e-29 -5.98562e-31)
(6.59941e-125 1.22303e-29 -7.29866e-31)
(5.09601e-119 1.49e-29 -8.91021e-31)
(3.66052e-113 1.81612e-29 -1.09003e-30)
(2.43065e-107 2.21551e-29 -1.33773e-30)
(1.4811e-101 2.70645e-29 -1.64858e-30)
(8.21017e-96 3.31267e-29 -2.04073e-30)
(4.09707e-90 4.06463e-29 -2.53215e-30)
(1.81702e-84 4.9985e-29 -3.12203e-30)
(7.04655e-79 6.14577e-29 -3.71929e-30)
(2.33972e-73 7.48782e-29 -3.89664e-30)
(6.46161e-68 8.79112e-29 -2.12079e-30)
(1.42107e-62 9.06627e-29 6.4075e-30)
(2.30325e-57 4.94196e-29 3.21123e-29)
(2.25146e-52 -1.18598e-28 7.62545e-29)
(5.52704e-282 1.65301e-31 -3.18699e-34)
(1.0853e-275 1.71672e-31 -9.68367e-34)
(2.08473e-269 1.84654e-31 -1.65553e-33)
(3.91458e-263 2.04753e-31 -2.40696e-33)
(7.1802e-257 2.3275e-31 -3.2518e-33)
(1.28547e-250 2.6973e-31 -4.22269e-33)
(2.24437e-244 3.17127e-31 -5.35696e-33)
(3.81818e-238 3.76772e-31 -6.69802e-33)
(6.32315e-232 4.50965e-31 -8.29694e-33)
(1.01833e-225 5.42559e-31 -1.02144e-32)
(1.59317e-219 6.55066e-31 -1.25232e-32)
(2.41851e-213 7.92794e-31 -1.53112e-32)
(3.55807e-207 9.6101e-31 -1.86852e-32)
(5.06622e-201 1.16616e-30 -2.27757e-32)
(6.97168e-195 1.41611e-30 -2.77425e-32)
(9.25771e-189 1.7205e-30 -3.37817e-32)
(1.18428e-182 2.09113e-30 -4.11334e-32)
(1.45679e-176 2.54243e-30 -5.00915e-32)
(1.71977e-170 3.09205e-30 -6.10134e-32)
(1.94412e-164 3.76159e-30 -7.43329e-32)
(2.0995e-158 4.57736e-30 -9.05745e-32)
(2.1602e-152 5.57143e-30 -1.10372e-31)
(2.11143e-146 6.78277e-30 -1.34494e-31)
(1.95403e-140 8.25883e-30 -1.63888e-31)
(1.70588e-134 1.00575e-29 -1.99735e-31)
(1.39895e-128 1.22498e-29 -2.43552e-31)
(1.07254e-122 1.49239e-29 -2.97331e-31)
(7.64501e-117 1.81908e-29 -3.63746e-31)
(5.03387e-111 2.21919e-29 -4.46412e-31)
(3.03871e-105 2.71104e-29 -5.50153e-31)
(1.66646e-99 3.31842e-29 -6.81005e-31)
(8.21127e-94 4.07173e-29 -8.44898e-31)
(3.58542e-88 5.00672e-29 -1.04127e-30)
(1.36295e-82 6.1531e-29 -1.23867e-30)
(4.4047e-77 7.48537e-29 -1.29084e-30)
(1.17002e-71 8.74649e-29 -6.7732e-31)
(2.42348e-66 8.88416e-29 2.2141e-30)
(3.55339e-61 4.43602e-29 1.08816e-29)
(2.8802e-56 -1.26101e-28 2.12427e-29)
(5.79319e-05 1.79314e-21 5.62459e-22)
(1.80063e-05 2.58286e-21 1.23843e-21)
(1.79916e-05 1.59585e-21 7.63783e-22)
(1.79777e-05 7.25803e-22 3.62801e-22)
(-2.19752e-05 -8.03703e-23 -1.14476e-22)
(1.01686e-09 1.01983e-22 -4.41282e-22)
(-3.15608e-10 1.5435e-22 -1.78963e-22)
(8.1021e-11 7.46814e-23 -1.22683e-22)
(-3.16126e-10 2.9242e-23 -4.42886e-23)
(-5.96841e-11 6.96417e-24 -6.76538e-23)
(7.70507e-15 5.57977e-24 -2.44167e-23)
(-7.12693e-15 8.10094e-24 -9.75419e-24)
(2.41757e-16 3.61943e-24 -5.54935e-24)
(-1.88646e-15 1.78336e-24 -3.72309e-24)
(2.29621e-15 6.86958e-25 -3.4531e-24)
(2.04582e-20 2.92773e-25 -1.31207e-24)
(-5.29994e-20 4.24344e-25 -5.12896e-25)
(2.63219e-20 1.99358e-25 -3.15309e-25)
(5.78799e-21 1.10614e-25 -2.24042e-25)
(3.23928e-21 4.29248e-26 -1.73385e-25)
(-8.96564e-26 1.13453e-26 -6.20841e-26)
(-7.45666e-26 1.42835e-26 -2.23944e-26)
(2.78412e-25 2.58804e-27 -1.20628e-26)
(-7.96387e-26 -2.21938e-27 -6.11803e-27)
(-2.93508e-26 -1.86346e-27 -3.35928e-28)
)
;

boundaryField
{
    fixedWallsLeftTop
    {
        type            noSlip;
    }
    backFaceLeftTop
    {
        type            noSlip;
    }
    frontFaceLeftTop
    {
        type            noSlip;
    }
    symmetryWallLeftTop
    {
        type            zeroGradient;
    }
    topToBottom
    {
        type            noSlip;
    }
    plug
    {
        type            cyclicAMI;
        value           nonuniform List<vector> 
40
(
(-9.78349e-27 -2.83694e-27 6.89749e-27)
(-9.7835e-27 -3.51167e-27 6.98663e-27)
(-9.78366e-27 -2.87062e-27 7.00136e-27)
(-9.79492e-27 2.21475e-26 9.37833e-27)
(-1.43061e-26 -1.47317e-27 3.57506e-27)
(-9.79489e-27 -2.56146e-26 8.96227e-27)
(-9.78368e-27 -1.03853e-27 7.09163e-27)
(-9.78356e-27 -3.97193e-28 7.04565e-27)
(-2.65468e-26 -1.17606e-27 5.36272e-27)
(-2.65467e-26 -1.40112e-27 5.3696e-27)
(-2.65468e-26 -2.08961e-27 5.32008e-27)
(-2.65472e-26 -1.48043e-27 5.36718e-27)
(-2.65778e-26 2.34547e-26 7.64272e-27)
(-3.88174e-26 -7.99366e-28 9.03579e-28)
(-2.65777e-26 -2.4524e-26 7.35601e-27)
(-2.65464e-26 1.65174e-28 5.41215e-27)
(9.28051e-26 2.35402e-27 3.42278e-27)
(9.28044e-26 1.63975e-27 3.4842e-27)
(9.28043e-26 1.38191e-27 3.50304e-27)
(9.28044e-26 6.64563e-28 3.48866e-27)
(9.28059e-26 1.23868e-27 3.56297e-27)
(9.29134e-26 2.58384e-26 5.70341e-27)
(1.35703e-25 2.12102e-27 -2.02807e-27)
(9.29122e-26 -2.18185e-26 5.56943e-27)
(-2.48548e-26 6.56885e-27 -3.40784e-28)
(-2.48552e-26 7.06817e-27 -3.56414e-28)
(-2.48552e-26 6.29836e-27 -2.81562e-28)
(-2.48551e-26 5.98585e-27 -2.41115e-28)
(-2.48551e-26 5.22736e-27 -2.32949e-28)
(-2.48556e-26 5.71076e-27 -1.4972e-28)
(-2.4885e-26 2.90027e-26 1.75237e-27)
(-3.63446e-26 1.07513e-26 -7.56559e-27)
(-2.99204e-26 -1.40073e-26 -1.32138e-26)
(-2.98863e-26 5.36402e-27 -1.48585e-26)
(-2.98858e-26 5.54998e-27 -1.4856e-26)
(-2.98858e-26 4.62205e-27 -1.47912e-26)
(-2.98858e-26 4.09624e-27 -1.47707e-26)
(-2.98858e-26 3.36587e-27 -1.47838e-26)
(-2.98861e-26 3.19465e-27 -1.47875e-26)
(-2.99057e-26 1.36262e-26 -1.40913e-26)
)
;
    }
    fixedWallsChannel
    {
        type            noSlip;
    }
    inlet
    {
        type            fixedValue;
        value           uniform (1 0 0);
    }
    outlet
    {
        type            cyclicAMI;
        value           nonuniform List<vector> 5((-1.0495e-26 -1.93214e-27 6.98896e-27) (-2.84771e-26 -9.74752e-28 5.18095e-27) (9.95531e-26 1.69356e-27 3.14387e-27) (-2.66592e-26 9.61923e-27 -1.1675e-27) (-2.98927e-26 3.22646e-27 -1.45191e-26));
    }
    backFaceInletChannel
    {
        type            noSlip;
    }
    frontFaceInletChannel
    {
        type            noSlip;
    }
}


// ************************************************************************* //
