/*--------------------------------*- C++ -*----------------------------------*\
| =========                 |                                                 |
| \\      /  F ield         | OpenFOAM: The Open Source CFD Toolbox           |
|  \\    /   O peration     | Version:  4.1                                   |
|   \\  /    A nd           | Web:      www.OpenFOAM.org                      |
|    \\/     M anipulation  |                                                 |
\*---------------------------------------------------------------------------*/
FoamFile
{
    version     2.0;
    format      ascii;
    class       volVectorField;
    location    "7";
    object      U;
}
// * * * * * * * * * * * * * * * * * * * * * * * * * * * * * * * * * * * * * //

dimensions      [0 1 -1 0 0 0 0];

internalField   nonuniform List<vector> 
1705
(
(-6.76876e-61 -5.0617e-28 -6.99057e-30)
(-6.57136e-60 -2.14743e-28 1.64362e-29)
(2.01482e-60 -5.16526e-28 2.45545e-29)
(1.8018e-57 -7.65396e-28 4.86186e-30)
(6.48549e-55 -4.92822e-28 -1.59551e-29)
(1.52183e-52 -2.2922e-28 5.48451e-29)
(7.25229e-51 -5.6561e-28 1.64366e-29)
(1.97989e-48 -7.85478e-28 -1.17025e-29)
(3.19715e-46 -4.87118e-28 -2.51978e-29)
(1.02127e-43 -2.57626e-28 9.65264e-29)
(3.17469e-46 -6.2866e-28 6.87736e-30)
(1.55994e-48 -5.20826e-28 -9.94144e-30)
(3.23605e-50 -3.01862e-28 1.43099e-28)
(4.72018e-52 -6.93641e-28 3.1714e-29)
(1.08625e-49 -8.74632e-28 -1.92364e-30)
(2.35634e-47 -5.53542e-28 -2.18238e-29)
(1.4879e-46 -3.69945e-28 2.01933e-28)
(1.63819e-43 -8.08728e-28 2.20863e-29)
(1.35465e-45 -6.30121e-28 -4.66588e-30)
(2.27151e-47 -4.57336e-28 2.79851e-28)
(5.34513e-48 -9.32792e-28 5.79347e-29)
(1.49673e-45 -1.0643e-27 1.11537e-29)
(2.3461e-43 -7.14577e-28 -2.0572e-29)
(1.56369e-46 -5.76772e-28 3.76829e-28)
(9.96297e-48 -1.12337e-27 4.78922e-29)
(-3.91635e-45 -1.21334e-27 -1.31074e-29)
(-4.54178e-43 -8.28422e-28 -4.1858e-29)
(2.25196e-44 -7.2885e-28 5.00585e-28)
(-2.46001e-43 -1.36363e-27 3.12728e-29)
(-2.11374e-45 -1.00872e-27 -1.83565e-29)
(-3.77414e-46 -9.16433e-28 6.82455e-28)
(-4.49122e-43 -1.64585e-27 9.41472e-29)
(-6.69398e-45 -1.68312e-27 3.0952e-30)
(-4.76248e-43 -1.21701e-27 -4.83443e-29)
(5.3482e-45 -1.16937e-27 9.03701e-28)
(2.94858e-43 -2.0562e-27 7.59267e-29)
(2.43349e-40 -1.52135e-27 -1.01088e-29)
(1.15382e-37 -1.48447e-27 1.23594e-27)
(6.04313e-36 -2.55245e-27 1.81579e-28)
(3.82158e-33 -2.56695e-27 1.02789e-28)
(3.70145e-32 -2.78911e-27 8.03239e-27)
(3.39732e-32 -3.56135e-27 8.08358e-27)
(-6.02793e-33 -2.9253e-27 8.08017e-27)
(-3.64935e-30 2.90029e-26 1.11315e-26)
(7.12151e-31 -8.87115e-28 5.9308e-27)
(-3.63994e-30 -3.18111e-26 1.06037e-26)
(-1.05766e-32 -5.44409e-28 8.20259e-27)
(1.76729e-32 9.18467e-29 8.15554e-27)
(-1.71328e-31 -6.61704e-28 8.52599e-27)
(-1.64608e-31 -9.46241e-28 8.53058e-27)
(-1.68062e-31 -1.73447e-27 8.46779e-27)
(-2.82025e-31 -1.13671e-27 8.50633e-27)
(-1.02232e-29 3.07002e-26 1.14287e-26)
(1.91631e-30 4.2972e-28 6.18337e-27)
(-1.01807e-29 -3.03816e-26 1.10744e-26)
(-2.08375e-32 1.01789e-27 8.57909e-27)
(3.6121e-31 1.59139e-27 8.66307e-27)
(1.2245e-31 7.76733e-28 8.7347e-27)
(1.1979e-31 4.55415e-28 8.75246e-27)
(1.23891e-31 -3.66404e-28 8.73155e-27)
(5.23583e-31 1.94446e-28 8.80368e-27)
(3.58642e-29 3.16655e-26 1.15595e-26)
(-6.8729e-30 1.31794e-27 6.15899e-27)
(3.54395e-29 -2.91065e-26 1.14157e-26)
(1.06957e-31 2.10793e-27 8.36801e-27)
(1.14101e-31 2.58227e-27 8.36676e-27)
(1.17453e-31 1.7019e-27 8.45135e-27)
(1.20321e-31 1.31744e-27 8.49564e-27)
(1.2195e-31 4.42329e-28 8.50191e-27)
(7.23552e-33 9.12224e-28 8.58772e-27)
(-1.00955e-29 3.09503e-26 1.10643e-26)
(2.066e-30 5.74768e-27 5.43212e-27)
(-1.11873e-29 -2.34409e-26 9.16492e-27)
(-2.27123e-31 1.8922e-27 6.97116e-27)
(-1.05634e-31 2.03156e-27 6.97982e-27)
(-1.05685e-31 9.50826e-28 7.05492e-27)
(-1.06987e-31 3.1772e-28 7.07769e-27)
(-1.08995e-31 -5.46046e-28 7.06054e-27)
(-1.80089e-31 -7.91856e-28 7.05198e-27)
(-6.46877e-30 1.28619e-26 7.99844e-27)
(4.15112e-31 1.10097e-26 6.71993e-28)
(2.70347e-35 -3.66404e-28 -1.82467e-28)
(1.45031e-36 -3.8019e-28 1.18852e-30)
(3.07745e-40 -2.66121e-28 -1.60497e-28)
(6.03695e-42 -2.95906e-28 -1.23067e-29)
(2.24576e-45 -2.82276e-28 -1.44422e-28)
(1.43715e-47 -2.1161e-28 -1.07672e-28)
(3.17149e-46 -1.99304e-28 -3.70523e-30)
(3.88501e-43 -2.1468e-28 -9.91301e-29)
(-3.64839e-43 -1.52879e-28 -7.57456e-29)
(-3.45803e-46 -1.56836e-28 1.79578e-31)
(-7.4208e-48 -1.14572e-28 -7.23849e-29)
(1.31766e-46 -1.38576e-28 -6.46321e-30)
(2.18554e-43 -1.59277e-28 -6.92428e-29)
(-3.45013e-43 -9.43899e-29 -5.39679e-29)
(-3.37337e-46 -1.13076e-28 -3.44812e-30)
(-5.44593e-47 -8.53856e-29 -5.225e-29)
(-1.69918e-43 -1.06078e-28 -8.172e-30)
(3.21803e-43 -1.23626e-28 -5.12356e-29)
(-3.2991e-43 -5.64788e-29 -4.04068e-29)
(-3.17281e-46 -8.79447e-29 -5.21216e-30)
(-1.23591e-47 -1.08096e-28 -3.9129e-29)
(-1.18118e-47 -4.41753e-29 -3.19763e-29)
(-3.03796e-46 -7.32025e-29 -2.24114e-30)
(-3.02285e-43 -5.80096e-29 -3.09807e-29)
(-3.04042e-46 -7.17151e-29 -5.16964e-30)
(-1.18802e-47 -7.91034e-29 -2.98595e-29)
(-1.19794e-47 -2.68142e-29 -2.4439e-29)
(-3.09334e-46 -4.94673e-29 -2.42054e-30)
(-3.09378e-43 -4.04585e-29 -2.40055e-29)
(-6.04003e-46 -4.76288e-29 -4.105e-30)
(-2.90529e-43 -4.92488e-29 -2.33577e-29)
(-1.04417e-46 -1.50777e-29 -1.96063e-29)
(-3.12565e-46 -2.87835e-29 -1.81211e-30)
(-3.0137e-43 -3.18882e-29 -1.92767e-29)
(-9.6994e-47 -1.08345e-29 -1.7279e-29)
(-5.49454e-48 -6.0276e-30 -6.4005e-32)
(-1.11568e-47 -7.85878e-30 -1.76533e-29)
(-2.82718e-46 -2.55573e-30 4.48475e-31)
(-2.79253e-43 2.24896e-30 -1.77366e-29)
(-2.51467e-279 2.73878e-33 -1.36939e-32)
(-6.28246e-273 2.84528e-33 -4.16048e-32)
(-1.53824e-266 3.0618e-33 -7.1123e-32)
(-3.68872e-260 3.39646e-33 -1.03404e-31)
(-8.65739e-254 3.86198e-33 -1.39697e-31)
(-1.98718e-247 4.47592e-33 -1.81406e-31)
(-4.45745e-241 5.26144e-33 -2.30132e-31)
(-9.76289e-235 6.24824e-33 -2.87739e-31)
(-2.08607e-228 7.47386e-33 -3.56418e-31)
(-4.34444e-222 8.98529e-33 -4.38775e-31)
(-8.80961e-216 1.08411e-32 -5.37935e-31)
(-1.73754e-209 1.31139e-32 -6.57671e-31)
(-3.32942e-203 1.58936e-32 -8.02567e-31)
(-6.19049e-197 1.92907e-32 -9.7822e-31)
(-1.11539e-190 2.34403e-32 -1.19148e-30)
(-1.94472e-184 2.85064e-32 -1.45073e-30)
(-3.27594e-178 3.46863e-32 -1.76622e-30)
(-5.32273e-172 4.22161e-32 -2.15046e-30)
(-8.32639e-166 5.13762e-32 -2.61857e-30)
(-1.2515e-159 6.24989e-32 -3.18879e-30)
(-1.80342e-153 7.59782e-32 -3.88295e-30)
(-2.48541e-147 9.22832e-32 -4.72704e-30)
(-3.26713e-141 1.11975e-31 -5.7519e-30)
(-4.08407e-135 1.35728e-31 -6.9941e-30)
(-4.83857e-129 1.64357e-31 -8.4971e-30)
(-5.41234e-123 1.9882e-31 -1.03127e-29)
(-5.69143e-117 2.40204e-31 -1.25024e-29)
(-5.5985e-111 2.89623e-31 -1.51391e-29)
(-5.12203e-105 3.47979e-31 -1.83067e-29)
(-4.32927e-99 4.15436e-31 -2.20963e-29)
(-3.35372e-93 4.90371e-31 -2.65946e-29)
(-2.35834e-87 5.67378e-31 -3.1857e-29)
(-1.48777e-81 6.33664e-31 -3.78511e-29)
(-8.29647e-76 6.63095e-31 -4.43516e-29)
(-4.01245e-70 6.07743e-31 -5.07615e-29)
(-1.6408e-64 3.9031e-31 -5.58523e-29)
(-5.47598e-59 -8.74454e-32 -5.75101e-29)
(-1.41558e-53 -8.8758e-31 -5.28111e-29)
(-2.60729e-48 -1.94879e-30 -3.99535e-29)
(-9.13036e-283 8.21487e-33 -1.36785e-32)
(-2.26809e-276 8.53322e-33 -4.15587e-32)
(-5.5214e-270 9.18084e-33 -7.1045e-32)
(-1.31633e-263 1.01825e-32 -1.0329e-31)
(-3.0712e-257 1.15765e-32 -1.39543e-31)
(-7.00736e-251 1.34162e-32 -1.81205e-31)
(-1.56231e-244 1.57717e-32 -2.29877e-31)
(-3.40082e-238 1.8733e-32 -2.8742e-31)
(-7.22139e-232 2.24135e-32 -3.56023e-31)
(-1.49441e-225 2.69544e-32 -4.38289e-31)
(-3.01088e-219 3.2531e-32 -5.3734e-31)
(-5.89963e-213 3.93598e-32 -6.56942e-31)
(-1.12296e-206 4.77069e-32 -8.01675e-31)
(-2.07381e-200 5.78986e-32 -9.77128e-31)
(-3.71075e-194 7.03334e-32 -1.19014e-30)
(-6.42416e-188 8.54959e-32 -1.4491e-30)
(-1.07437e-181 1.03973e-31 -1.76423e-30)
(-1.73273e-175 1.26473e-31 -2.14804e-30)
(-2.68998e-169 1.53846e-31 -2.61562e-30)
(-4.01163e-163 1.87111e-31 -3.18522e-30)
(-5.73426e-157 2.27485e-31 -3.87864e-30)
(-7.83697e-151 2.76425e-31 -4.72184e-30)
(-1.02127e-144 3.35673e-31 -5.74564e-30)
(-1.26512e-138 4.07301e-31 -6.98658e-30)
(-1.48465e-132 4.93762e-31 -8.48807e-30)
(-1.64411e-126 5.97883e-31 -1.03018e-29)
(-1.71051e-120 7.22783e-31 -1.24895e-29)
(-1.66339e-114 8.71568e-31 -1.5124e-29)
(-1.50297e-108 1.04663e-30 -1.82893e-29)
(-1.25303e-102 1.24815e-30 -2.20771e-29)
(-9.55846e-97 1.47107e-30 -2.65754e-29)
(-6.60399e-91 1.69928e-30 -3.18417e-29)
(-4.08044e-85 1.89499e-30 -3.78478e-29)
(-2.21836e-79 1.98083e-30 -4.43753e-29)
(-1.03847e-73 1.81412e-30 -5.08372e-29)
(-4.06121e-68 1.16339e-30 -5.60145e-29)
(-1.26739e-62 -2.68268e-31 -5.77894e-29)
(-2.91632e-57 -2.67181e-30 -5.32051e-29)
(-4.14246e-52 -5.68376e-30 -4.00227e-29)
(1.40013e-280 1.36809e-32 -1.36361e-32)
(3.47439e-274 1.42097e-32 -4.14301e-32)
(8.44857e-268 1.52861e-32 -7.08253e-32)
(2.01186e-261 1.69515e-32 -1.02971e-31)
(4.68833e-255 1.92703e-32 -1.39112e-31)
(1.06838e-248 2.23318e-32 -1.80646e-31)
(2.37895e-242 2.62539e-32 -2.29168e-31)
(5.1717e-236 3.11875e-32 -2.86534e-31)
(1.0967e-229 3.73222e-32 -3.54926e-31)
(2.26645e-223 4.4894e-32 -4.36939e-31)
(4.56006e-217 5.41943e-32 -5.35684e-31)
(8.92271e-211 6.55813e-32 -6.54917e-31)
(1.69601e-204 7.94939e-32 -7.99203e-31)
(3.12775e-198 9.64689e-32 -9.74112e-31)
(5.58896e-192 1.17162e-31 -1.18647e-30)
(9.66284e-186 1.42372e-31 -1.44462e-30)
(1.61392e-179 1.73069e-31 -1.75878e-30)
(2.59974e-173 2.10434e-31 -2.1414e-30)
(4.03141e-167 2.55894e-31 -2.60755e-30)
(6.00608e-161 3.11172e-31 -3.17541e-30)
(8.57783e-155 3.78344e-31 -3.86673e-30)
(1.17156e-148 4.59901e-31 -4.7074e-30)
(1.52609e-142 5.58811e-31 -5.72815e-30)
(1.8903e-136 6.78591e-31 -6.96544e-30)
(2.219e-130 8.23337e-31 -8.46258e-30)
(2.45932e-124 9.977e-31 -1.02712e-29)
(2.56236e-118 1.20671e-30 -1.2453e-29)
(2.49741e-112 1.45526e-30 -1.50808e-29)
(2.26407e-106 1.74699e-30 -1.82391e-29)
(1.89645e-100 2.08188e-30 -2.20207e-29)
(1.45616e-94 2.45143e-30 -2.65156e-29)
(1.01522e-88 2.82926e-30 -3.17856e-29)
(6.3522e-83 3.15364e-30 -3.78106e-29)
(3.51522e-77 3.29767e-30 -4.43863e-29)
(1.68838e-71 3.02558e-30 -5.09461e-29)
(6.86416e-66 1.95152e-30 -5.62919e-29)
(2.28096e-60 -4.26849e-31 -5.83008e-29)
(5.88177e-55 -4.44896e-30 -5.39159e-29)
(1.08154e-49 -9.41368e-30 -4.02145e-29)
(-2.45031e-279 1.91256e-32 -1.35728e-32)
(-6.12377e-273 1.98642e-32 -4.12377e-32)
(-1.49991e-266 2.13677e-32 -7.04966e-32)
(-3.59811e-260 2.36946e-32 -1.02493e-31)
(-8.44783e-254 2.69349e-32 -1.38467e-31)
(-1.93981e-247 3.12139e-32 -1.79808e-31)
(-4.35288e-241 3.66968e-32 -2.28106e-31)
(-9.53765e-235 4.35949e-32 -2.85206e-31)
(-2.03878e-228 5.21739e-32 -3.53282e-31)
(-4.24775e-222 6.2764e-32 -4.34915e-31)
(-8.61734e-216 7.5772e-32 -5.33202e-31)
(-1.70039e-209 9.16975e-32 -6.51882e-31)
(-3.25979e-203 1.11152e-31 -7.95497e-31)
(-6.06405e-197 1.34883e-31 -9.69595e-31)
(-1.09318e-190 1.63802e-31 -1.18096e-30)
(-1.90704e-184 1.99023e-31 -1.43792e-30)
(-3.21435e-178 2.41901e-31 -1.75062e-30)
(-5.22593e-172 2.94084e-31 -2.13147e-30)
(-8.18041e-166 3.57576e-31 -2.59548e-30)
(-1.23044e-159 4.34801e-31 -3.16073e-30)
(-1.77445e-153 5.28685e-31 -3.84889e-30)
(-2.44755e-147 6.42741e-31 -4.68574e-30)
(-3.22034e-141 7.81158e-31 -5.7019e-30)
(-4.02969e-135 9.4888e-31 -6.93367e-30)
(-4.77954e-129 1.15165e-30 -8.42425e-30)
(-5.35306e-123 1.39594e-30 -1.02252e-29)
(-5.63708e-117 1.68872e-30 -1.2398e-29)
(-5.55393e-111 2.03677e-30 -1.50159e-29)
(-5.09054e-105 2.44509e-30 -1.8164e-29)
(-4.31167e-99 2.91372e-30 -2.19362e-29)
(-3.34817e-93 3.43115e-30 -2.64259e-29)
(-2.36108e-87 3.96145e-30 -3.17013e-29)
(-1.49445e-81 4.42017e-30 -3.77541e-29)
(-8.36667e-76 4.63259e-30 -4.44009e-29)
(-4.06568e-70 4.27142e-30 -5.11064e-29)
(-1.67222e-64 2.79501e-30 -5.67049e-29)
(-5.62059e-59 -5.1565e-31 -5.90695e-29)
(-1.4652e-53 -6.18421e-30 -5.50024e-29)
(-2.72008e-48 -1.35078e-29 -4.12972e-29)
(5.68888e-281 2.45408e-32 -1.34885e-32)
(1.41095e-274 2.54879e-32 -4.09818e-32)
(3.42913e-268 2.74164e-32 -7.00593e-32)
(8.1613e-262 3.04014e-32 -1.01857e-31)
(1.9008e-255 3.45585e-32 -1.37608e-31)
(4.32905e-249 4.00485e-32 -1.78694e-31)
(9.63369e-243 4.70838e-32 -2.26692e-31)
(2.09302e-236 5.59358e-32 -2.83438e-31)
(4.43564e-230 6.69457e-32 -3.51092e-31)
(9.16075e-224 8.05369e-32 -4.3222e-31)
(1.84189e-217 9.72314e-32 -5.29898e-31)
(3.60156e-211 1.1767e-31 -6.47841e-31)
(6.84091e-205 1.42635e-31 -7.90565e-31)
(1.26066e-198 1.73084e-31 -9.63582e-31)
(2.25095e-192 2.10185e-31 -1.17364e-30)
(3.88863e-186 2.55365e-31 -1.429e-30)
(6.48961e-180 3.10361e-31 -1.73977e-30)
(1.04448e-173 3.77291e-31 -2.11826e-30)
(1.61825e-167 4.58729e-31 -2.57941e-30)
(2.40869e-161 5.57796e-31 -3.14119e-30)
(3.4368e-155 6.78261e-31 -3.82514e-30)
(4.68932e-149 8.24651e-31 -4.6569e-30)
(6.10208e-143 1.00236e-30 -5.66692e-30)
(7.5502e-137 1.21777e-30 -6.89134e-30)
(8.85307e-131 1.47823e-30 -8.37316e-30)
(9.8003e-125 1.79209e-30 -1.01638e-29)
(1.01983e-118 2.16828e-30 -1.23248e-29)
(9.927e-113 2.61552e-30 -1.49295e-29)
(8.98743e-107 3.14036e-30 -1.80638e-29)
(7.51771e-101 3.74319e-30 -2.18235e-29)
(5.7642e-95 4.41006e-30 -2.6306e-29)
(4.01303e-89 5.09647e-30 -3.15878e-29)
(2.50748e-83 5.69694e-30 -3.76764e-29)
(1.38583e-77 5.99143e-30 -4.44161e-29)
(6.64895e-72 5.56357e-30 -5.13136e-29)
(2.70102e-66 3.71436e-30 -5.72493e-29)
(8.97254e-61 -5.06796e-31 -6.00967e-29)
(2.31506e-55 -7.84978e-30 -5.65143e-29)
(4.2755e-50 -1.75707e-29 -4.3303e-29)
(-1.62462e-279 2.9918e-32 -1.33834e-32)
(-4.11106e-273 3.10722e-32 -4.06627e-32)
(-1.01937e-266 3.34228e-32 -6.95139e-32)
(-2.47514e-260 3.70614e-32 -1.01065e-31)
(-5.88109e-254 4.2129e-32 -1.36538e-31)
(-1.36643e-247 4.88218e-32 -1.77303e-31)
(-3.10209e-241 5.73987e-32 -2.24928e-31)
(-6.87537e-235 6.81909e-32 -2.81234e-31)
(-1.48639e-228 8.16144e-32 -3.48361e-31)
(-3.13155e-222 9.81855e-32 -4.28858e-31)
(-6.42307e-216 1.1854e-31 -5.25776e-31)
(-1.2812e-209 1.43458e-31 -6.42801e-31)
(-2.48251e-203 1.73895e-31 -7.84415e-31)
(-4.66687e-197 2.11015e-31 -9.56085e-31)
(-8.50059e-191 2.56241e-31 -1.16451e-30)
(-1.4981e-184 3.11312e-31 -1.41788e-30)
(-2.55052e-178 3.78345e-31 -1.72624e-30)
(-4.18779e-172 4.59924e-31 -2.1018e-30)
(-6.6193e-166 5.59191e-31 -2.55938e-30)
(-1.00518e-159 6.79957e-31 -3.11682e-30)
(-1.46325e-153 8.26829e-31 -3.79552e-30)
(-2.037e-147 1.00534e-30 -4.62092e-30)
(-2.70452e-141 1.22209e-30 -5.62328e-30)
(-3.4144e-135 1.48485e-30 -6.8385e-30)
(-4.08515e-129 1.80264e-30 -8.30939e-30)
(-4.61453e-123 2.18565e-30 -1.00872e-29)
(-4.90007e-117 2.64482e-30 -1.22333e-29)
(-4.86736e-111 3.1909e-30 -1.48215e-29)
(-4.49699e-105 3.83218e-30 -1.79384e-29)
(-3.83874e-99 4.56975e-30 -2.16823e-29)
(-3.00371e-93 5.38788e-30 -2.61553e-29)
(-2.13401e-87 6.23477e-30 -3.14439e-29)
(-1.3606e-81 6.98609e-30 -3.75751e-29)
(-7.67204e-76 7.37977e-30 -4.44276e-29)
(-3.75443e-70 6.91381e-30 -5.15618e-29)
(-1.55487e-64 4.73059e-30 -5.7919e-29)
(-5.26098e-59 -3.70184e-31 -6.13823e-29)
(-1.38024e-53 -9.4172e-30 -5.84152e-29)
(-2.58268e-48 -2.19029e-29 -4.48866e-29)
(-1.73417e-279 3.5249e-32 -1.32577e-32)
(-4.38648e-273 3.66085e-32 -4.02809e-32)
(-1.08723e-266 3.93777e-32 -6.88614e-32)
(-2.63893e-260 4.36644e-32 -1.00116e-31)
(-6.26804e-254 4.96347e-32 -1.35256e-31)
(-1.45584e-247 5.752e-32 -1.7564e-31)
(-3.30398e-241 6.76254e-32 -2.22818e-31)
(-7.32054e-235 8.03412e-32 -2.78595e-31)
(-1.58216e-228 9.61575e-32 -3.45093e-31)
(-3.33237e-222 1.15683e-31 -4.24835e-31)
(-6.8331e-216 1.39666e-31 -5.20843e-31)
(-1.36264e-209 1.69025e-31 -6.3677e-31)
(-2.63964e-203 2.04885e-31 -7.77054e-31)
(-4.96109e-197 2.48618e-31 -9.47113e-31)
(-9.03445e-191 3.01901e-31 -1.15358e-30)
(-1.59184e-184 3.66778e-31 -1.40458e-30)
(-2.70954e-178 4.45748e-31 -1.71005e-30)
(-4.44799e-172 5.41855e-31 -2.08209e-30)
(-7.02921e-166 6.58804e-31 -2.5354e-30)
(-1.06722e-159 8.01091e-31 -3.08766e-30)
(-1.55328e-153 9.74153e-31 -3.76007e-30)
(-2.16193e-147 1.18452e-30 -4.57785e-30)
(-2.86986e-141 1.43999e-30 -5.57102e-30)
(-3.62247e-135 1.74974e-30 -6.77523e-30)
(-4.33329e-129 2.12442e-30 -8.233e-30)
(-4.89389e-123 2.57608e-30 -9.99536e-30)
(-5.19571e-117 3.11774e-30 -1.21237e-29)
(-5.15997e-111 3.76226e-30 -1.4692e-29)
(-4.76633e-105 4.51987e-30 -1.7788e-29)
(-4.06777e-99 5.39277e-30 -2.15123e-29)
(-3.18224e-93 6.36423e-30 -2.5973e-29)
(-2.2604e-87 7.37666e-30 -3.12681e-29)
(-1.44098e-81 8.28952e-30 -3.74474e-29)
(-8.12525e-76 8.80286e-30 -4.44305e-29)
(-3.97739e-70 8.33368e-30 -5.18435e-29)
(-1.64873e-64 5.86526e-30 -5.87061e-29)
(-5.59074e-59 -7.30301e-32 -6.29262e-29)
(-1.47341e-53 -1.08443e-29 -6.08208e-29)
(-2.7772e-48 -2.62112e-29 -4.83584e-29)
(-6.60585e-283 4.05256e-32 -1.31116e-32)
(-1.66113e-276 4.20884e-32 -3.98371e-32)
(-4.09291e-270 4.52719e-32 -6.81027e-32)
(-9.87477e-264 5.02e-32 -9.90132e-32)
(-2.33124e-257 5.7064e-32 -1.33767e-31)
(-5.38138e-251 6.61297e-32 -1.73705e-31)
(-1.21369e-244 7.7748e-32 -2.20364e-31)
(-2.67217e-238 9.23677e-32 -2.75527e-31)
(-5.73835e-232 1.10552e-31 -3.41293e-31)
(-1.20078e-225 1.33001e-31 -4.20156e-31)
(-2.44603e-219 1.60575e-31 -5.15107e-31)
(-4.8452e-213 1.94331e-31 -6.29757e-31)
(-9.32215e-207 2.35559e-31 -7.68496e-31)
(-1.73995e-200 2.85838e-31 -9.36682e-31)
(-3.14627e-194 3.47094e-31 -1.14087e-30)
(-5.50388e-188 4.21679e-31 -1.38911e-30)
(-9.29987e-182 5.12466e-31 -1.69122e-30)
(-1.51525e-175 6.22955e-31 -2.05919e-30)
(-2.37623e-169 7.5741e-31 -2.50753e-30)
(-3.57941e-163 9.21007e-31 -3.05375e-30)
(-5.16755e-157 1.12e-30 -3.71883e-30)
(-7.13251e-151 1.36192e-30 -4.52776e-30)
(-9.38644e-145 1.65573e-30 -5.51023e-30)
(-1.17419e-138 2.01203e-30 -6.70161e-30)
(-1.39146e-132 2.44309e-30 -8.14412e-30)
(-1.55604e-126 2.96285e-30 -9.8885e-30)
(-1.63484e-120 3.58643e-30 -1.19961e-29)
(-1.6056e-114 4.32892e-30 -1.45411e-29)
(-1.46538e-108 5.20269e-30 -1.76123e-29)
(-1.23426e-102 6.21153e-30 -2.13134e-29)
(-9.51523e-97 7.3386e-30 -2.57585e-29)
(-6.64707e-91 8.52223e-30 -3.10588e-29)
(-4.15557e-85 9.60877e-30 -3.72899e-29)
(-2.28835e-79 1.02655e-29 -4.44188e-29)
(-1.08689e-73 9.83433e-30 -5.21493e-29)
(-4.32463e-68 7.14036e-30 -5.96004e-29)
(-1.37989e-62 4.2015e-31 -6.47242e-29)
(-3.27957e-57 -1.20849e-29 -6.36429e-29)
(-4.95534e-52 -3.00846e-29 -5.18607e-29)
(-5.87311e-284 4.57397e-32 -1.29453e-32)
(-2.0588e-277 4.75034e-32 -3.93318e-32)
(-6.47148e-271 5.10962e-32 -6.72391e-32)
(-1.8906e-264 5.66583e-32 -9.77577e-32)
(-5.22183e-258 6.44053e-32 -1.3207e-31)
(-1.37626e-251 7.46375e-32 -1.71503e-31)
(-3.48002e-245 8.77508e-32 -2.1757e-31)
(-8.47023e-239 1.04252e-31 -2.72034e-31)
(-1.98837e-232 1.24777e-31 -3.36967e-31)
(-4.50694e-226 1.50115e-31 -4.1483e-31)
(-9.86929e-220 1.81237e-31 -5.08577e-31)
(-2.08814e-213 2.19337e-31 -6.21773e-31)
(-4.26784e-207 2.65869e-31 -7.58753e-31)
(-8.42208e-201 3.22616e-31 -9.24806e-31)
(-1.60353e-194 3.91752e-31 -1.12641e-30)
(-2.94288e-188 4.75931e-31 -1.3715e-30)
(-5.20005e-182 5.78396e-31 -1.66979e-30)
(-8.83486e-176 7.031e-31 -2.03311e-30)
(-1.44103e-169 8.54858e-31 -2.47579e-30)
(-2.25249e-163 1.03952e-30 -3.01515e-30)
(-3.36741e-157 1.26415e-30 -3.67188e-30)
(-4.80387e-151 1.53726e-30 -4.47071e-30)
(-6.52282e-145 1.86899e-30 -5.441e-30)
(-8.40572e-139 2.27133e-30 -6.61776e-30)
(-1.02467e-132 2.7582e-30 -8.04284e-30)
(-1.17716e-126 3.34542e-30 -9.7667e-30)
(-1.26901e-120 4.05025e-30 -1.18505e-29)
(-1.27738e-114 4.89014e-30 -1.43688e-29)
(-1.19366e-108 5.87986e-30 -1.74115e-29)
(-1.02843e-102 7.02524e-30 -2.10852e-29)
(-8.10318e-97 8.31034e-30 -2.55109e-29)
(-5.78078e-91 9.67132e-30 -3.08141e-29)
(-3.68795e-85 1.0945e-29 -3.70988e-29)
(-2.07092e-79 1.17717e-29 -4.43854e-29)
(-1.00231e-73 1.14263e-29 -5.24685e-29)
(-4.06067e-68 8.57818e-30 -6.05889e-29)
(-1.31799e-62 1.14759e-30 -6.67713e-29)
(-3.18262e-57 -1.31029e-29 -6.69218e-29)
(-4.88116e-52 -3.41606e-29 -5.50291e-29)
(-2.06292e-280 5.08832e-32 -1.2759e-32)
(-6.7189e-274 5.2845e-32 -3.87659e-32)
(-2.02842e-267 5.68418e-32 -6.62717e-32)
(-5.78353e-261 6.30293e-32 -9.63514e-32)
(-1.57315e-254 7.16474e-32 -1.30171e-31)
(-4.10605e-248 8.30302e-32 -1.69036e-31)
(-1.03204e-241 9.76184e-32 -2.14441e-31)
(-2.50343e-235 1.15975e-31 -2.68122e-31)
(-5.868e-229 1.38809e-31 -3.32121e-31)
(-1.33001e-222 1.66997e-31 -4.08864e-31)
(-2.91565e-216 2.0162e-31 -5.01263e-31)
(-6.18132e-210 2.44004e-31 -6.12831e-31)
(-1.26687e-203 2.9577e-31 -7.4784e-31)
(-2.50855e-197 3.58898e-31 -9.11505e-31)
(-4.79513e-191 4.35806e-31 -1.11021e-30)
(-8.83953e-185 5.2945e-31 -1.35178e-30)
(-1.56962e-178 6.43436e-31 -1.64579e-30)
(-2.68099e-172 7.82165e-31 -2.00389e-30)
(-4.39795e-166 9.50996e-31 -2.44024e-30)
(-6.91652e-160 1.15644e-30 -2.9719e-30)
(-1.04073e-153 1.40638e-30 -3.61928e-30)
(-1.49493e-147 1.71027e-30 -4.40679e-30)
(-2.04473e-141 2.07945e-30 -5.36342e-30)
(-2.65546e-135 2.52726e-30 -6.52377e-30)
(-3.26384e-129 3.06927e-30 -7.9293e-30)
(-3.78273e-123 3.72322e-30 -9.63009e-30)
(-4.11664e-117 4.50856e-30 -1.16872e-29)
(-4.18639e-111 5.4452e-30 -1.41752e-29)
(-3.95597e-105 6.55054e-30 -1.71853e-29)
(-3.45078e-99 7.83302e-30 -2.08273e-29)
(-2.75693e-93 9.27864e-30 -2.52293e-29)
(-1.99834e-87 1.08235e-29 -3.05319e-29)
(-1.29899e-81 1.22988e-29 -3.68698e-29)
(-7.46274e-76 1.33249e-29 -4.43225e-29)
(-3.71858e-70 1.31191e-29 -5.2788e-29)
(-1.56722e-64 1.02011e-29 -6.16561e-29)
(-5.39389e-59 2.15093e-30 -6.90604e-29)
(-1.43893e-53 -1.38458e-29 -7.07044e-29)
(-2.73307e-48 -3.80767e-29 -6.04349e-29)
(-5.75605e-284 5.59482e-32 -1.25531e-32)
(-2.03029e-277 5.81052e-32 -3.81402e-32)
(-6.404e-271 6.24997e-32 -6.52022e-32)
(-1.87509e-264 6.9303e-32 -9.47966e-32)
(-5.1872e-258 7.8779e-32 -1.2807e-31)
(-1.36877e-251 9.12949e-32 -1.66309e-31)
(-3.46437e-245 1.07335e-31 -2.10981e-31)
(-8.43866e-239 1.2752e-31 -2.63796e-31)
(-1.98225e-232 1.52627e-31 -3.26762e-31)
(-4.49557e-226 1.83622e-31 -4.02268e-31)
(-9.84919e-220 2.21692e-31 -4.93176e-31)
(-2.08479e-213 2.68296e-31 -6.02944e-31)
(-4.26266e-207 3.25214e-31 -7.35774e-31)
(-8.41486e-201 3.94626e-31 -8.96799e-31)
(-1.60268e-194 4.7919e-31 -1.0923e-30)
(-2.94223e-188 5.82154e-31 -1.32998e-30)
(-5.20042e-182 7.07487e-31 -1.61925e-30)
(-8.83795e-176 8.60028e-31 -1.97159e-30)
(-1.44193e-169 1.04568e-30 -2.40094e-30)
(-2.25449e-163 1.2716e-30 -2.92407e-30)
(-3.37129e-157 1.54646e-30 -3.56112e-30)
(-4.81068e-151 1.88069e-30 -4.33609e-30)
(-6.53386e-145 2.28677e-30 -5.2776e-30)
(-8.42234e-139 2.77942e-30 -6.41979e-30)
(-1.027e-132 3.37585e-30 -7.80365e-30)
(-1.18023e-126 4.09572e-30 -9.47884e-30)
(-1.27277e-120 4.96071e-30 -1.15061e-29)
(-1.28167e-114 5.99332e-30 -1.39604e-29)
(-1.19821e-108 7.21387e-30 -1.69339e-29)
(-1.0329e-102 8.63391e-30 -2.05395e-29)
(-8.14339e-97 1.02425e-29 -2.49128e-29)
(-5.81385e-91 1.1978e-29 -3.02101e-29)
(-3.71254e-85 1.36703e-29 -3.65985e-29)
(-2.0873e-79 1.49275e-29 -4.42213e-29)
(-1.01192e-73 1.49213e-29 -5.30932e-29)
(-4.10948e-68 1.20312e-29 -6.27826e-29)
(-1.33892e-62 3.47553e-30 -7.15806e-29)
(-3.2558e-57 -1.42564e-29 -7.49673e-29)
(-5.07905e-52 -4.22807e-29 -6.59145e-29)
(-1.24312e-282 6.09269e-32 -1.23278e-32)
(-3.0667e-276 6.32758e-32 -3.74558e-32)
(-7.41366e-270 6.80612e-32 -6.40322e-32)
(-1.75514e-263 7.54699e-32 -9.30956e-32)
(-4.06635e-257 8.57891e-32 -1.25772e-31)
(-9.21286e-251 9.94189e-32 -1.63325e-31)
(-2.03958e-244 1.16887e-31 -2.07196e-31)
(-4.40844e-238 1.38868e-31 -2.59064e-31)
(-9.29486e-232 1.6621e-31 -3.209e-31)
(-1.90989e-225 1.99963e-31 -3.95051e-31)
(-3.82072e-219 2.41422e-31 -4.84328e-31)
(-7.43341e-213 2.92173e-31 -5.92127e-31)
(-1.40488e-206 3.54158e-31 -7.22574e-31)
(-2.57608e-200 4.29746e-31 -8.8071e-31)
(-4.57691e-194 5.21835e-31 -1.07271e-30)
(-7.86782e-188 6.33962e-31 -1.30612e-30)
(-1.30656e-181 7.70449e-31 -1.59021e-30)
(-2.09247e-175 9.3657e-31 -1.93626e-30)
(-3.22586e-169 1.13875e-30 -2.35793e-30)
(-4.7776e-163 1.3848e-30 -2.87174e-30)
(-6.78246e-157 1.68418e-30 -3.49746e-30)
(-9.20689e-151 2.04826e-30 -4.25872e-30)
(-1.1918e-144 2.49064e-30 -5.18367e-30)
(-1.4667e-138 3.02744e-30 -6.30595e-30)
(-1.71019e-132 3.67748e-30 -7.66604e-30)
(-1.88209e-126 4.46235e-30 -9.31312e-30)
(-1.94634e-120 5.40603e-30 -1.13076e-29)
(-1.88185e-114 6.53373e-30 -1.37245e-29)
(-1.69119e-108 7.86892e-30 -1.66572e-29)
(-1.40295e-102 9.42688e-30 -2.02216e-29)
(-1.0655e-96 1.12009e-29 -2.45605e-29)
(-7.33477e-91 1.31338e-29 -2.98464e-29)
(-4.52009e-85 1.50589e-29 -3.62799e-29)
(-2.45445e-79 1.65809e-29 -4.40723e-29)
(-1.15e-73 1.68399e-29 -5.33673e-29)
(-4.51522e-68 1.40901e-29 -6.39453e-29)
(-1.42158e-62 5.17087e-30 -7.43179e-29)
(-3.3288e-57 -1.42524e-29 -7.98558e-29)
(-4.91342e-52 -4.62595e-29 -7.1561e-29)
(-3.20612e-279 6.58116e-32 -1.20835e-32)
(-7.95842e-273 6.83488e-32 -3.67135e-32)
(-1.936e-266 7.35178e-32 -6.27634e-32)
(-4.6124e-260 8.15204e-32 -9.1251e-32)
(-1.07546e-253 9.26669e-32 -1.2328e-31)
(-2.45238e-247 1.0739e-31 -1.60089e-31)
(-5.46475e-241 1.26258e-31 -2.03091e-31)
(-1.18901e-234 1.50002e-31 -2.53932e-31)
(-2.52377e-228 1.79537e-31 -3.14543e-31)
(-5.22109e-222 2.15997e-31 -3.87225e-31)
(-1.05168e-215 2.6078e-31 -4.74734e-31)
(-2.06043e-209 3.15601e-31 -5.80396e-31)
(-3.92181e-203 3.82555e-31 -7.0826e-31)
(-7.24329e-197 4.64204e-31 -8.63263e-31)
(-1.29639e-190 5.63676e-31 -1.05146e-30)
(-2.24524e-184 6.84794e-31 -1.28026e-30)
(-3.75706e-178 8.32226e-31 -1.55873e-30)
(-6.06409e-172 1.01167e-30 -1.89793e-30)
(-9.42369e-166 1.23008e-30 -2.31129e-30)
(-1.40717e-159 1.49589e-30 -2.81498e-30)
(-2.0146e-153 1.81933e-30 -3.42843e-30)
(-2.75867e-147 2.21271e-30 -4.1748e-30)
(-3.6034e-141 2.69076e-30 -5.08177e-30)
(-4.47644e-135 3.27093e-30 -6.18242e-30)
(-5.27118e-129 3.97369e-30 -7.51666e-30)
(-5.86139e-123 4.82256e-30 -9.13313e-30)
(-6.12846e-117 5.84387e-30 -1.10919e-29)
(-5.99558e-111 7.06564e-30 -1.34678e-29)
(-5.45731e-105 8.51477e-30 -1.63553e-29)
(-4.59111e-99 1.02108e-29 -1.98731e-29)
(-3.54199e-93 1.21525e-29 -2.41714e-29)
(-2.48247e-87 1.42894e-29 -2.94385e-29)
(-1.56256e-81 1.64633e-29 -3.59091e-29)
(-8.70705e-76 1.82849e-29 -4.38651e-29)
(-4.2169e-70 1.88799e-29 -5.35914e-29)
(-1.73213e-64 1.63981e-29 -6.51164e-29)
(-5.83294e-59 7.29037e-30 -7.72492e-29)
(-1.53214e-53 -1.37424e-29 -8.52533e-29)
(-2.90324e-48 -5.01002e-29 -7.84255e-29)
(-2.70779e-279 7.05949e-32 -1.18206e-32)
(-6.40581e-273 7.33164e-32 -3.59147e-32)
(-1.48053e-266 7.8861e-32 -6.13979e-32)
(-3.33965e-260 8.74452e-32 -8.92657e-32)
(-7.34398e-254 9.94019e-32 -1.20599e-31)
(-1.5724e-247 1.15195e-31 -1.56606e-31)
(-3.2732e-241 1.35435e-31 -1.98674e-31)
(-6.61393e-235 1.60905e-31 -2.48408e-31)
(-1.2948e-228 1.92587e-31 -3.07701e-31)
(-2.45042e-222 2.31697e-31 -3.78803e-31)
(-4.47095e-216 2.79736e-31 -4.64407e-31)
(-7.83841e-210 3.38542e-31 -5.67772e-31)
(-1.31476e-203 4.10363e-31 -6.92853e-31)
(-2.09752e-197 4.97946e-31 -8.44486e-31)
(-3.15601e-191 6.04649e-31 -1.02859e-30)
(-4.41974e-185 7.34571e-31 -1.25241e-30)
(-5.628e-179 8.92723e-31 -1.52484e-30)
(-6.20371e-173 1.08522e-30 -1.85668e-30)
(-5.12409e-167 1.31952e-30 -2.26109e-30)
(-8.48178e-162 1.60469e-30 -2.75389e-30)
(8.60721e-155 1.9517e-30 -3.3541e-30)
(2.53423e-148 2.3738e-30 -4.08444e-30)
(5.09429e-142 2.8868e-30 -4.97203e-30)
(8.56052e-136 3.50953e-30 -6.04937e-30)
(1.27258e-129 4.26404e-30 -7.35571e-30)
(1.71101e-123 5.17581e-30 -8.93908e-30)
(2.10007e-117 6.27356e-30 -1.0859e-29)
(2.36031e-111 7.58822e-30 -1.31904e-29)
(2.4278e-105 9.15041e-30 -1.60282e-29)
(2.27818e-99 1.09845e-29 -1.9494e-29)
(1.93973e-93 1.30957e-29 -2.37447e-29)
(1.48713e-87 1.5443e-29 -2.89842e-29)
(1.01618e-81 1.78815e-29 -3.54808e-29)
(6.10634e-76 2.00382e-29 -4.3589e-29)
(3.17002e-70 2.10443e-29 -5.37447e-29)
(1.38801e-64 1.89736e-29 -6.62632e-29)
(4.95686e-59 9.89113e-30 -8.0346e-29)
(1.37441e-53 -1.26167e-29 -9.13339e-29)
(2.73682e-48 -5.30338e-29 -8.59689e-29)
(-1.52898e-282 7.52693e-32 -1.15394e-32)
(-3.60156e-276 7.81709e-32 -3.50605e-32)
(-8.28616e-270 8.40827e-32 -5.99376e-32)
(-1.85999e-263 9.32352e-32 -8.71428e-32)
(-4.06841e-257 1.05984e-31 -1.17731e-31)
(-8.65927e-251 1.22822e-31 -1.52882e-31)
(-1.7905e-244 1.44403e-31 -1.93949e-31)
(-3.58985e-238 1.7156e-31 -2.42501e-31)
(-6.96292e-232 2.0534e-31 -3.00385e-31)
(-1.30286e-225 2.47041e-31 -3.69796e-31)
(-2.34332e-219 2.98261e-31 -4.53365e-31)
(-4.03208e-213 3.60961e-31 -5.54271e-31)
(-6.59302e-207 4.37539e-31 -6.76379e-31)
(-1.01423e-200 5.30922e-31 -8.24406e-31)
(-1.44364e-194 6.44691e-31 -1.00413e-30)
(-1.84199e-188 7.83217e-31 -1.22264e-30)
(-1.95265e-182 9.51846e-31 -1.4886e-30)
(-1.27619e-176 1.1571e-30 -1.81257e-30)
(1.02511e-170 1.40694e-30 -2.2074e-30)
(6.18583e-164 1.71103e-30 -2.68855e-30)
(1.5794e-157 2.08109e-30 -3.2746e-30)
(3.15694e-151 2.53127e-30 -3.98778e-30)
(5.49083e-145 3.07848e-30 -4.85462e-30)
(8.62165e-139 3.74286e-30 -5.90698e-30)
(1.24176e-132 4.54807e-30 -7.18341e-30)
(1.65238e-126 5.52155e-30 -8.73122e-30)
(2.03695e-120 6.69442e-30 -1.06094e-29)
(2.32621e-114 8.10067e-30 -1.28924e-29)
(2.4562e-108 9.77485e-30 -1.5676e-29)
(2.38931e-102 1.17466e-29 -1.90841e-29)
(2.13031e-96 1.4029e-29 -2.32797e-29)
(1.72904e-90 1.65926e-29 -2.84813e-29)
(1.26625e-84 1.93107e-29 -3.499e-29)
(8.27254e-79 2.18379e-29 -4.32326e-29)
(4.75072e-73 2.33331e-29 -5.38043e-29)
(2.35232e-67 2.18323e-29 -6.7347e-29)
(9.78838e-62 1.30334e-29 -8.35672e-29)
(3.30616e-56 -1.07725e-29 -9.78382e-29)
(8.62617e-51 -5.51811e-29 -9.4781e-29)
(-3.13817e-279 7.98276e-32 -1.12405e-32)
(-7.79009e-273 8.29049e-32 -3.41523e-32)
(-1.89514e-266 8.91746e-32 -5.8385e-32)
(-4.51534e-260 9.88813e-32 -8.48856e-32)
(-1.0529e-253 1.12402e-31 -1.14681e-31)
(-2.40114e-247 1.3026e-31 -1.48923e-31)
(-5.3511e-241 1.53148e-31 -1.88926e-31)
(-1.16441e-234 1.8195e-31 -2.36221e-31)
(-2.47188e-228 2.17776e-31 -2.92605e-31)
(-5.11448e-222 2.62003e-31 -3.60218e-31)
(-1.03038e-215 3.16326e-31 -4.41623e-31)
(-2.01909e-209 3.82824e-31 -5.39916e-31)
(-3.84396e-203 4.6404e-31 -6.58861e-31)
(-7.10128e-197 5.63079e-31 -8.03055e-31)
(-1.27133e-190 6.83739e-31 -9.78129e-31)
(-2.20256e-184 8.30658e-31 -1.19098e-30)
(-3.68703e-178 1.0095e-30 -1.45006e-30)
(-5.95361e-172 1.2272e-30 -1.76567e-30)
(-9.25653e-166 1.49219e-30 -2.1503e-30)
(-1.38299e-159 1.81474e-30 -2.61906e-30)
(-1.98127e-153 2.2073e-30 -3.19005e-30)
(-2.71506e-147 2.68489e-30 -3.88496e-30)
(-3.54952e-141 3.2655e-30 -4.72971e-30)
(-4.41396e-135 3.97056e-30 -5.75545e-30)
(-5.20373e-129 4.82534e-30 -6.99998e-30)
(-5.79434e-123 5.85924e-30 -8.50981e-30)
(-6.0681e-117 7.10581e-30 -1.03432e-29)
(-5.94774e-111 8.60217e-30 -1.25743e-29)
(-5.42576e-105 1.0387e-29 -1.5299e-29)
(-4.57645e-99 1.24959e-29 -1.86432e-29)
(-3.54145e-93 1.49505e-29 -2.27756e-29)
(-2.49092e-87 1.77354e-29 -2.79278e-29)
(-1.57433e-81 2.07473e-29 -3.44317e-29)
(-8.81393e-76 2.36793e-29 -4.27845e-29)
(-4.29115e-70 2.57433e-29 -5.37458e-29)
(-1.77275e-64 2.49856e-29 -6.83231e-29)
(-6.0054e-59 1.67807e-29 -8.6867e-29)
(-1.58605e-53 -8.10256e-30 -1.04977e-28)
(-3.01129e-48 -5.97364e-29 -1.04482e-28)
(-1.20668e-278 8.42628e-32 -1.09242e-32)
(-2.92878e-272 8.7511e-32 -3.31914e-32)
(-6.96061e-266 9.41291e-32 -5.67424e-32)
(-1.61871e-259 1.04375e-31 -8.24974e-32)
(-3.68066e-253 1.18647e-31 -1.11455e-31)
(-8.17662e-247 1.37497e-31 -1.44733e-31)
(-1.77317e-240 1.61657e-31 -1.83611e-31)
(-3.75027e-234 1.9206e-31 -2.29576e-31)
(-7.72856e-228 2.29877e-31 -2.84374e-31)
(-1.55029e-221 2.76561e-31 -3.50086e-31)
(-3.02367e-215 3.33904e-31 -4.292e-31)
(-5.72727e-209 4.04097e-31 -5.24728e-31)
(-1.05222e-202 4.89826e-31 -6.40328e-31)
(-1.87248e-196 5.94369e-31 -7.80466e-31)
(-3.22285e-190 7.21734e-31 -9.50617e-31)
(-5.35642e-184 8.76819e-31 -1.15749e-30)
(-8.5815e-178 1.06561e-30 -1.40929e-30)
(-1.32273e-171 1.29541e-30 -1.71604e-30)
(-1.95743e-165 1.57515e-30 -2.08989e-30)
(-2.77457e-159 1.91567e-30 -2.54553e-30)
(-3.75731e-153 2.33013e-30 -3.10058e-30)
(-4.84701e-147 2.83441e-30 -3.77614e-30)
(-5.93706e-141 3.44756e-30 -4.59748e-30)
(-6.87962e-135 4.19229e-30 -5.59501e-30)
(-7.50951e-129 5.09543e-30 -6.80567e-30)
(-7.68377e-123 6.18834e-30 -8.27513e-30)
(-7.32721e-117 7.50704e-30 -1.00608e-29)
(-6.46683e-111 9.09187e-30 -1.22362e-29)
(-5.2377e-105 1.09859e-29 -1.48973e-29)
(-3.85142e-99 1.3231e-29 -1.81714e-29)
(-2.5351e-93 1.58584e-29 -2.22318e-29)
(-1.46449e-87 1.88687e-29 -2.7322e-29)
(-7.20368e-82 2.21868e-29 -3.38013e-29)
(-2.85868e-76 2.55559e-29 -4.22334e-29)
(-8.04905e-71 2.8268e-29 -5.3543e-29)
(-8.18806e-66 2.84398e-29 -6.91395e-29)
(6.11213e-60 2.12e-29 -9.01849e-29)
(4.12913e-54 -4.36166e-30 -1.13142e-28)
(1.32182e-48 -6.24555e-29 -1.173e-28)
(-6.04121e-282 8.85681e-32 -1.05911e-32)
(-1.46522e-275 9.19822e-32 -3.21793e-32)
(-3.48051e-269 9.89384e-32 -5.50122e-32)
(-8.09192e-263 1.09708e-31 -7.9982e-32)
(-1.83998e-256 1.24709e-31 -1.08057e-31)
(-4.08879e-250 1.44523e-31 -1.4032e-31)
(-8.87247e-244 1.69917e-31 -1.78014e-31)
(-1.8784e-237 2.01873e-31 -2.22577e-31)
(-3.87639e-231 2.41623e-31 -2.75705e-31)
(-7.78997e-225 2.90694e-31 -3.39413e-31)
(-1.52286e-218 3.50966e-31 -4.16116e-31)
(-2.89278e-212 4.24747e-31 -5.08732e-31)
(-5.33308e-206 5.14857e-31 -6.20807e-31)
(-9.52991e-200 6.24743e-31 -7.56674e-31)
(-1.64832e-193 7.58618e-31 -9.21639e-31)
(-2.75539e-187 9.21629e-31 -1.12221e-30)
(-4.4443e-181 1.12007e-30 -1.36634e-30)
(-6.90448e-175 1.36163e-30 -1.66376e-30)
(-1.03115e-168 1.65569e-30 -2.02625e-30)
(-1.47725e-162 2.01366e-30 -2.46806e-30)
(-2.02539e-156 2.44939e-30 -3.00631e-30)
(-2.65071e-150 2.9796e-30 -3.66148e-30)
(-3.3019e-144 3.62437e-30 -4.45814e-30)
(-3.90225e-138 4.40768e-30 -5.42588e-30)
(-4.35959e-132 5.3579e-30 -6.60077e-30)
(-4.58536e-126 6.50833e-30 -8.02749e-30)
(-4.51922e-120 7.89747e-30 -9.76249e-30)
(-4.15116e-114 9.56894e-30 -1.18785e-29)
(-3.53149e-108 1.15704e-29 -1.44712e-29)
(-2.76188e-102 1.39502e-29 -1.76687e-29)
(-1.96808e-96 1.67504e-29 -2.1648e-29)
(-1.26403e-90 1.99893e-29 -2.66622e-29)
(-7.21876e-85 2.36242e-29 -3.30943e-29)
(-3.60247e-79 2.74593e-29 -4.15683e-29)
(-1.53488e-73 3.08961e-29 -5.3169e-29)
(-5.40318e-68 3.21936e-29 -6.97367e-29)
(-1.49472e-62 2.63572e-29 -9.34273e-29)
(-2.97559e-57 6.80453e-31 -1.21708e-28)
(-3.46813e-52 -6.34835e-29 -1.30181e-28)
(-3.35763e-279 9.27368e-32 -1.02417e-32)
(-8.33525e-273 9.63116e-32 -3.11176e-32)
(-2.02784e-266 1.03595e-31 -5.31972e-32)
(-4.83163e-260 1.14871e-31 -7.73433e-32)
(-1.12667e-253 1.30578e-31 -1.04492e-31)
(-2.56935e-247 1.51325e-31 -1.35691e-31)
(-5.72584e-241 1.77915e-31 -1.72141e-31)
(-1.2459e-234 2.11376e-31 -2.15235e-31)
(-2.6447e-228 2.52997e-31 -2.6661e-31)
(-5.47157e-222 3.04378e-31 -3.28217e-31)
(-1.10219e-215 3.67488e-31 -4.0239e-31)
(-2.15947e-209 4.44743e-31 -4.9195e-31)
(-4.11045e-203 5.39095e-31 -6.00329e-31)
(-7.59184e-197 6.54154e-31 -7.31714e-31)
(-1.35878e-190 7.94332e-31 -8.9124e-31)
(-2.35328e-184 9.6502e-31 -1.0852e-30)
(-3.93778e-178 1.17281e-30 -1.32129e-30)
(-6.35556e-172 1.42576e-30 -1.60891e-30)
(-9.87614e-166 1.73368e-30 -1.95948e-30)
(-1.47464e-159 2.10856e-30 -2.38679e-30)
(-2.11103e-153 2.5649e-30 -2.90739e-30)
(-2.89045e-147 3.12024e-30 -3.54114e-30)
(-3.77519e-141 3.79567e-30 -4.31187e-30)
(-4.68943e-135 4.6164e-30 -5.2483e-30)
(-5.52156e-129 5.61233e-30 -6.38554e-30)
(-6.13953e-123 6.81868e-30 -7.76722e-30)
(-6.41935e-117 8.27644e-30 -9.44866e-30)
(-6.28081e-111 1.00326e-29 -1.15016e-29)
(-5.71832e-105 1.21393e-29 -1.4021e-29)
(-4.81287e-99 1.46523e-29 -1.71354e-29)
(-3.71587e-93 1.76244e-29 -2.1024e-29)
(-2.60741e-87 2.10936e-29 -2.59472e-29)
(-1.64412e-81 2.50534e-29 -3.23073e-29)
(-9.18547e-76 2.93793e-29 -4.0779e-29)
(-4.46535e-70 3.36117e-29 -5.25962e-29)
(-1.8441e-64 3.62357e-29 -7.00473e-29)
(-6.25884e-59 3.23129e-29 -9.64875e-29)
(-1.66336e-53 7.26073e-30 -1.3111e-28)
(-3.20851e-48 -6.86584e-29 -1.45385e-28)
(-1.9877e-278 9.67625e-32 -9.87643e-33)
(-4.80923e-272 1.00492e-31 -3.00079e-32)
(-1.13917e-265 1.08092e-31 -5.13002e-32)
(-2.63983e-259 1.19858e-31 -7.45854e-32)
(-5.98011e-253 1.36247e-31 -1.00766e-31)
(-1.32322e-246 1.57894e-31 -1.30853e-31)
(-2.85742e-240 1.85638e-31 -1.66003e-31)
(-6.01632e-234 2.20552e-31 -2.0756e-31)
(-1.23389e-227 2.6398e-31 -2.57105e-31)
(-2.46236e-221 3.17592e-31 -3.16515e-31)
(-4.77601e-215 3.83443e-31 -3.88043e-31)
(-8.99265e-209 4.64052e-31 -4.7441e-31)
(-1.64152e-202 5.62502e-31 -5.78924e-31)
(-2.90082e-196 6.82557e-31 -7.05626e-31)
(-4.95495e-190 8.28823e-31 -8.59466e-31)
(-8.16701e-184 1.00692e-30 -1.04651e-30)
(-1.29654e-177 1.22374e-30 -1.2742e-30)
(-1.97844e-171 1.48769e-30 -1.55158e-30)
(-2.89524e-165 1.80901e-30 -1.88969e-30)
(-4.05299e-159 2.20022e-30 -2.30182e-30)
(-5.41204e-153 2.67647e-30 -2.80397e-30)
(-6.87138e-147 3.25611e-30 -3.41532e-30)
(-8.26462e-141 3.96119e-30 -4.1589e-30)
(-9.37651e-135 4.81812e-30 -5.06254e-30)
(-9.98416e-129 5.85831e-30 -6.16031e-30)
(-9.91756e-123 7.11888e-30 -7.49467e-30)
(-9.12174e-117 8.6433e-30 -9.11971e-30)
(-7.69464e-111 1.04819e-29 -1.11059e-29)
(-5.8773e-105 1.26917e-29 -1.35472e-29)
(-3.99066e-99 1.53355e-29 -1.65717e-29)
(-2.3385e-93 1.84781e-29 -2.03597e-29)
(-1.1173e-87 2.21779e-29 -2.51764e-29)
(-3.73294e-82 2.64679e-29 -3.14372e-29)
(-2.34027e-77 3.13037e-29 -3.98566e-29)
(7.83078e-71 3.63938e-29 -5.17977e-29)
(6.90027e-65 4.05429e-29 -6.99965e-29)
(3.5601e-59 3.91187e-29 -9.92223e-29)
(1.2561e-53 1.58727e-29 -1.41902e-28)
(2.96154e-48 -7.08325e-29 -1.66213e-28)
(-7.85316e-282 1.00639e-31 -9.49598e-33)
(-1.89011e-275 1.04518e-31 -2.8852e-32)
(-4.4536e-269 1.12422e-31 -4.93242e-32)
(-1.02661e-262 1.2466e-31 -7.17124e-32)
(-2.31331e-256 1.41705e-31 -9.68846e-32)
(-5.09155e-250 1.6422e-31 -1.25813e-31)
(-1.09365e-243 1.93076e-31 -1.5961e-31)
(-2.29047e-237 2.29388e-31 -1.99566e-31)
(-4.67259e-231 2.74557e-31 -2.47202e-31)
(-9.27527e-225 3.30317e-31 -3.04324e-31)
(-1.78954e-218 3.98807e-31 -3.73098e-31)
(-3.35177e-212 4.82647e-31 -4.56139e-31)
(-6.08643e-206 5.85041e-31 -5.56628e-31)
(-1.07001e-199 7.09908e-31 -6.7845e-31)
(-1.81841e-193 8.62036e-31 -8.26366e-31)
(-2.98223e-187 1.04728e-30 -1.00621e-30)
(-4.71135e-181 1.27279e-30 -1.22514e-30)
(-7.1554e-175 1.54732e-30 -1.49186e-30)
(-1.04242e-168 1.88156e-30 -1.81698e-30)
(-1.45314e-162 2.28849e-30 -2.21329e-30)
(-1.93301e-156 2.78394e-30 -2.69621e-30)
(-2.44614e-150 3.38699e-30 -3.2842e-30)
(-2.93449e-144 4.12066e-30 -3.99947e-30)
(-3.32395e-138 5.01252e-30 -4.86888e-30)
(-3.5387e-132 6.09545e-30 -5.92539e-30)
(-3.52176e-126 7.40844e-30 -7.21022e-30)
(-3.25562e-120 8.99742e-30 -8.77606e-30)
(-2.77416e-114 1.09161e-29 -1.06919e-29)
(-2.15864e-108 1.32264e-29 -1.30503e-29)
(-1.51598e-102 1.59984e-29 -1.59781e-29)
(-9.46698e-97 1.9309e-29 -1.96555e-29)
(-5.15759e-91 2.32383e-29 -2.43492e-29)
(-2.39346e-85 2.78607e-29 -3.04821e-29)
(-9.22726e-80 3.32188e-29 -3.87938e-29)
(-2.95526e-74 3.92157e-29 -5.07484e-29)
(-8.93406e-69 4.5076e-29 -6.95023e-29)
(-3.41997e-63 4.68023e-29 -1.01422e-28)
(-1.46944e-57 2.70184e-29 -1.531e-28)
(-3.86353e-52 -6.99124e-29 -1.8721e-28)
(-1.80717e-281 1.0436e-31 -9.10088e-33)
(-4.39855e-275 1.08383e-31 -2.76516e-32)
(-1.05041e-268 1.16579e-31 -4.7272e-32)
(-2.46063e-262 1.29269e-31 -6.87289e-32)
(-5.6532e-256 1.46945e-31 -9.28539e-32)
(-1.27369e-249 1.70292e-31 -1.20579e-31)
(-2.81421e-243 2.00215e-31 -1.5297e-31)
(-6.09853e-237 2.37871e-31 -1.91264e-31)
(-1.29652e-230 2.8471e-31 -2.36919e-31)
(-2.70509e-224 3.42533e-31 -2.91665e-31)
(-5.54188e-218 4.13556e-31 -3.57577e-31)
(-1.1155e-211 5.00497e-31 -4.37163e-31)
(-2.20753e-205 6.06679e-31 -5.33472e-31)
(-4.29768e-199 7.36165e-31 -6.50227e-31)
(-8.23489e-193 8.9392e-31 -7.91992e-31)
(-1.55331e-186 1.08602e-30 -9.64361e-31)
(-2.88361e-180 1.31988e-30 -1.17419e-30)
(-5.26459e-174 1.60458e-30 -1.42983e-30)
(-9.43972e-168 1.95121e-30 -1.74146e-30)
(-1.65913e-161 2.37325e-30 -2.12134e-30)
(-2.85132e-155 2.88713e-30 -2.58427e-30)
(-4.77729e-149 3.51267e-30 -3.14798e-30)
(-7.77772e-143 4.27382e-30 -3.8338e-30)
(-1.22605e-136 5.19928e-30 -4.66759e-30)
(-1.86427e-130 6.32335e-30 -5.68113e-30)
(-2.72354e-124 7.68686e-30 -6.91427e-30)
(-3.80685e-118 9.33818e-30 -8.41818e-30)
(-5.06838e-112 1.13343e-29 -1.02601e-29)
(-6.39625e-106 1.37422e-29 -1.25308e-29)
(-7.60965e-100 1.66393e-29 -1.53552e-29)
(-8.48089e-94 2.01148e-29 -1.89118e-29)
(-8.78755e-88 2.42707e-29 -2.3466e-29)
(-8.38571e-82 2.9224e-29 -2.94411e-29)
(-7.27935e-76 3.51093e-29 -3.75856e-29)
(-5.65043e-70 4.20453e-29 -4.94263e-29)
(-3.82247e-64 4.97776e-29 -6.84791e-29)
(-2.15856e-58 5.5351e-29 -1.02834e-28)
(-9.33515e-53 4.12428e-29 -1.65245e-28)
(-2.42761e-47 -6.45395e-29 -2.16281e-28)
(-4.80158e-278 1.07921e-31 -8.69175e-33)
(-1.18973e-271 1.12081e-31 -2.64085e-32)
(-2.8997e-265 1.20557e-31 -4.5147e-32)
(-6.95314e-259 1.33679e-31 -6.56394e-32)
(-1.64083e-252 1.51958e-31 -8.868e-32)
(-3.81217e-246 1.76102e-31 -1.15159e-31)
(-8.72408e-240 2.07046e-31 -1.46094e-31)
(-1.96762e-233 2.45986e-31 -1.82667e-31)
(-4.37601e-227 2.94424e-31 -2.2627e-31)
(-9.60179e-221 3.54221e-31 -2.78555e-31)
(-2.07934e-214 4.27668e-31 -3.41505e-31)
(-4.44498e-208 5.17576e-31 -4.17514e-31)
(-9.37817e-202 6.27382e-31 -5.09494e-31)
(-1.95185e-195 7.61287e-31 -6.21002e-31)
(-4.00356e-189 9.24427e-31 -7.56396e-31)
(-8.08228e-183 1.12308e-30 -9.21021e-31)
(-1.60309e-176 1.36493e-30 -1.12142e-30)
(-3.11762e-170 1.65937e-30 -1.36559e-30)
(-5.93107e-164 2.01785e-30 -1.66324e-30)
(-1.10106e-157 2.45436e-30 -2.02611e-30)
(-1.98942e-151 2.98588e-30 -2.46833e-30)
(-3.48919e-145 3.63297e-30 -3.00686e-30)
(-5.92406e-139 4.42044e-30 -3.66215e-30)
(-9.70956e-133 5.37811e-30 -4.45897e-30)
(-1.53186e-126 6.54165e-30 -5.42787e-30)
(-2.3194e-120 7.95368e-30 -6.60725e-30)
(-3.35961e-114 9.66497e-30 -8.04657e-30)
(-4.63946e-108 1.17359e-29 -9.81113e-30)
(-6.08497e-102 1.42381e-29 -1.19893e-29)
(-7.5474e-96 1.72567e-29 -1.47036e-29)
(-8.80886e-90 2.08931e-29 -1.81292e-29)
(-9.6172e-84 2.52711e-29 -2.25274e-29)
(-9.7501e-78 3.05502e-29 -2.83144e-29)
(-9.09328e-72 3.69587e-29 -3.62296e-29)
(-7.70265e-66 4.48453e-29 -4.78147e-29)
(-5.81582e-60 5.45685e-29 -6.68412e-29)
(-3.79395e-54 6.46915e-29 -1.03128e-28)
(-2.00758e-48 5.91241e-29 -1.77078e-28)
(-7.13946e-43 -5.32514e-29 -2.49491e-28)
(-1.31625e-275 1.11315e-31 -8.26921e-33)
(-4.02185e-269 1.15605e-31 -2.51247e-32)
(-1.20163e-262 1.24348e-31 -4.29524e-32)
(-3.5115e-256 1.37883e-31 -6.24487e-32)
(-1.00376e-249 1.56736e-31 -8.43694e-32)
(-2.80654e-243 1.8164e-31 -1.09561e-31)
(-7.67449e-237 2.13557e-31 -1.38993e-31)
(-2.05192e-230 2.53723e-31 -1.73788e-31)
(-5.36242e-224 3.03685e-31 -2.15272e-31)
(-1.36923e-217 3.65362e-31 -2.65016e-31)
(-3.41428e-211 4.4112e-31 -3.24906e-31)
(-8.30983e-205 5.33857e-31 -3.97221e-31)
(-1.97282e-198 6.47117e-31 -4.8473e-31)
(-4.56552e-192 7.85235e-31 -5.90818e-31)
(-1.02913e-185 9.53509e-31 -7.19633e-31)
(-2.25774e-179 1.15842e-30 -8.7626e-31)
(-4.81621e-173 1.40788e-30 -1.06693e-30)
(-9.98019e-167 1.71159e-30 -1.29925e-30)
(-2.00683e-160 2.08139e-30 -1.58246e-30)
(-3.91126e-154 2.53169e-30 -1.92774e-30)
(-7.37914e-148 3.08004e-30 -2.34855e-30)
(-1.3458e-141 3.74769e-30 -2.86106e-30)
(-2.36909e-135 4.56029e-30 -3.48477e-30)
(-4.01884e-129 5.5487e-30 -4.24335e-30)
(-6.5577e-123 6.74997e-30 -5.16601e-30)
(-1.02724e-116 8.20843e-30 -6.28961e-30)
(-1.54139e-110 9.97719e-30 -7.66174e-30)
(-2.21013e-104 1.21199e-29 -9.34552e-30)
(-3.02009e-98 1.4713e-29 -1.14266e-29)
(-3.92108e-92 1.7849e-29 -1.40242e-29)
(-4.82061e-86 2.16414e-29 -1.73089e-29)
(-5.59037e-80 2.62352e-29 -2.15346e-29)
(-6.08857e-74 3.18315e-29 -2.71036e-29)
(-6.19633e-68 3.875e-29 -3.47266e-29)
(-5.85799e-62 4.75743e-29 -4.59043e-29)
(-5.10928e-56 5.93462e-29 -6.45099e-29)
(-4.07746e-50 7.4664e-29 -1.01923e-28)
(-2.94779e-44 8.12642e-29 -1.88834e-28)
(-1.90683e-38 -4.13272e-29 -2.92868e-28)
(2.13642e-274 1.14537e-31 -7.83393e-33)
(6.39797e-268 1.18952e-31 -2.38022e-32)
(1.87353e-261 1.27947e-31 -4.06915e-32)
(5.36566e-255 1.41874e-31 -5.91617e-32)
(1.50296e-248 1.61274e-31 -7.99287e-32)
(4.11718e-242 1.86898e-31 -1.03795e-31)
(1.1028e-235 2.1974e-31 -1.31677e-31)
(2.88745e-229 2.61068e-31 -1.64642e-31)
(7.38754e-223 3.12477e-31 -2.03942e-31)
(1.84614e-216 3.7594e-31 -2.51068e-31)
(4.50386e-210 4.53892e-31 -3.07806e-31)
(1.07205e-203 5.49314e-31 -3.76315e-31)
(2.48815e-197 6.65855e-31 -4.59218e-31)
(5.62678e-191 8.07973e-31 -5.59723e-31)
(1.23887e-184 9.81121e-31 -6.81759e-31)
(2.65342e-178 1.19197e-30 -8.30146e-31)
(5.52324e-172 1.44866e-30 -1.01079e-30)
(1.11623e-165 1.76119e-30 -1.23089e-30)
(2.18778e-159 2.14172e-30 -1.49922e-30)
(4.15364e-153 2.60512e-30 -1.82638e-30)
(7.62893e-147 3.16946e-30 -2.22513e-30)
(1.35361e-140 3.85664e-30 -2.71081e-30)
(2.3166e-134 4.69313e-30 -3.30194e-30)
(3.81769e-128 5.7108e-30 -4.02104e-30)
(6.04704e-122 6.94796e-30 -4.89593e-30)
(9.18751e-116 8.45067e-30 -5.96181e-30)
(1.33596e-109 1.02743e-29 -7.26427e-30)
(1.85464e-103 1.24856e-29 -8.86397e-30)
(2.45131e-97 1.51659e-29 -1.08435e-29)
(3.07525e-91 1.84147e-29 -1.33179e-29)
(3.64928e-85 2.23573e-29 -1.6452e-29)
(4.08026e-79 2.71591e-29 -2.04894e-29)
(4.27951e-73 3.30602e-29 -2.58114e-29)
(4.18906e-67 4.04661e-29 -3.3081e-29)
(3.80443e-61 5.01877e-29 -4.36955e-29)
(3.18354e-55 6.39847e-29 -6.14232e-29)
(2.43451e-49 8.49895e-29 -9.87449e-29)
(1.68459e-43 1.0856e-28 -2.00276e-28)
(1.04201e-37 -3.10438e-29 -3.43633e-28)
(1.74362e-272 1.17583e-31 -7.38658e-33)
(4.89362e-266 1.22115e-31 -2.2443e-32)
(1.35035e-259 1.3135e-31 -3.83679e-32)
(3.66177e-253 1.45647e-31 -5.57834e-32)
(9.75303e-247 1.65562e-31 -7.53647e-32)
(2.55012e-240 1.91868e-31 -9.78681e-32)
(6.542e-234 2.25583e-31 -1.24159e-31)
(1.64562e-227 2.68011e-31 -1.55241e-31)
(4.05647e-221 3.20787e-31 -1.92297e-31)
(9.79216e-215 3.85939e-31 -2.36733e-31)
(2.31322e-208 4.65965e-31 -2.90231e-31)
(5.34371e-202 5.63925e-31 -3.54828e-31)
(1.20619e-195 6.83566e-31 -4.32998e-31)
(2.65813e-189 8.29466e-31 -5.27765e-31)
(5.71399e-183 1.00722e-30 -6.42834e-31)
(1.197e-176 1.22368e-30 -7.82751e-31)
(2.44122e-170 1.48721e-30 -9.53085e-31)
(4.84181e-164 1.80806e-30 -1.16064e-30)
(9.32817e-158 2.19875e-30 -1.41367e-30)
(1.74355e-151 2.67454e-30 -1.72219e-30)
(3.15748e-145 3.254e-30 -2.09824e-30)
(5.53208e-139 3.95966e-30 -2.55633e-30)
(9.36268e-133 4.81875e-30 -3.11394e-30)
(1.52804e-126 5.86412e-30 -3.79238e-30)
(2.40044e-120 7.1353e-30 -4.61804e-30)
(3.62231e-114 8.67997e-30 -5.62434e-30)
(5.23899e-108 1.05557e-29 -6.85475e-30)
(7.24453e-102 1.28324e-29 -8.3672e-30)
(9.55179e-96 1.55957e-29 -1.02408e-29)
(1.19714e-89 1.89523e-29 -1.25859e-29)
(1.42137e-83 2.30387e-29 -1.556e-29)
(1.59252e-77 2.80391e-29 -1.9394e-29)
(1.67635e-71 3.4229e-29 -2.44422e-29)
(1.64947e-65 4.20906e-29 -3.13011e-29)
(1.5082e-59 5.26405e-29 -4.12006e-29)
(1.27264e-53 6.83373e-29 -5.75495e-29)
(9.82876e-48 9.52167e-29 -9.30077e-29)
(6.87842e-42 1.42368e-28 -2.12069e-28)
(4.30823e-36 1.02115e-28 -9.6134e-28)
(-4.77743e-272 1.20447e-31 -6.92783e-33)
(-1.34555e-265 1.2509e-31 -2.10492e-32)
(-3.72624e-259 1.34549e-31 -3.59852e-32)
(-1.01414e-252 1.49195e-31 -5.23192e-32)
(-2.7112e-246 1.69595e-31 -7.06845e-32)
(-7.11586e-240 1.96542e-31 -9.17906e-32)
(-1.83253e-233 2.31078e-31 -1.16449e-31)
(-4.62781e-227 2.7454e-31 -1.45601e-31)
(-1.14533e-220 3.28602e-31 -1.80356e-31)
(-2.77605e-214 3.95342e-31 -2.22032e-31)
(-6.58516e-208 4.77319e-31 -2.72209e-31)
(-1.52766e-201 5.77667e-31 -3.32794e-31)
(-3.46311e-195 7.00224e-31 -4.0611e-31)
(-7.66526e-189 8.49679e-31 -4.94992e-31)
(-1.6551e-182 1.03177e-30 -6.02917e-31)
(-3.48298e-176 1.2535e-30 -7.34148e-31)
(-7.13624e-170 1.52346e-30 -8.93911e-31)
(-1.42204e-163 1.85215e-30 -1.08858e-30)
(-2.75284e-157 2.25239e-30 -1.32593e-30)
(-5.17054e-151 2.73983e-30 -1.61533e-30)
(-9.4102e-145 3.33353e-30 -1.9681e-30)
(-1.65708e-138 4.05658e-30 -2.39786e-30)
(-2.81896e-132 4.93696e-30 -2.92105e-30)
(-4.62488e-126 6.00841e-30 -3.55773e-30)
(-7.30421e-120 7.31167e-30 -4.33276e-30)
(-1.10822e-113 8.89593e-30 -5.27773e-30)
(-1.61173e-107 1.08209e-29 -6.4338e-30)
(-2.2413e-101 1.31594e-29 -7.85597e-30)
(-2.97212e-95 1.60015e-29 -9.61948e-30)
(-3.74683e-89 1.94605e-29 -1.18293e-29)
(-4.47515e-83 2.36833e-29 -1.46346e-29)
(-5.04448e-77 2.88716e-29 -1.82513e-29)
(-5.34286e-71 3.53314e-29 -2.30011e-29)
(-5.29027e-65 4.36088e-29 -2.93987e-29)
(-4.86821e-59 5.48896e-29 -3.84461e-29)
(-4.13468e-53 7.22446e-29 -5.2908e-29)
(-3.21446e-47 1.04637e-28 -8.39387e-29)
(-2.26475e-41 1.79651e-28 -1.98909e-28)
(-1.42825e-35 3.51848e-28 -8.96483e-28)
(1.01337e-272 1.23126e-31 -6.45841e-33)
(2.86924e-266 1.27872e-31 -1.9623e-32)
(7.98874e-260 1.37542e-31 -3.35469e-32)
(2.18619e-253 1.52513e-31 -4.87743e-32)
(5.87728e-247 1.73367e-31 -6.58953e-32)
(1.55135e-240 2.00913e-31 -8.55715e-32)
(4.0183e-234 2.36218e-31 -1.08559e-31)
(1.02075e-227 2.80646e-31 -1.35736e-31)
(2.54136e-221 3.35911e-31 -1.68137e-31)
(6.19725e-215 4.04136e-31 -2.06989e-31)
(1.47916e-208 4.87936e-31 -2.53766e-31)
(3.45294e-202 5.90517e-31 -3.10247e-31)
(7.87747e-196 7.15801e-31 -3.78596e-31)
(1.75487e-189 8.68582e-31 -4.61456e-31)
(3.81398e-183 1.05472e-30 -5.6207e-31)
(8.07944e-177 1.28139e-30 -6.84412e-31)
(1.66653e-170 1.55737e-30 -8.33355e-31)
(3.34358e-164 1.89338e-30 -1.01485e-30)
(6.51735e-158 2.30256e-30 -1.23613e-30)
(1.2327e-151 2.8009e-30 -1.50596e-30)
(2.25936e-145 3.40791e-30 -1.8349e-30)
(4.00713e-139 4.14724e-30 -2.23565e-30)
(6.86628e-133 5.04755e-30 -2.72357e-30)
(1.13478e-126 6.14344e-30 -3.31744e-30)
(1.8055e-120 7.47676e-30 -4.04053e-30)
(2.75994e-114 9.09816e-30 -4.92251e-30)
(4.04436e-108 1.10693e-29 -6.00207e-30)
(5.66733e-102 1.3466e-29 -7.33108e-30)
(7.57352e-96 1.63823e-29 -8.98056e-30)
(9.62242e-90 1.99379e-29 -1.10495e-29)
(1.15838e-83 2.42893e-29 -1.36778e-29)
(1.31617e-77 2.96534e-29 -1.70644e-29)
(1.40527e-71 3.63617e-29 -2.14947e-29)
(1.40276e-65 4.5008e-29 -2.73894e-29)
(1.30145e-59 5.68979e-29 -3.54734e-29)
(1.11451e-53 7.55523e-29 -4.76e-29)
(8.737e-48 1.12356e-28 -7.15263e-29)
(6.20753e-42 2.13033e-28 -1.62627e-28)
(3.94796e-36 5.93499e-28 -8.47734e-28)
(2.50723e-273 1.25615e-31 -5.97903e-33)
(7.25343e-267 1.30457e-31 -1.81665e-32)
(2.06166e-260 1.40322e-31 -3.1057e-32)
(5.75472e-254 1.55595e-31 -4.51542e-32)
(1.57673e-247 1.76871e-31 -6.10045e-32)
(4.2384e-241 2.04974e-31 -7.92204e-32)
(1.11719e-234 2.40993e-31 -1.00502e-31)
(2.88592e-228 2.8632e-31 -1.25662e-31)
(7.3016e-222 3.42702e-31 -1.55658e-31)
(1.80823e-215 4.12307e-31 -1.91627e-31)
(4.38022e-209 4.97802e-31 -2.34932e-31)
(1.03714e-202 6.02458e-31 -2.87221e-31)
(2.39852e-196 7.30275e-31 -3.50497e-31)
(5.41333e-190 8.86146e-31 -4.27208e-31)
(1.19131e-183 1.07605e-30 -5.20355e-31)
(2.55402e-177 1.30731e-30 -6.33619e-31)
(5.32882e-171 1.58887e-30 -7.71513e-31)
(1.0809e-164 1.9317e-30 -9.39546e-31)
(2.1291e-158 2.34917e-30 -1.14442e-30)
(4.0675e-152 2.85765e-30 -1.39426e-30)
(7.52672e-146 3.47704e-30 -1.69883e-30)
(1.34714e-139 4.23151e-30 -2.06993e-30)
(2.32847e-133 5.15035e-30 -2.52181e-30)
(3.88016e-127 6.26898e-30 -3.07188e-30)
(6.22228e-121 7.63029e-30 -3.74181e-30)
(9.58282e-115 9.28631e-30 -4.55922e-30)
(1.41422e-108 1.13006e-29 -5.56024e-30)
(1.99506e-102 1.37515e-29 -6.79337e-30)
(2.68303e-96 1.67373e-29 -8.3251e-30)
(3.42931e-90 2.03832e-29 -1.02479e-29)
(4.1516e-84 2.48547e-29 -1.26915e-29)
(4.74212e-78 3.03816e-29 -1.58368e-29)
(5.08824e-72 3.73151e-29 -1.99302e-29)
(5.1027e-66 4.62786e-29 -2.52915e-29)
(4.75459e-60 5.86377e-29 -3.23373e-29)
(4.08793e-54 7.81353e-29 -4.18163e-29)
(3.21653e-48 1.17523e-28 -5.64426e-29)
(2.2931e-42 2.352e-28 -1.02682e-28)
(1.46296e-36 8.72804e-28 -9.27053e-28)
(8.26885e-277 1.2791e-31 -5.49043e-33)
(2.37213e-270 1.3284e-31 -1.6682e-32)
(6.68392e-264 1.42885e-31 -2.85191e-32)
(1.84896e-257 1.58438e-31 -4.14644e-32)
(5.01898e-251 1.80102e-31 -5.60197e-32)
(1.3362e-244 2.08719e-31 -7.27471e-32)
(3.48701e-238 2.45396e-31 -9.22897e-32)
(8.91482e-232 2.91552e-31 -1.15394e-31)
(2.2314e-225 3.48965e-31 -1.4294e-31)
(5.46463e-219 4.19842e-31 -1.75969e-31)
(1.30845e-212 5.069e-31 -2.15736e-31)
(3.06084e-206 6.13469e-31 -2.63752e-31)
(6.98977e-200 7.43623e-31 -3.21858e-31)
(1.55687e-193 9.02344e-31 -3.92301e-31)
(3.37916e-187 1.09572e-30 -4.77837e-31)
(7.14012e-181 1.33121e-30 -5.81848e-31)
(1.46718e-174 1.61792e-30 -7.08478e-31)
(2.92849e-168 1.96703e-30 -8.6279e-31)
(5.67088e-162 2.39217e-30 -1.05094e-30)
(1.06396e-155 2.90999e-30 -1.28039e-30)
(1.93121e-149 3.5408e-30 -1.56012e-30)
(3.3859e-143 4.30924e-30 -1.90098e-30)
(5.72405e-137 5.24519e-30 -2.31608e-30)
(9.31278e-131 6.38482e-30 -2.82145e-30)
(1.45504e-124 7.77199e-30 -3.43707e-30)
(2.17799e-118 9.46002e-30 -4.18845e-30)
(3.11503e-112 1.15142e-29 -5.10902e-30)
(4.24396e-106 1.40155e-29 -6.24374e-30)
(5.48873e-100 1.70656e-29 -7.65423e-30)
(6.71128e-94 2.07953e-29 -9.42604e-30)
(7.72132e-88 2.53778e-29 -1.16781e-29)
(8.31039e-82 3.10539e-29 -1.45723e-29)
(8.30764e-76 3.81879e-29 -1.83153e-29)
(7.64259e-70 4.74145e-29 -2.31249e-29)
(6.38921e-64 6.00938e-29 -2.91021e-29)
(4.76518e-58 7.99238e-29 -3.58229e-29)
(3.07541e-52 1.19561e-28 -4.01134e-29)
(1.61595e-46 2.36565e-28 -1.15562e-29)
(5.78894e-41 8.49002e-28 9.15182e-28)
(1.02594e-280 1.30008e-31 -4.99337e-33)
(3.04492e-274 1.35019e-31 -1.51717e-32)
(8.81841e-268 1.45229e-31 -2.59373e-32)
(2.49361e-261 1.61037e-31 -3.77108e-32)
(6.88724e-255 1.83056e-31 -5.09484e-32)
(1.85824e-248 2.12142e-31 -6.61617e-32)
(4.89766e-242 2.49421e-31 -8.39353e-32)
(1.26079e-235 2.96334e-31 -1.04948e-31)
(3.16915e-229 3.54689e-31 -1.3e-31)
(7.77555e-223 4.2673e-31 -1.6004e-31)
(1.86125e-216 5.15216e-31 -1.96207e-31)
(4.3443e-210 6.23534e-31 -2.39877e-31)
(9.88093e-204 7.55824e-31 -2.92722e-31)
(2.18838e-197 9.1715e-31 -3.56788e-31)
(4.7156e-191 1.1137e-30 -4.34582e-31)
(9.87745e-185 1.35306e-30 -5.29179e-31)
(2.00913e-178 1.64448e-30 -6.44349e-31)
(3.96407e-172 1.99933e-30 -7.84698e-31)
(7.5772e-166 2.43147e-30 -9.55831e-31)
(1.40126e-159 2.95784e-30 -1.16453e-30)
(2.50335e-153 3.59909e-30 -1.41898e-30)
(4.31308e-147 4.38031e-30 -1.72906e-30)
(7.15339e-141 5.33191e-30 -2.1067e-30)
(1.13971e-134 6.49077e-30 -2.56652e-30)
(1.74029e-128 7.90163e-30 -3.12678e-30)
(2.5401e-122 9.61898e-30 -3.81078e-30)
(3.53323e-116 1.17098e-29 -4.64914e-30)
(4.66746e-110 1.42573e-29 -5.68309e-30)
(5.83203e-104 1.73665e-29 -6.96913e-30)
(6.85975e-98 2.11732e-29 -8.58547e-30)
(7.55156e-92 2.58573e-29 -1.06398e-29)
(7.7251e-86 3.16683e-29 -1.32748e-29)
(7.27721e-80 3.89779e-29 -1.66581e-29)
(6.23731e-74 4.84134e-29 -2.09103e-29)
(4.78315e-68 6.12654e-29 -2.58354e-29)
(3.20019e-62 8.09207e-29 -2.99229e-29)
(1.791e-56 1.18505e-28 -2.51143e-29)
(7.71234e-51 2.18121e-28 4.32239e-29)
(2.02933e-45 5.41512e-28 7.41529e-28)
(-4.76294e-281 1.31905e-31 -4.48861e-33)
(-1.18394e-274 1.36989e-31 -1.36381e-32)
(-2.88421e-268 1.47348e-31 -2.33156e-32)
(-6.88158e-262 1.63387e-31 -3.3899e-32)
(-1.60699e-255 1.85728e-31 -4.57986e-32)
(-3.67018e-249 2.15238e-31 -5.94742e-32)
(-8.1917e-243 2.53061e-31 -7.54514e-32)
(-1.78534e-236 3.00659e-31 -9.43407e-32)
(-3.79618e-230 3.59867e-31 -1.1686e-31)
(-7.86778e-224 4.32959e-31 -1.43864e-31)
(-1.58784e-217 5.22738e-31 -1.76375e-31)
(-3.11709e-211 6.32638e-31 -2.15631e-31)
(-5.94552e-205 7.6686e-31 -2.63135e-31)
(-1.10052e-198 9.30542e-31 -3.20725e-31)
(-1.97426e-192 1.12996e-30 -3.90656e-31)
(-3.4276e-186 1.37281e-30 -4.75692e-31)
(-5.75027e-180 1.6685e-30 -5.79224e-31)
(-9.30619e-174 2.02854e-30 -7.05393e-31)
(-1.45026e-167 2.46701e-30 -8.59238e-31)
(-2.1719e-161 3.00112e-30 -1.04686e-30)
(-3.11884e-155 3.65182e-30 -1.27563e-30)
(-4.2839e-149 4.4446e-30 -1.55442e-30)
(-5.61297e-143 5.41038e-30 -1.89399e-30)
(-6.99387e-137 6.58665e-30 -2.3075e-30)
(-8.2585e-131 8.01896e-30 -2.81143e-30)
(-9.20475e-125 9.7629e-30 -3.42681e-30)
(-9.63924e-119 1.18869e-29 -4.18136e-30)
(-9.43263e-113 1.44763e-29 -5.11239e-30)
(-8.56951e-107 1.76394e-29 -6.27103e-30)
(-7.17052e-101 2.15159e-29 -7.72788e-30)
(-5.47082e-95 2.62919e-29 -9.57904e-30)
(-3.75628e-89 3.22233e-29 -1.19482e-29)
(-2.27948e-83 3.96837e-29 -1.49663e-29)
(-1.19076e-77 4.92768e-29 -1.86674e-29)
(-5.13252e-72 6.21663e-29 -2.26006e-29)
(-1.68843e-66 8.12009e-29 -2.43751e-29)
(-3.53166e-61 1.14968e-28 -1.26734e-29)
(-2.12756e-56 1.90736e-28 7.3045e-29)
(-7.29805e-52 3.28244e-28 5.78428e-28)
(-8.7745e-281 1.33599e-31 -3.97694e-33)
(-2.17641e-274 1.38749e-31 -1.20835e-32)
(-5.28961e-268 1.49241e-31 -2.06578e-32)
(-1.25887e-261 1.65485e-31 -3.00349e-32)
(-2.93163e-255 1.88113e-31 -4.05782e-32)
(-6.67549e-249 2.18002e-31 -5.2695e-32)
(-1.48511e-242 2.56311e-31 -6.68511e-32)
(-3.22531e-236 3.04521e-31 -8.35873e-32)
(-6.83176e-230 3.64489e-31 -1.0354e-31)
(-1.41003e-223 4.38521e-31 -1.27466e-31)
(-2.83282e-217 5.29454e-31 -1.56271e-31)
(-5.53383e-211 6.40766e-31 -1.91052e-31)
(-1.04989e-204 7.76713e-31 -2.33141e-31)
(-1.93208e-198 9.42498e-31 -2.84167e-31)
(-3.44413e-192 1.14448e-30 -3.46127e-31)
(-5.93837e-186 1.39046e-30 -4.21471e-31)
(-9.88768e-180 1.68995e-30 -5.13204e-31)
(-1.5871e-173 2.05462e-30 -6.24996e-31)
(-2.45114e-167 2.49875e-30 -7.61314e-31)
(-3.63476e-161 3.03976e-30 -9.27569e-31)
(-5.16318e-155 3.69891e-30 -1.13029e-30)
(-7.00761e-149 4.50202e-30 -1.37735e-30)
(-9.06094e-143 5.48046e-30 -1.67829e-30)
(-1.11251e-136 6.67229e-30 -2.04481e-30)
(-1.29219e-130 8.12379e-30 -2.49152e-30)
(-1.4137e-124 9.89153e-30 -3.03718e-30)
(-1.44937e-118 1.20453e-29 -3.70645e-30)
(-1.384e-112 1.46723e-29 -4.5326e-30)
(-1.22174e-106 1.78834e-29 -5.56122e-30)
(-9.87674e-101 2.18225e-29 -6.85497e-30)
(-7.22257e-95 2.66804e-29 -8.4983e-30)
(-4.69733e-89 3.27176e-29 -1.05965e-29)
(-2.64954e-83 4.03051e-29 -1.32474e-29)
(-1.24271e-77 5.00095e-29 -1.64138e-29)
(-4.44007e-72 6.28225e-29 -1.94506e-29)
(-8.97409e-67 8.08919e-29 -1.93626e-29)
(1.57538e-61 1.09752e-28 -3.20721e-30)
(2.25879e-55 1.6091e-28 8.58787e-29)
(9.61132e-50 1.82372e-28 4.66104e-28)
(6.08229e-283 1.35087e-31 -3.45914e-33)
(1.51303e-276 1.40294e-31 -1.05103e-32)
(3.68896e-270 1.50903e-31 -1.79683e-32)
(8.80961e-264 1.67328e-31 -2.61245e-32)
(2.05926e-257 1.90208e-31 -3.52952e-32)
(4.7082e-251 2.2043e-31 -4.58345e-32)
(1.0521e-244 2.59166e-31 -5.81476e-32)
(2.29599e-238 3.07913e-31 -7.27051e-32)
(4.88897e-232 3.6855e-31 -9.00603e-32)
(1.01486e-225 4.43407e-31 -1.10871e-31)
(2.05168e-219 5.35353e-31 -1.35926e-31)
(4.03534e-213 6.47906e-31 -1.66179e-31)
(7.71318e-207 7.85368e-31 -2.02788e-31)
(1.43103e-200 9.53001e-31 -2.47171e-31)
(2.57379e-194 1.15724e-30 -3.01064e-31)
(4.48125e-188 1.40595e-30 -3.666e-31)
(7.54188e-182 1.70878e-30 -4.46391e-31)
(1.22492e-175 2.07753e-30 -5.43632e-31)
(1.91654e-169 2.52663e-30 -6.6221e-31)
(2.88317e-163 3.07371e-30 -8.06832e-31)
(4.16147e-157 3.74027e-30 -9.8318e-31)
(5.74961e-151 4.55246e-30 -1.19811e-30)
(7.58453e-145 5.54204e-30 -1.45993e-30)
(9.52533e-139 6.74756e-30 -1.77884e-30)
(1.1353e-132 8.21594e-30 -2.16758e-30)
(1.27959e-126 1.00046e-29 -2.64252e-30)
(1.35836e-120 1.21845e-29 -3.22521e-30)
(1.35194e-114 1.48446e-29 -3.94476e-30)
(1.25496e-108 1.80982e-29 -4.84099e-30)
(1.07999e-102 2.20923e-29 -5.96849e-30)
(8.55641e-97 2.70219e-29 -7.40003e-30)
(6.18987e-91 3.31505e-29 -9.22328e-30)
(4.0492e-85 4.08428e-29 -1.15079e-29)
(2.36749e-79 5.0619e-29 -1.41639e-29)
(1.21974e-73 6.32693e-29 -1.64241e-29)
(5.44105e-68 8.01514e-29 -1.49891e-29)
(2.0556e-62 1.03644e-28 3.33021e-30)
(6.39449e-57 1.32294e-28 8.75687e-29)
(1.57848e-51 8.32993e-29 3.58975e-28)
(-2.18568e-283 1.36367e-31 -2.93601e-33)
(-5.41902e-277 1.41623e-31 -8.92082e-33)
(-1.31657e-270 1.52332e-31 -1.5251e-32)
(-3.13231e-264 1.68913e-31 -2.21739e-32)
(-7.29266e-258 1.9201e-31 -2.99577e-32)
(-1.66029e-251 2.22519e-31 -3.89033e-32)
(-3.69337e-245 2.61622e-31 -4.93545e-32)
(-8.02119e-239 3.10831e-31 -6.17106e-32)
(-1.69923e-232 3.72042e-31 -7.64414e-32)
(-3.50793e-226 4.47609e-31 -9.41053e-32)
(-7.05024e-220 5.40427e-31 -1.15372e-31)
(-1.37798e-213 6.54047e-31 -1.41049e-31)
(-2.61619e-207 7.92812e-31 -1.72122e-31)
(-4.81889e-201 9.62034e-31 -2.09793e-31)
(-8.59999e-195 1.16821e-30 -2.55537e-31)
(-1.48491e-188 1.41928e-30 -3.11162e-31)
(-2.47671e-182 1.72498e-30 -3.78889e-31)
(-3.98375e-176 2.09723e-30 -4.61427e-31)
(-6.16808e-170 2.5506e-30 -5.62079e-31)
(-9.17434e-164 3.1029e-30 -6.8484e-31)
(-1.30799e-157 3.77585e-30 -8.34537e-31)
(-1.78312e-151 4.59585e-30 -1.01699e-30)
(-2.31806e-145 5.59501e-30 -1.23927e-30)
(-2.86505e-139 6.81232e-30 -1.51003e-30)
(-3.35529e-133 8.29523e-30 -1.84011e-30)
(-3.70906e-127 1.01019e-29 -2.24346e-30)
(-3.85344e-121 1.23044e-29 -2.73845e-30)
(-3.74392e-115 1.4993e-29 -3.34987e-30)
(-3.38218e-109 1.82832e-29 -4.11168e-30)
(-2.82184e-103 2.23247e-29 -5.07022e-30)
(-2.15709e-97 2.73158e-29 -6.28666e-30)
(-1.49634e-91 3.35216e-29 -7.83227e-30)
(-9.30914e-86 4.12983e-29 -9.7537e-30)
(-5.11815e-80 5.11145e-29 -1.19285e-29)
(-2.44025e-74 6.35474e-29 -1.35441e-29)
(-9.84001e-69 7.91462e-29 -1.12877e-29)
(-3.24191e-63 9.73276e-29 7.22141e-30)
(-8.30123e-58 1.06804e-28 8.18094e-29)
(-1.53055e-52 1.43903e-29 2.71479e-28)
(-1.19815e-281 1.37437e-31 -2.40836e-33)
(-2.98419e-275 1.42734e-31 -7.31763e-33)
(-7.28508e-269 1.53527e-31 -1.25103e-32)
(-1.74202e-262 1.70238e-31 -1.8189e-32)
(-4.07743e-256 1.93516e-31 -2.45741e-32)
(-9.33522e-250 2.24264e-31 -3.19122e-32)
(-2.08899e-243 2.63673e-31 -4.04852e-32)
(-4.56531e-237 3.13269e-31 -5.06209e-32)
(-9.73543e-231 3.74961e-31 -6.27046e-32)
(-2.02393e-224 4.51121e-31 -7.71942e-32)
(-4.09795e-218 5.44668e-31 -9.46388e-32)
(-8.07272e-212 6.59179e-31 -1.15702e-31)
(-1.54551e-205 7.99034e-31 -1.41191e-31)
(-2.87212e-199 9.69583e-31 -1.72092e-31)
(-5.17436e-193 1.17737e-30 -2.09615e-31)
(-9.02472e-187 1.43042e-30 -2.55245e-31)
(-1.52154e-180 1.73852e-30 -3.10801e-31)
(-2.47574e-174 2.1137e-30 -3.78509e-31)
(-3.88086e-168 2.57064e-30 -4.61076e-31)
(-5.84952e-162 3.1273e-30 -5.61783e-31)
(-8.4599e-156 3.80558e-30 -6.8459e-31)
(-1.17126e-149 4.63212e-30 -8.34276e-31)
(-1.54837e-143 5.6393e-30 -1.01664e-30)
(-1.94888e-137 6.86646e-30 -1.23879e-30)
(-2.3281e-131 8.36154e-30 -1.50966e-30)
(-2.63007e-125 1.01833e-29 -1.84068e-30)
(-2.79842e-119 1.24047e-29 -2.24699e-30)
(-2.79138e-113 1.51172e-29 -2.74901e-30)
(-2.5963e-107 1.84379e-29 -3.37466e-30)
(-2.23768e-101 2.25191e-29 -4.16197e-30)
(-1.77391e-95 2.75613e-29 -5.16063e-30)
(-1.28206e-89 3.38307e-29 -6.42676e-30)
(-8.35655e-84 4.16734e-29 -7.98936e-30)
(-4.84681e-78 5.15066e-29 -9.71411e-30)
(-2.45906e-72 6.36992e-29 -1.08178e-29)
(-1.06717e-66 7.80372e-29 -8.23311e-30)
(-3.84238e-61 9.13567e-29 8.86176e-30)
(-1.09848e-55 8.54053e-29 7.0981e-29)
(-2.32394e-50 -3.10213e-29 2.11837e-28)
(3.28472e-282 1.38294e-31 -1.87701e-33)
(7.94016e-276 1.43624e-31 -5.70318e-33)
(1.87958e-269 1.54485e-31 -9.75022e-33)
(4.35404e-263 1.713e-31 -1.41761e-32)
(9.86291e-257 1.94723e-31 -1.91526e-32)
(2.18304e-250 2.25663e-31 -2.48718e-32)
(4.71743e-244 2.65319e-31 -3.15535e-32)
(9.94382e-238 3.15224e-31 -3.94531e-32)
(2.04268e-231 3.77301e-31 -4.88709e-32)
(4.08521e-225 4.53937e-31 -6.01639e-32)
(7.9457e-219 5.48068e-31 -7.37599e-32)
(1.50127e-212 6.63295e-31 -9.01762e-32)
(2.75209e-206 8.04023e-31 -1.10042e-31)
(4.88845e-200 9.75637e-31 -1.34125e-31)
(8.40169e-194 1.18472e-30 -1.6337e-31)
(1.39502e-187 1.43935e-30 -1.98933e-31)
(2.23403e-181 1.74938e-30 -2.42233e-31)
(3.44429e-175 2.1269e-30 -2.95004e-31)
(5.10215e-169 2.5867e-30 -3.59358e-31)
(7.24604e-163 3.14686e-30 -4.37852e-31)
(9.8424e-157 3.82942e-30 -5.33573e-31)
(1.27526e-150 4.66121e-30 -6.50248e-31)
(1.57151e-144 5.67482e-30 -7.92399e-31)
(1.83576e-138 6.90989e-30 -9.65577e-31)
(2.02527e-132 8.41474e-30 -1.17674e-30)
(2.10131e-126 1.02487e-29 -1.43483e-30)
(2.04055e-120 1.24852e-29 -1.75167e-30)
(1.84438e-114 1.52169e-29 -2.14323e-30)
(1.54169e-108 1.85621e-29 -2.63131e-30)
(1.18274e-102 2.2675e-29 -3.24554e-30)
(8.2526e-97 2.77582e-29 -4.02434e-30)
(5.17992e-91 3.40776e-29 -5.00985e-30)
(2.88517e-85 4.19702e-29 -6.21853e-30)
(1.40163e-79 5.18053e-29 -7.52335e-30)
(5.80567e-74 6.37652e-29 -8.238e-30)
(1.98731e-68 7.69684e-29 -5.75615e-30)
(5.36569e-63 8.61526e-29 8.69502e-30)
(1.05365e-57 6.84393e-29 5.73335e-29)
(1.22834e-52 -6.02989e-29 1.5096e-28)
(8.37004e-279 1.38939e-31 -1.34277e-33)
(2.03496e-272 1.44294e-31 -4.07995e-33)
(4.8451e-266 1.55204e-31 -6.97516e-33)
(1.12893e-259 1.72098e-31 -1.01414e-32)
(2.57237e-253 1.9563e-31 -1.37015e-32)
(5.72744e-247 2.26714e-31 -1.7793e-32)
(1.24507e-240 2.66555e-31 -2.25731e-32)
(2.64029e-234 3.16693e-31 -2.82244e-32)
(5.45669e-228 3.7906e-31 -3.49619e-32)
(1.09798e-221 4.56053e-31 -4.30407e-32)
(2.14878e-215 5.50624e-31 -5.27672e-32)
(4.08525e-209 6.66388e-31 -6.45112e-32)
(7.53617e-203 8.07772e-31 -7.87226e-32)
(1.34715e-196 9.80186e-31 -9.59517e-32)
(2.33022e-190 1.19025e-30 -1.16873e-31)
(3.8943e-184 1.44606e-30 -1.42314e-31)
(6.27759e-178 1.75753e-30 -1.73291e-31)
(9.74316e-172 2.13681e-30 -2.11043e-31)
(1.45309e-165 2.59877e-30 -2.57083e-31)
(2.07794e-159 3.16156e-30 -3.13239e-31)
(2.84239e-153 3.84733e-30 -3.81721e-31)
(3.70939e-147 4.68306e-30 -4.65197e-31)
(4.60489e-141 5.70151e-30 -5.66902e-31)
(5.42022e-135 6.94254e-30 -6.9081e-31)
(6.02703e-129 8.45473e-30 -8.41904e-31)
(6.30494e-123 1.02978e-29 -1.02659e-30)
(6.17593e-117 1.25457e-29 -1.25335e-30)
(5.63406e-111 1.52918e-29 -1.53361e-30)
(4.75693e-105 1.86555e-29 -1.88302e-30)
(3.69019e-99 2.27923e-29 -2.32276e-30)
(2.60769e-93 2.7906e-29 -2.88012e-30)
(1.66148e-87 3.42625e-29 -3.58437e-30)
(9.42764e-82 4.21905e-29 -4.44382e-30)
(4.69292e-76 5.20202e-29 -5.35511e-30)
(2.01183e-70 6.37812e-29 -5.78519e-30)
(7.26052e-65 7.60597e-29 -3.75561e-30)
(2.14543e-59 8.20193e-29 7.15594e-30)
(5.02132e-54 5.5926e-29 4.16904e-29)
(8.94372e-49 -7.76126e-29 1.08813e-28)
(3.28314e-282 1.3937e-31 -8.06474e-34)
(7.93785e-276 1.44741e-31 -2.45045e-33)
(1.87938e-269 1.55685e-31 -4.18935e-33)
(4.35436e-263 1.72631e-31 -6.09107e-33)
(9.86534e-257 1.96236e-31 -8.22934e-33)
(2.18395e-250 2.27416e-31 -1.06868e-32)
(4.72015e-244 2.6738e-31 -1.35578e-32)
(9.95111e-238 3.17673e-31 -1.69521e-32)
(2.04449e-231 3.80234e-31 -2.09988e-32)
(4.08944e-225 4.57467e-31 -2.58511e-32)
(7.9551e-219 5.5233e-31 -3.1693e-32)
(1.50326e-212 6.68453e-31 -3.87466e-32)
(2.75614e-206 8.10275e-31 -4.72822e-32)
(4.89633e-200 9.83223e-31 -5.76302e-32)
(8.41643e-194 1.19393e-30 -7.01958e-32)
(1.39767e-187 1.45053e-30 -8.54763e-32)
(2.2386e-181 1.76297e-30 -1.04081e-31)
(3.45186e-175 2.14343e-30 -1.26756e-31)
(5.11415e-169 2.60682e-30 -1.54409e-31)
(7.26428e-163 3.17136e-30 -1.88139e-31)
(9.86889e-157 3.85929e-30 -2.29272e-31)
(1.27894e-150 4.69765e-30 -2.79413e-31)
(1.57635e-144 5.71934e-30 -3.40504e-31)
(1.84183e-138 6.96435e-30 -4.14933e-31)
(2.03247e-132 8.48146e-30 -5.05695e-31)
(2.10937e-126 1.03306e-29 -6.16642e-31)
(2.04904e-120 1.25861e-29 -7.52869e-31)
(1.85273e-114 1.53418e-29 -9.21259e-31)
(1.54934e-108 1.87178e-29 -1.13121e-30)
(1.18921e-102 2.28704e-29 -1.39545e-30)
(8.30282e-97 2.80045e-29 -1.73029e-30)
(5.21531e-91 3.43854e-29 -2.15294e-30)
(2.90755e-85 4.23362e-29 -2.66699e-30)
(1.41412e-79 5.2159e-29 -3.20521e-30)
(5.86605e-74 6.37762e-29 -3.4301e-30)
(2.01178e-68 7.54028e-29 -2.10855e-30)
(5.44523e-63 7.91617e-29 4.66827e-30)
(1.07267e-57 4.77207e-29 2.54069e-29)
(1.25523e-52 -8.61272e-29 6.13241e-29)
(6.47516e-286 1.39583e-31 -2.69077e-34)
(1.55693e-279 1.44963e-31 -8.17592e-34)
(3.66577e-273 1.55924e-31 -1.39778e-33)
(8.44578e-267 1.72896e-31 -2.03229e-33)
(1.90271e-260 1.96538e-31 -2.74571e-33)
(4.1882e-254 2.27766e-31 -3.56562e-33)
(9.00003e-248 2.67792e-31 -4.52354e-33)
(1.88643e-241 3.18163e-31 -5.65605e-33)
(3.85313e-235 3.80821e-31 -7.00622e-33)
(7.66177e-229 4.58174e-31 -8.62521e-33)
(1.48157e-222 5.53184e-31 -1.05743e-32)
(2.78292e-216 6.69488e-31 -1.29278e-32)
(5.0714e-210 8.11529e-31 -1.57756e-32)
(8.95432e-204 9.84744e-31 -1.92282e-32)
(1.52967e-197 1.19578e-30 -2.34205e-32)
(2.52435e-191 1.45277e-30 -2.85187e-32)
(4.01758e-185 1.76569e-30 -3.47261e-32)
(6.15531e-179 2.14674e-30 -4.22916e-32)
(9.06027e-173 2.61084e-30 -5.15178e-32)
(1.27846e-166 3.17626e-30 -6.27718e-32)
(1.72522e-160 3.86526e-30 -7.64965e-32)
(2.2205e-154 4.70494e-30 -9.32265e-32)
(2.7178e-148 5.72826e-30 -1.1361e-31)
(3.15284e-142 6.97528e-30 -1.38445e-31)
(3.45363e-136 8.49486e-30 -1.6873e-31)
(3.55708e-130 1.0347e-29 -2.0575e-31)
(3.428e-124 1.26064e-29 -2.51206e-31)
(3.07383e-118 1.53669e-29 -3.07397e-31)
(2.54774e-112 1.8749e-29 -3.7746e-31)
(1.93686e-106 2.29095e-29 -4.65639e-31)
(1.338e-100 2.80535e-29 -5.77365e-31)
(8.30368e-95 3.44465e-29 -7.18326e-31)
(4.56388e-89 4.24083e-29 -8.89495e-31)
(2.1809e-83 5.2227e-29 -1.06758e-30)
(8.83925e-78 6.377e-29 -1.13696e-30)
(2.93336e-72 7.50598e-29 -6.78946e-31)
(7.54518e-67 7.77053e-29 1.61986e-30)
(1.36155e-61 4.36207e-29 8.63527e-30)
(1.34134e-56 -9.24872e-29 1.68655e-29)
(4.50725e-05 1.36083e-21 4.22949e-22)
(1.40038e-05 1.9799e-21 9.47255e-22)
(1.39949e-05 1.24132e-21 5.95517e-22)
(1.39865e-05 5.64247e-22 2.82807e-22)
(-1.70987e-05 -5.80335e-23 -8.50889e-23)
(6.14909e-10 7.85877e-23 -3.38543e-22)
(-1.90599e-10 1.1949e-22 -1.38757e-22)
(4.91479e-11 5.82849e-23 -9.39147e-23)
(-1.90843e-10 2.27442e-23 -3.36724e-23)
(-3.6237e-11 5.38326e-24 -5.12917e-23)
(3.62332e-15 4.32978e-24 -1.89378e-23)
(-3.34302e-15 6.29676e-24 -7.62279e-24)
(1.14851e-16 2.82055e-24 -4.32531e-24)
(-8.88114e-16 1.38686e-24 -2.90374e-24)
(1.07486e-15 5.34405e-25 -2.69853e-24)
(7.54132e-21 2.27286e-25 -1.02005e-24)
(-1.93298e-20 3.29373e-25 -3.99728e-25)
(9.54928e-21 1.54349e-25 -2.45272e-25)
(2.06667e-21 8.51301e-26 -1.74383e-25)
(1.21128e-21 3.29254e-26 -1.34703e-25)
(-2.47766e-26 8.39305e-27 -4.82164e-26)
(-2.17679e-26 1.02603e-26 -1.76391e-26)
(7.84378e-26 1.18736e-27 -9.63789e-27)
(-2.22258e-26 -2.52848e-27 -5.06868e-27)
(-8.16459e-27 -1.84501e-27 -4.05769e-28)
)
;

boundaryField
{
    fixedWallsLeftTop
    {
        type            noSlip;
    }
    backFaceLeftTop
    {
        type            noSlip;
    }
    frontFaceLeftTop
    {
        type            noSlip;
    }
    symmetryWallLeftTop
    {
        type            zeroGradient;
    }
    topToBottom
    {
        type            noSlip;
    }
    plug
    {
        type            cyclicAMI;
        value           nonuniform List<vector> 
40
(
(-2.72151e-27 -2.47441e-27 5.21967e-27)
(-2.72151e-27 -2.98924e-27 5.2538e-27)
(-2.72153e-27 -2.5652e-27 5.25152e-27)
(-2.72396e-27 1.87202e-26 7.28576e-27)
(-3.97968e-27 -1.35406e-27 2.84188e-27)
(-2.72396e-27 -2.18224e-26 6.93391e-27)
(-2.72154e-27 -9.77942e-28 5.33314e-27)
(-2.72152e-27 -5.53772e-28 5.30177e-27)
(-7.40872e-27 -1.28396e-27 3.99444e-27)
(-7.40872e-27 -1.47365e-27 3.99749e-27)
(-7.40872e-27 -1.99914e-27 3.95564e-27)
(-7.4088e-27 -1.60063e-27 3.98133e-27)
(-7.41543e-27 1.9624e-26 5.92955e-27)
(-1.08336e-26 -1.01233e-27 6.98266e-28)
(-7.4154e-27 -2.10972e-26 5.69338e-27)
(-7.40862e-27 -1.64237e-28 4.02983e-27)
(2.61462e-26 1.45671e-27 2.56275e-27)
(2.6146e-26 9.13608e-28 2.6105e-27)
(2.6146e-26 6.99396e-28 2.62234e-27)
(2.6146e-26 1.51516e-28 2.6084e-27)
(2.61463e-26 5.25416e-28 2.65649e-27)
(2.61698e-26 2.15061e-26 4.49373e-27)
(3.8233e-26 1.25429e-27 -1.54161e-27)
(2.61696e-26 -1.90086e-26 4.39782e-27)
(-7.25591e-27 4.8254e-27 -3.0104e-28)
(-7.25591e-27 5.14162e-27 -3.01873e-28)
(-7.2559e-27 4.55471e-27 -2.45475e-28)
(-7.2559e-27 4.29841e-27 -2.15955e-28)
(-7.2559e-27 3.715e-27 -2.11772e-28)
(-7.25598e-27 4.02826e-27 -1.54567e-28)
(-7.26271e-27 2.40536e-26 1.4965e-27)
(-1.06103e-26 7.94749e-27 -5.81456e-27)
(-8.26632e-27 -1.28296e-26 -9.96218e-27)
(-8.25902e-27 4.05915e-27 -1.14247e-26)
(-8.25894e-27 4.15206e-27 -1.14189e-26)
(-8.25894e-27 3.43157e-27 -1.13689e-26)
(-8.25894e-27 3.0095e-27 -1.13537e-26)
(-8.25894e-27 2.43365e-27 -1.13651e-26)
(-8.25899e-27 2.26978e-27 -1.13708e-26)
(-8.26318e-27 1.13723e-26 -1.07398e-26)
)
;
    }
    fixedWallsChannel
    {
        type            noSlip;
    }
    inlet
    {
        type            fixedValue;
        value           uniform (1 0 0);
    }
    outlet
    {
        type            cyclicAMI;
        value           nonuniform List<vector> 5((-2.91926e-27 -1.73768e-27 5.33399e-27) (-7.94702e-27 -1.12179e-27 3.91409e-27) (2.80458e-26 9.48797e-28 2.40301e-27) (-7.78238e-27 7.34328e-27 -9.0323e-28) (-8.26041e-27 2.23731e-27 -1.11255e-26));
    }
    backFaceInletChannel
    {
        type            noSlip;
    }
    frontFaceInletChannel
    {
        type            noSlip;
    }
}


// ************************************************************************* //
