/*--------------------------------*- C++ -*----------------------------------*\
| =========                 |                                                 |
| \\      /  F ield         | OpenFOAM: The Open Source CFD Toolbox           |
|  \\    /   O peration     | Version:  4.1                                   |
|   \\  /    A nd           | Web:      www.OpenFOAM.org                      |
|    \\/     M anipulation  |                                                 |
\*---------------------------------------------------------------------------*/
FoamFile
{
    version     2.0;
    format      ascii;
    class       volVectorField;
    location    "1";
    object      U;
}
// * * * * * * * * * * * * * * * * * * * * * * * * * * * * * * * * * * * * * //

dimensions      [0 1 -1 0 0 0 0];

internalField   nonuniform List<vector> 
400
(
(0.000199937 0 0)
(1.04958e-08 0 0)
(3.84823e-13 0 0)
(1.10632e-17 0 0)
(2.65506e-22 0 0)
(5.53119e-27 0 0)
(1.02719e-31 0 0)
(1.73333e-36 0 0)
(2.69621e-41 0 0)
(3.90939e-46 0 0)
(5.33083e-51 0 0)
(6.88546e-56 0 0)
(8.47418e-61 0 0)
(9.98715e-66 0 0)
(1.13185e-70 0 0)
(1.23792e-75 0 0)
(1.31071e-80 0 0)
(1.34708e-85 0 0)
(1.34704e-90 0 0)
(1.31334e-95 0 0)
(0.000199958 0 0)
(1.04973e-08 0 0)
(3.84889e-13 0 0)
(1.10653e-17 0 0)
(2.65561e-22 0 0)
(5.53242e-27 0 0)
(1.02743e-31 0 0)
(1.73376e-36 0 0)
(2.69691e-41 0 0)
(3.91045e-46 0 0)
(5.33235e-51 0 0)
(6.8875e-56 0 0)
(8.47678e-61 0 0)
(9.99032e-66 0 0)
(1.13222e-70 0 0)
(1.23834e-75 0 0)
(1.31116e-80 0 0)
(1.34756e-85 0 0)
(1.34754e-90 0 0)
(1.31384e-95 0 0)
(0.000199958 0 0)
(1.04973e-08 0 0)
(3.84889e-13 0 0)
(1.10653e-17 0 0)
(2.65561e-22 0 0)
(5.53242e-27 0 0)
(1.02743e-31 0 0)
(1.73376e-36 0 0)
(2.69691e-41 0 0)
(3.91045e-46 0 0)
(5.33235e-51 0 0)
(6.8875e-56 0 0)
(8.47678e-61 0 0)
(9.99032e-66 0 0)
(1.13222e-70 0 0)
(1.23834e-75 0 0)
(1.31116e-80 0 0)
(1.34756e-85 0 0)
(1.34754e-90 0 0)
(1.31384e-95 0 0)
(0.000199958 0 0)
(1.04973e-08 0 0)
(3.84889e-13 0 0)
(1.10653e-17 0 0)
(2.65561e-22 0 0)
(5.53242e-27 0 0)
(1.02743e-31 0 0)
(1.73376e-36 0 0)
(2.69691e-41 0 0)
(3.91045e-46 0 0)
(5.33235e-51 0 0)
(6.8875e-56 0 0)
(8.47678e-61 0 0)
(9.99032e-66 0 0)
(1.13222e-70 0 0)
(1.23834e-75 0 0)
(1.31116e-80 0 0)
(1.34756e-85 0 0)
(1.34754e-90 0 0)
(1.31384e-95 0 0)
(0.000199958 0 0)
(1.04973e-08 0 0)
(3.84889e-13 0 0)
(1.10653e-17 0 0)
(2.65561e-22 0 0)
(5.53242e-27 0 0)
(1.02743e-31 0 0)
(1.73376e-36 0 0)
(2.69691e-41 0 0)
(3.91045e-46 0 0)
(5.33235e-51 0 0)
(6.8875e-56 0 0)
(8.47678e-61 0 0)
(9.99032e-66 0 0)
(1.13222e-70 0 0)
(1.23834e-75 0 0)
(1.31116e-80 0 0)
(1.34756e-85 0 0)
(1.34754e-90 0 0)
(1.31384e-95 0 0)
(0.000199958 0 0)
(1.04973e-08 0 0)
(3.84889e-13 0 0)
(1.10653e-17 0 0)
(2.65561e-22 0 0)
(5.53242e-27 0 0)
(1.02743e-31 0 0)
(1.73376e-36 0 0)
(2.69691e-41 0 0)
(3.91045e-46 0 0)
(5.33235e-51 0 0)
(6.8875e-56 0 0)
(8.47678e-61 0 0)
(9.99032e-66 0 0)
(1.13222e-70 0 0)
(1.23834e-75 0 0)
(1.31116e-80 0 0)
(1.34756e-85 0 0)
(1.34754e-90 0 0)
(1.31384e-95 0 0)
(0.000199958 0 0)
(1.04973e-08 0 0)
(3.84889e-13 0 0)
(1.10653e-17 0 0)
(2.65561e-22 0 0)
(5.53242e-27 0 0)
(1.02743e-31 0 0)
(1.73376e-36 0 0)
(2.69691e-41 0 0)
(3.91045e-46 0 0)
(5.33235e-51 0 0)
(6.8875e-56 0 0)
(8.47678e-61 0 0)
(9.99032e-66 0 0)
(1.13222e-70 0 0)
(1.23834e-75 0 0)
(1.31116e-80 0 0)
(1.34756e-85 0 0)
(1.34754e-90 0 0)
(1.31384e-95 0 0)
(0.000199958 0 0)
(1.04973e-08 0 0)
(3.84889e-13 0 0)
(1.10653e-17 0 0)
(2.65561e-22 0 0)
(5.53242e-27 0 0)
(1.02743e-31 0 0)
(1.73376e-36 0 0)
(2.69691e-41 0 0)
(3.91045e-46 0 0)
(5.33235e-51 0 0)
(6.8875e-56 0 0)
(8.47678e-61 0 0)
(9.99032e-66 0 0)
(1.13222e-70 0 0)
(1.23834e-75 0 0)
(1.31116e-80 0 0)
(1.34756e-85 0 0)
(1.34754e-90 0 0)
(1.31384e-95 0 0)
(0.000199958 0 0)
(1.04973e-08 0 0)
(3.84889e-13 0 0)
(1.10653e-17 0 0)
(2.65561e-22 0 0)
(5.53242e-27 0 0)
(1.02743e-31 0 0)
(1.73376e-36 0 0)
(2.69691e-41 0 0)
(3.91045e-46 0 0)
(5.33235e-51 0 0)
(6.8875e-56 0 0)
(8.47678e-61 0 0)
(9.99032e-66 0 0)
(1.13222e-70 0 0)
(1.23834e-75 0 0)
(1.31116e-80 0 0)
(1.34756e-85 0 0)
(1.34754e-90 0 0)
(1.31384e-95 0 0)
(0.000199958 0 0)
(1.04973e-08 0 0)
(3.84889e-13 0 0)
(1.10653e-17 0 0)
(2.65561e-22 0 0)
(5.53242e-27 0 0)
(1.02743e-31 0 0)
(1.73376e-36 0 0)
(2.69691e-41 0 0)
(3.91045e-46 0 0)
(5.33235e-51 0 0)
(6.8875e-56 0 0)
(8.47678e-61 0 0)
(9.99032e-66 0 0)
(1.13222e-70 0 0)
(1.23834e-75 0 0)
(1.31116e-80 0 0)
(1.34756e-85 0 0)
(1.34754e-90 0 0)
(1.31384e-95 0 0)
(0.000199958 0 0)
(1.04973e-08 0 0)
(3.84889e-13 0 0)
(1.10653e-17 0 0)
(2.65561e-22 0 0)
(5.53242e-27 0 0)
(1.02743e-31 0 0)
(1.73376e-36 0 0)
(2.69691e-41 0 0)
(3.91045e-46 0 0)
(5.33235e-51 0 0)
(6.8875e-56 0 0)
(8.47678e-61 0 0)
(9.99032e-66 0 0)
(1.13222e-70 0 0)
(1.23834e-75 0 0)
(1.31116e-80 0 0)
(1.34756e-85 0 0)
(1.34754e-90 0 0)
(1.31384e-95 0 0)
(0.000199958 0 0)
(1.04973e-08 0 0)
(3.84889e-13 0 0)
(1.10653e-17 0 0)
(2.65561e-22 0 0)
(5.53242e-27 0 0)
(1.02743e-31 0 0)
(1.73376e-36 0 0)
(2.69691e-41 0 0)
(3.91045e-46 0 0)
(5.33235e-51 0 0)
(6.8875e-56 0 0)
(8.47678e-61 0 0)
(9.99032e-66 0 0)
(1.13222e-70 0 0)
(1.23834e-75 0 0)
(1.31116e-80 0 0)
(1.34756e-85 0 0)
(1.34754e-90 0 0)
(1.31384e-95 0 0)
(0.000199958 0 0)
(1.04973e-08 0 0)
(3.84889e-13 0 0)
(1.10653e-17 0 0)
(2.65561e-22 0 0)
(5.53242e-27 0 0)
(1.02743e-31 0 0)
(1.73376e-36 0 0)
(2.69691e-41 0 0)
(3.91045e-46 0 0)
(5.33235e-51 0 0)
(6.8875e-56 0 0)
(8.47678e-61 0 0)
(9.99032e-66 0 0)
(1.13222e-70 0 0)
(1.23834e-75 0 0)
(1.31116e-80 0 0)
(1.34756e-85 0 0)
(1.34754e-90 0 0)
(1.31384e-95 0 0)
(0.000199958 0 0)
(1.04973e-08 0 0)
(3.84889e-13 0 0)
(1.10653e-17 0 0)
(2.65561e-22 0 0)
(5.53242e-27 0 0)
(1.02743e-31 0 0)
(1.73376e-36 0 0)
(2.69691e-41 0 0)
(3.91045e-46 0 0)
(5.33235e-51 0 0)
(6.8875e-56 0 0)
(8.47678e-61 0 0)
(9.99032e-66 0 0)
(1.13222e-70 0 0)
(1.23834e-75 0 0)
(1.31116e-80 0 0)
(1.34756e-85 0 0)
(1.34754e-90 0 0)
(1.31384e-95 0 0)
(0.000199958 0 0)
(1.04973e-08 0 0)
(3.84889e-13 0 0)
(1.10653e-17 0 0)
(2.65561e-22 0 0)
(5.53242e-27 0 0)
(1.02743e-31 0 0)
(1.73376e-36 0 0)
(2.69691e-41 0 0)
(3.91045e-46 0 0)
(5.33235e-51 0 0)
(6.8875e-56 0 0)
(8.47678e-61 0 0)
(9.99032e-66 0 0)
(1.13222e-70 0 0)
(1.23834e-75 0 0)
(1.31116e-80 0 0)
(1.34756e-85 0 0)
(1.34754e-90 0 0)
(1.31384e-95 0 0)
(0.000199958 0 0)
(1.04973e-08 0 0)
(3.84889e-13 0 0)
(1.10653e-17 0 0)
(2.65561e-22 0 0)
(5.53242e-27 0 0)
(1.02743e-31 0 0)
(1.73376e-36 0 0)
(2.69691e-41 0 0)
(3.91045e-46 0 0)
(5.33235e-51 0 0)
(6.8875e-56 0 0)
(8.47678e-61 0 0)
(9.99032e-66 0 0)
(1.13222e-70 0 0)
(1.23834e-75 0 0)
(1.31116e-80 0 0)
(1.34756e-85 0 0)
(1.34754e-90 0 0)
(1.31384e-95 0 0)
(0.000199958 0 0)
(1.04973e-08 0 0)
(3.84889e-13 0 0)
(1.10653e-17 0 0)
(2.65561e-22 0 0)
(5.53242e-27 0 0)
(1.02743e-31 0 0)
(1.73376e-36 0 0)
(2.69691e-41 0 0)
(3.91045e-46 0 0)
(5.33235e-51 0 0)
(6.8875e-56 0 0)
(8.47678e-61 0 0)
(9.99032e-66 0 0)
(1.13222e-70 0 0)
(1.23834e-75 0 0)
(1.31116e-80 0 0)
(1.34756e-85 0 0)
(1.34754e-90 0 0)
(1.31384e-95 0 0)
(0.000199958 0 0)
(1.04973e-08 0 0)
(3.84889e-13 0 0)
(1.10653e-17 0 0)
(2.65561e-22 0 0)
(5.53242e-27 0 0)
(1.02743e-31 0 0)
(1.73376e-36 0 0)
(2.69691e-41 0 0)
(3.91045e-46 0 0)
(5.33235e-51 0 0)
(6.8875e-56 0 0)
(8.47678e-61 0 0)
(9.99032e-66 0 0)
(1.13222e-70 0 0)
(1.23834e-75 0 0)
(1.31116e-80 0 0)
(1.34756e-85 0 0)
(1.34754e-90 0 0)
(1.31384e-95 0 0)
(0.000199958 0 0)
(1.04973e-08 0 0)
(3.84889e-13 0 0)
(1.10653e-17 0 0)
(2.65561e-22 0 0)
(5.53242e-27 0 0)
(1.02743e-31 0 0)
(1.73376e-36 0 0)
(2.69691e-41 0 0)
(3.91045e-46 0 0)
(5.33235e-51 0 0)
(6.8875e-56 0 0)
(8.47678e-61 0 0)
(9.99032e-66 0 0)
(1.13222e-70 0 0)
(1.23834e-75 0 0)
(1.31116e-80 0 0)
(1.34756e-85 0 0)
(1.34754e-90 0 0)
(1.31384e-95 0 0)
(0.000199937 0 0)
(1.04958e-08 0 0)
(3.84823e-13 0 0)
(1.10632e-17 0 0)
(2.65506e-22 0 0)
(5.53119e-27 0 0)
(1.02719e-31 0 0)
(1.73333e-36 0 0)
(2.69621e-41 0 0)
(3.90939e-46 0 0)
(5.33084e-51 0 0)
(6.88548e-56 0 0)
(8.47421e-61 0 0)
(9.98719e-66 0 0)
(1.13185e-70 0 0)
(1.23793e-75 0 0)
(1.31071e-80 0 0)
(1.34709e-85 0 0)
(1.34705e-90 0 0)
(1.31336e-95 0 0)
)
;

boundaryField
{
    sourceFaceleft
    {
        type            noSlip;
    }
    destinationFaceleft
    {
        type            noSlip;
    }
    channelWallsleft
    {
        type            noSlip;
    }
    leftRightWallleft
    {
        type            zeroGradient;
    }
    inlet
    {
        type            fixedValue;
        value           uniform (1 0 0);
    }
}


// ************************************************************************* //
