/*--------------------------------*- C++ -*----------------------------------*\
| =========                 |                                                 |
| \\      /  F ield         | OpenFOAM: The Open Source CFD Toolbox           |
|  \\    /   O peration     | Version:  4.1                                   |
|   \\  /    A nd           | Web:      www.OpenFOAM.org                      |
|    \\/     M anipulation  |                                                 |
\*---------------------------------------------------------------------------*/
FoamFile
{
    version     2.0;
    format      ascii;
    class       volVectorField;
    location    "7";
    object      U;
}
// * * * * * * * * * * * * * * * * * * * * * * * * * * * * * * * * * * * * * //

dimensions      [0 1 -1 0 0 0 0];

internalField   nonuniform List<vector> 
400
(
(0.00139704 0 0)
(4.92217e-07 0 0)
(1.16462e-10 0 0)
(2.08141e-14 0 0)
(2.99688e-18 0 0)
(3.62089e-22 0 0)
(3.77579e-26 0 0)
(3.46879e-30 0 0)
(2.85196e-34 0 0)
(2.1246e-38 0 0)
(1.44852e-42 0 0)
(9.11324e-47 0 0)
(5.32753e-51 0 0)
(2.911e-55 0 0)
(1.49426e-59 0 0)
(7.23757e-64 0 0)
(3.32065e-68 0 0)
(1.44813e-72 0 0)
(6.02096e-77 0 0)
(2.39335e-81 0 0)
(0.00139803 0 0)
(4.92683e-07 0 0)
(1.16586e-10 0 0)
(2.08381e-14 0 0)
(3.0005e-18 0 0)
(3.62542e-22 0 0)
(3.78065e-26 0 0)
(3.47335e-30 0 0)
(2.85578e-34 0 0)
(2.1275e-38 0 0)
(1.45053e-42 0 0)
(9.12603e-47 0 0)
(5.3351e-51 0 0)
(2.91519e-55 0 0)
(1.49643e-59 0 0)
(7.24819e-64 0 0)
(3.32558e-68 0 0)
(1.45029e-72 0 0)
(6.03005e-77 0 0)
(2.39699e-81 0 0)
(0.00139803 0 0)
(4.92683e-07 0 0)
(1.16586e-10 0 0)
(2.08381e-14 0 0)
(3.0005e-18 0 0)
(3.62543e-22 0 0)
(3.78065e-26 0 0)
(3.47335e-30 0 0)
(2.85578e-34 0 0)
(2.1275e-38 0 0)
(1.45053e-42 0 0)
(9.12603e-47 0 0)
(5.3351e-51 0 0)
(2.91519e-55 0 0)
(1.49643e-59 0 0)
(7.2482e-64 0 0)
(3.32558e-68 0 0)
(1.45029e-72 0 0)
(6.03006e-77 0 0)
(2.39699e-81 0 0)
(0.00139803 0 0)
(4.92683e-07 0 0)
(1.16586e-10 0 0)
(2.08381e-14 0 0)
(3.0005e-18 0 0)
(3.62543e-22 0 0)
(3.78065e-26 0 0)
(3.47335e-30 0 0)
(2.85578e-34 0 0)
(2.1275e-38 0 0)
(1.45053e-42 0 0)
(9.12603e-47 0 0)
(5.3351e-51 0 0)
(2.91519e-55 0 0)
(1.49643e-59 0 0)
(7.2482e-64 0 0)
(3.32558e-68 0 0)
(1.45029e-72 0 0)
(6.03006e-77 0 0)
(2.39699e-81 0 0)
(0.00139803 0 0)
(4.92683e-07 0 0)
(1.16586e-10 0 0)
(2.08381e-14 0 0)
(3.0005e-18 0 0)
(3.62543e-22 0 0)
(3.78065e-26 0 0)
(3.47335e-30 0 0)
(2.85578e-34 0 0)
(2.1275e-38 0 0)
(1.45053e-42 0 0)
(9.12603e-47 0 0)
(5.3351e-51 0 0)
(2.91519e-55 0 0)
(1.49643e-59 0 0)
(7.2482e-64 0 0)
(3.32558e-68 0 0)
(1.45029e-72 0 0)
(6.03006e-77 0 0)
(2.39699e-81 0 0)
(0.00139803 0 0)
(4.92683e-07 0 0)
(1.16586e-10 0 0)
(2.08381e-14 0 0)
(3.0005e-18 0 0)
(3.62543e-22 0 0)
(3.78065e-26 0 0)
(3.47335e-30 0 0)
(2.85578e-34 0 0)
(2.1275e-38 0 0)
(1.45053e-42 0 0)
(9.12603e-47 0 0)
(5.3351e-51 0 0)
(2.91519e-55 0 0)
(1.49643e-59 0 0)
(7.2482e-64 0 0)
(3.32558e-68 0 0)
(1.45029e-72 0 0)
(6.03006e-77 0 0)
(2.39699e-81 0 0)
(0.00139803 0 0)
(4.92683e-07 0 0)
(1.16586e-10 0 0)
(2.08381e-14 0 0)
(3.0005e-18 0 0)
(3.62543e-22 0 0)
(3.78065e-26 0 0)
(3.47335e-30 0 0)
(2.85578e-34 0 0)
(2.1275e-38 0 0)
(1.45053e-42 0 0)
(9.12603e-47 0 0)
(5.3351e-51 0 0)
(2.91519e-55 0 0)
(1.49643e-59 0 0)
(7.2482e-64 0 0)
(3.32558e-68 0 0)
(1.45029e-72 0 0)
(6.03006e-77 0 0)
(2.39699e-81 0 0)
(0.00139803 0 0)
(4.92683e-07 0 0)
(1.16586e-10 0 0)
(2.08381e-14 0 0)
(3.0005e-18 0 0)
(3.62543e-22 0 0)
(3.78065e-26 0 0)
(3.47335e-30 0 0)
(2.85578e-34 0 0)
(2.1275e-38 0 0)
(1.45053e-42 0 0)
(9.12603e-47 0 0)
(5.3351e-51 0 0)
(2.91519e-55 0 0)
(1.49643e-59 0 0)
(7.2482e-64 0 0)
(3.32558e-68 0 0)
(1.45029e-72 0 0)
(6.03006e-77 0 0)
(2.39699e-81 0 0)
(0.00139803 0 0)
(4.92683e-07 0 0)
(1.16586e-10 0 0)
(2.08381e-14 0 0)
(3.0005e-18 0 0)
(3.62543e-22 0 0)
(3.78065e-26 0 0)
(3.47335e-30 0 0)
(2.85578e-34 0 0)
(2.1275e-38 0 0)
(1.45053e-42 0 0)
(9.12603e-47 0 0)
(5.3351e-51 0 0)
(2.91519e-55 0 0)
(1.49643e-59 0 0)
(7.2482e-64 0 0)
(3.32558e-68 0 0)
(1.45029e-72 0 0)
(6.03006e-77 0 0)
(2.39699e-81 0 0)
(0.00139803 0 0)
(4.92683e-07 0 0)
(1.16586e-10 0 0)
(2.08381e-14 0 0)
(3.0005e-18 0 0)
(3.62543e-22 0 0)
(3.78065e-26 0 0)
(3.47335e-30 0 0)
(2.85578e-34 0 0)
(2.1275e-38 0 0)
(1.45053e-42 0 0)
(9.12603e-47 0 0)
(5.3351e-51 0 0)
(2.91519e-55 0 0)
(1.49643e-59 0 0)
(7.2482e-64 0 0)
(3.32558e-68 0 0)
(1.45029e-72 0 0)
(6.03006e-77 0 0)
(2.39699e-81 0 0)
(0.00139803 0 0)
(4.92683e-07 0 0)
(1.16586e-10 0 0)
(2.08381e-14 0 0)
(3.0005e-18 0 0)
(3.62543e-22 0 0)
(3.78065e-26 0 0)
(3.47335e-30 0 0)
(2.85578e-34 0 0)
(2.1275e-38 0 0)
(1.45053e-42 0 0)
(9.12603e-47 0 0)
(5.3351e-51 0 0)
(2.91519e-55 0 0)
(1.49643e-59 0 0)
(7.2482e-64 0 0)
(3.32558e-68 0 0)
(1.45029e-72 0 0)
(6.03006e-77 0 0)
(2.39699e-81 0 0)
(0.00139803 0 0)
(4.92683e-07 0 0)
(1.16586e-10 0 0)
(2.08381e-14 0 0)
(3.0005e-18 0 0)
(3.62543e-22 0 0)
(3.78065e-26 0 0)
(3.47335e-30 0 0)
(2.85578e-34 0 0)
(2.1275e-38 0 0)
(1.45053e-42 0 0)
(9.12603e-47 0 0)
(5.3351e-51 0 0)
(2.91519e-55 0 0)
(1.49643e-59 0 0)
(7.2482e-64 0 0)
(3.32558e-68 0 0)
(1.45029e-72 0 0)
(6.03006e-77 0 0)
(2.39699e-81 0 0)
(0.00139803 0 0)
(4.92683e-07 0 0)
(1.16586e-10 0 0)
(2.08381e-14 0 0)
(3.0005e-18 0 0)
(3.62543e-22 0 0)
(3.78065e-26 0 0)
(3.47335e-30 0 0)
(2.85578e-34 0 0)
(2.1275e-38 0 0)
(1.45053e-42 0 0)
(9.12603e-47 0 0)
(5.3351e-51 0 0)
(2.91519e-55 0 0)
(1.49643e-59 0 0)
(7.2482e-64 0 0)
(3.32558e-68 0 0)
(1.45029e-72 0 0)
(6.03006e-77 0 0)
(2.39699e-81 0 0)
(0.00139803 0 0)
(4.92683e-07 0 0)
(1.16586e-10 0 0)
(2.08381e-14 0 0)
(3.0005e-18 0 0)
(3.62543e-22 0 0)
(3.78065e-26 0 0)
(3.47335e-30 0 0)
(2.85578e-34 0 0)
(2.1275e-38 0 0)
(1.45053e-42 0 0)
(9.12603e-47 0 0)
(5.3351e-51 0 0)
(2.91519e-55 0 0)
(1.49643e-59 0 0)
(7.2482e-64 0 0)
(3.32558e-68 0 0)
(1.45029e-72 0 0)
(6.03006e-77 0 0)
(2.39699e-81 0 0)
(0.00139803 0 0)
(4.92683e-07 0 0)
(1.16586e-10 0 0)
(2.08381e-14 0 0)
(3.0005e-18 0 0)
(3.62543e-22 0 0)
(3.78065e-26 0 0)
(3.47335e-30 0 0)
(2.85578e-34 0 0)
(2.1275e-38 0 0)
(1.45053e-42 0 0)
(9.12603e-47 0 0)
(5.3351e-51 0 0)
(2.91519e-55 0 0)
(1.49643e-59 0 0)
(7.2482e-64 0 0)
(3.32558e-68 0 0)
(1.45029e-72 0 0)
(6.03006e-77 0 0)
(2.39699e-81 0 0)
(0.00139803 0 0)
(4.92683e-07 0 0)
(1.16586e-10 0 0)
(2.08381e-14 0 0)
(3.0005e-18 0 0)
(3.62543e-22 0 0)
(3.78065e-26 0 0)
(3.47335e-30 0 0)
(2.85578e-34 0 0)
(2.1275e-38 0 0)
(1.45053e-42 0 0)
(9.12603e-47 0 0)
(5.3351e-51 0 0)
(2.91519e-55 0 0)
(1.49643e-59 0 0)
(7.2482e-64 0 0)
(3.32558e-68 0 0)
(1.45029e-72 0 0)
(6.03006e-77 0 0)
(2.39699e-81 0 0)
(0.00139803 0 0)
(4.92683e-07 0 0)
(1.16586e-10 0 0)
(2.08381e-14 0 0)
(3.0005e-18 0 0)
(3.62543e-22 0 0)
(3.78065e-26 0 0)
(3.47335e-30 0 0)
(2.85578e-34 0 0)
(2.1275e-38 0 0)
(1.45053e-42 0 0)
(9.12603e-47 0 0)
(5.3351e-51 0 0)
(2.91519e-55 0 0)
(1.49643e-59 0 0)
(7.2482e-64 0 0)
(3.32558e-68 0 0)
(1.45029e-72 0 0)
(6.03006e-77 0 0)
(2.39699e-81 0 0)
(0.00139803 0 0)
(4.92683e-07 0 0)
(1.16586e-10 0 0)
(2.08381e-14 0 0)
(3.0005e-18 0 0)
(3.62543e-22 0 0)
(3.78065e-26 0 0)
(3.47335e-30 0 0)
(2.85578e-34 0 0)
(2.1275e-38 0 0)
(1.45053e-42 0 0)
(9.12603e-47 0 0)
(5.3351e-51 0 0)
(2.91519e-55 0 0)
(1.49643e-59 0 0)
(7.2482e-64 0 0)
(3.32558e-68 0 0)
(1.45029e-72 0 0)
(6.03006e-77 0 0)
(2.39699e-81 0 0)
(0.00139803 0 0)
(4.92683e-07 0 0)
(1.16586e-10 0 0)
(2.08381e-14 0 0)
(3.0005e-18 0 0)
(3.62542e-22 0 0)
(3.78065e-26 0 0)
(3.47335e-30 0 0)
(2.85578e-34 0 0)
(2.1275e-38 0 0)
(1.45053e-42 0 0)
(9.12603e-47 0 0)
(5.3351e-51 0 0)
(2.91519e-55 0 0)
(1.49643e-59 0 0)
(7.24819e-64 0 0)
(3.32558e-68 0 0)
(1.45029e-72 0 0)
(6.03005e-77 0 0)
(2.39699e-81 0 0)
(0.00139704 0 0)
(4.92217e-07 0 0)
(1.16462e-10 0 0)
(2.08141e-14 0 0)
(2.99688e-18 0 0)
(3.62089e-22 0 0)
(3.77579e-26 0 0)
(3.46879e-30 0 0)
(2.85196e-34 0 0)
(2.1246e-38 0 0)
(1.44852e-42 0 0)
(9.11324e-47 0 0)
(5.32753e-51 0 0)
(2.911e-55 0 0)
(1.49426e-59 0 0)
(7.23757e-64 0 0)
(3.32065e-68 0 0)
(1.44813e-72 0 0)
(6.02096e-77 0 0)
(2.39335e-81 0 0)
)
;

boundaryField
{
    sourceFaceleft
    {
        type            noSlip;
    }
    destinationFaceleft
    {
        type            noSlip;
    }
    channelWallsleft
    {
        type            noSlip;
    }
    leftRightWallleft
    {
        type            zeroGradient;
    }
    inlet
    {
        type            fixedValue;
        value           uniform (1 0 0);
    }
}


// ************************************************************************* //
