/*--------------------------------*- C++ -*----------------------------------*\
| =========                 |                                                 |
| \\      /  F ield         | OpenFOAM: The Open Source CFD Toolbox           |
|  \\    /   O peration     | Version:  4.1                                   |
|   \\  /    A nd           | Web:      www.OpenFOAM.org                      |
|    \\/     M anipulation  |                                                 |
\*---------------------------------------------------------------------------*/
FoamFile
{
    version     2.0;
    format      ascii;
    class       volVectorField;
    location    "10";
    object      U;
}
// * * * * * * * * * * * * * * * * * * * * * * * * * * * * * * * * * * * * * //

dimensions      [0 1 -1 0 0 0 0];

internalField   nonuniform List<vector> 
1705
(
(-2.69793e-60 -6.6411e-28 -1.10106e-29)
(-1.9173e-59 -3.40008e-28 2.3739e-29)
(1.89546e-59 -6.78628e-28 3.41217e-29)
(9.66276e-57 -9.34294e-28 5.94285e-30)
(2.59575e-54 -6.50275e-28 -2.29453e-29)
(4.54145e-52 -3.58147e-28 7.35264e-29)
(2.16372e-50 -7.38319e-28 2.3144e-29)
(4.49135e-48 -9.62025e-28 -1.43081e-29)
(5.81336e-46 -6.48246e-28 -3.55797e-29)
(1.44176e-43 -3.95215e-28 1.27688e-28)
(5.7727e-46 -8.17738e-28 1.05148e-29)
(3.61277e-48 -6.92611e-28 -1.51057e-29)
(7.53936e-50 -4.51773e-28 1.9316e-28)
(1.64386e-51 -9.03946e-28 4.28918e-29)
(2.78051e-49 -1.08452e-27 -2.33988e-30)
(4.23e-47 -7.38713e-28 -3.10094e-29)
(2.47803e-46 -5.38407e-28 2.70091e-28)
(2.09553e-43 -1.05094e-27 3.0162e-29)
(2.21362e-45 -8.37445e-28 -7.7677e-30)
(4.11462e-47 -6.49725e-28 3.76285e-28)
(1.50104e-47 -1.21472e-27 7.68999e-29)
(2.93231e-45 -1.33946e-27 1.4112e-29)
(3.20867e-43 -9.48351e-28 -2.86584e-29)
(3.07339e-46 -8.02615e-28 5.03105e-28)
(1.46419e-47 -1.46269e-27 6.37604e-29)
(-6.5851e-45 -1.5391e-27 -1.65247e-29)
(-5.82704e-43 -1.09826e-27 -5.65395e-29)
(2.20625e-44 -1.00076e-27 6.6524e-28)
(-2.8809e-43 -1.7799e-27 4.23622e-29)
(-3.43505e-45 -1.33059e-27 -2.46171e-29)
(-7.08807e-46 -1.24578e-27 9.07526e-28)
(-6.6589e-43 -2.15864e-27 1.25208e-28)
(-1.25877e-44 -2.16515e-27 4.14672e-30)
(-6.92442e-43 -1.59988e-27 -6.33482e-29)
(1.53265e-43 -1.579e-27 1.19832e-27)
(7.83466e-42 -2.70546e-27 1.02089e-28)
(4.50456e-39 -1.99136e-27 -1.20133e-29)
(1.50383e-36 -1.99428e-27 1.63873e-27)
(7.70951e-35 -3.37055e-27 2.42834e-28)
(3.42454e-32 -3.3152e-27 1.87508e-28)
(3.30216e-31 -3.58732e-27 1.17371e-26)
(3.00623e-31 -4.72889e-27 1.19215e-26)
(-2.01255e-31 -3.58838e-27 1.19591e-26)
(-3.22299e-29 3.66428e-26 1.57694e-26)
(6.32029e-30 -1.20815e-27 7.97457e-27)
(-3.21483e-29 -4.02408e-26 1.50987e-26)
(-2.42241e-31 -6.72322e-28 1.21008e-26)
(1.49797e-31 4.69099e-28 1.20193e-26)
(-1.47969e-30 -6.48797e-28 1.23846e-26)
(-1.42854e-30 -1.01557e-27 1.23976e-26)
(-1.46827e-30 -2.17951e-27 1.23173e-26)
(-2.87137e-30 -1.09137e-27 1.24056e-26)
(-8.97912e-29 3.90007e-26 1.60523e-26)
(1.69168e-29 6.1175e-28 8.27891e-27)
(-8.94131e-29 -3.82373e-26 1.55855e-26)
(-5.93322e-31 1.51865e-27 1.24697e-26)
(3.06237e-30 2.5679e-27 1.24104e-26)
(1.0172e-30 1.35897e-27 1.25122e-26)
(9.84952e-31 9.36935e-28 1.25457e-26)
(1.05435e-30 -2.74738e-28 1.25235e-26)
(5.91746e-30 7.52668e-28 1.26559e-26)
(3.10174e-28 4.02763e-26 1.60823e-26)
(-5.97374e-29 1.85467e-27 8.19269e-27)
(3.06541e-28 -3.63962e-26 1.58515e-26)
(2.45662e-30 3.00289e-27 1.18421e-26)
(1.04809e-30 3.9057e-27 1.18044e-26)
(1.05806e-30 2.60499e-27 1.19305e-26)
(1.08285e-30 2.09185e-27 1.19993e-26)
(1.08831e-30 8.15521e-28 1.20142e-26)
(-2.27835e-31 1.68198e-27 1.21595e-26)
(-8.23925e-29 3.89905e-26 1.51897e-26)
(1.77765e-29 8.20565e-27 7.09065e-27)
(-9.9773e-29 -2.82505e-26 1.22351e-26)
(-2.46175e-30 2.60615e-27 9.64183e-27)
(-9.23079e-31 2.96657e-27 9.64209e-27)
(-9.12041e-31 1.41418e-27 9.75056e-27)
(-9.23172e-31 5.46981e-28 9.78513e-27)
(-9.46933e-31 -6.66546e-28 9.76422e-27)
(-1.84035e-30 -9.23257e-28 9.76033e-27)
(-5.77513e-29 1.56882e-26 1.08465e-26)
(3.72562e-30 1.38148e-26 8.1663e-28)
(3.47352e-34 -4.65191e-28 -2.56651e-28)
(1.89613e-35 -5.2509e-28 -3.32445e-30)
(5.75553e-39 -3.75076e-28 -2.24478e-28)
(1.15485e-40 -4.15197e-28 -2.13603e-29)
(6.1036e-44 -4.06491e-28 -2.00524e-28)
(3.25956e-47 -2.73733e-28 -1.48342e-28)
(5.88197e-46 -2.88307e-28 -7.33018e-30)
(4.95233e-43 -3.05345e-28 -1.35114e-28)
(-4.69563e-43 -2.00881e-28 -1.02584e-28)
(-6.01151e-46 -2.24435e-28 -2.82915e-31)
(-1.10532e-47 -1.65262e-28 -9.65346e-29)
(2.96192e-46 -1.96295e-28 -9.41716e-30)
(3.19357e-43 -2.16163e-28 -9.12644e-29)
(-4.44731e-43 -1.26527e-28 -7.05013e-29)
(-5.85457e-46 -1.57998e-28 -4.24828e-30)
(-1.20503e-46 -1.18885e-28 -6.76161e-29)
(-2.48923e-43 -1.44752e-28 -1.05919e-29)
(3.93163e-43 -1.60555e-28 -6.56984e-29)
(-4.11185e-43 -7.81723e-29 -5.14207e-29)
(-5.43164e-46 -1.18081e-28 -6.12591e-30)
(-2.12272e-47 -1.3659e-28 -4.95751e-29)
(-2.01053e-47 -6.09598e-29 -4.02441e-29)
(-5.1976e-46 -9.64363e-29 -2.23244e-30)
(-3.89817e-43 -7.51006e-29 -3.89531e-29)
(-5.20183e-46 -9.15417e-29 -6.07674e-30)
(-2.02212e-47 -9.76397e-29 -3.7575e-29)
(-2.0055e-47 -3.7249e-29 -3.07585e-29)
(-5.18219e-46 -6.41736e-29 -2.67788e-30)
(-3.82259e-43 -5.10514e-29 -3.02165e-29)
(-1.01629e-45 -5.96849e-29 -4.90071e-30)
(-3.50876e-43 -6.05848e-29 -2.94705e-29)
(-1.76615e-46 -2.03054e-29 -2.48707e-29)
(-5.31027e-46 -3.66156e-29 -2.17136e-30)
(-3.85735e-43 -3.95409e-29 -2.4486e-29)
(-1.64833e-46 -1.30627e-29 -2.21179e-29)
(-9.35596e-48 -9.91946e-30 -2.64254e-31)
(-1.86147e-47 -1.01174e-29 -2.24883e-29)
(-4.71328e-46 -4.32607e-30 1.16798e-31)
(-3.43488e-43 -1.80302e-31 -2.25417e-29)
(-8.28009e-274 3.49584e-33 -1.74792e-32)
(-1.54348e-267 3.63161e-33 -5.31059e-32)
(-2.8156e-261 3.90768e-33 -9.07832e-32)
(-5.02284e-255 4.33452e-33 -1.31982e-31)
(-8.7565e-249 4.92841e-33 -1.78297e-31)
(-1.4907e-242 5.71186e-33 -2.31517e-31)
(-2.47618e-236 6.71454e-33 -2.93689e-31)
(-4.00997e-230 7.97447e-33 -3.67195e-31)
(-6.32529e-224 9.53963e-33 -4.54839e-31)
(-9.70927e-218 1.147e-32 -5.59956e-31)
(-1.44883e-211 1.38403e-32 -6.86544e-31)
(-2.09945e-205 1.67429e-32 -8.39428e-31)
(-2.95083e-199 2.02921e-32 -1.02446e-30)
(-4.01784e-193 2.46281e-32 -1.24879e-30)
(-5.29262e-187 2.99225e-32 -1.52113e-30)
(-6.73519e-181 3.63838e-32 -1.85214e-30)
(-8.26705e-175 4.42635e-32 -2.25486e-30)
(-9.77095e-169 5.38632e-32 -2.74516e-30)
(-1.10996e-162 6.55428e-32 -3.34229e-30)
(-1.20943e-156 7.97302e-32 -4.06948e-30)
(-1.26124e-150 9.69344e-32 -4.95462e-30)
(-1.25574e-144 1.17762e-31 -6.03101e-30)
(-1.19045e-138 1.42939e-31 -7.33831e-30)
(-1.07134e-132 1.73336e-31 -8.92371e-30)
(-9.12181e-127 2.09998e-31 -1.08434e-29)
(-7.32024e-121 2.54152e-31 -1.31641e-29)
(-5.513e-115 3.0719e-31 -1.59656e-29)
(-3.87726e-109 3.70542e-31 -1.93415e-29)
(-2.53199e-103 4.45391e-31 -2.33998e-29)
(-1.52512e-97 5.32026e-31 -2.82576e-29)
(-8.40676e-92 6.28532e-31 -3.40272e-29)
(-4.20081e-86 7.2825e-31 -4.07817e-29)
(-1.88107e-80 8.15119e-31 -4.84845e-29)
(-7.44038e-75 8.558e-31 -5.6854e-29)
(-2.55224e-69 7.88291e-31 -6.51303e-29)
(-7.41033e-64 5.11423e-31 -7.17324e-29)
(-1.76116e-58 -1.04917e-31 -7.39148e-29)
(-3.26155e-53 -1.14484e-30 -6.78517e-29)
(-4.34702e-48 -2.51396e-30 -5.08906e-29)
(-4.0489e-277 1.04859e-32 -1.74621e-32)
(-7.51392e-271 1.0892e-32 -5.30548e-32)
(-1.36451e-264 1.17182e-32 -9.06964e-32)
(-2.42311e-258 1.29962e-32 -1.31855e-31)
(-4.20482e-252 1.47751e-32 -1.78125e-31)
(-7.12482e-246 1.71231e-32 -2.31293e-31)
(-1.17789e-239 2.01298e-32 -2.93406e-31)
(-1.89835e-233 2.39102e-32 -3.66841e-31)
(-2.97984e-227 2.86091e-32 -4.54401e-31)
(-4.55139e-221 3.4407e-32 -5.59417e-31)
(-6.75746e-215 4.15276e-32 -6.85884e-31)
(-9.74181e-209 5.02466e-32 -8.38619e-31)
(-1.36208e-202 6.09032e-32 -1.02347e-30)
(-1.84473e-196 7.39127e-32 -1.24758e-30)
(-2.41678e-190 8.97825e-32 -1.51965e-30)
(-3.05835e-184 1.0913e-31 -1.85033e-30)
(-3.73247e-178 1.32704e-31 -2.25265e-30)
(-4.3855e-172 1.61409e-31 -2.74247e-30)
(-4.95159e-166 1.96332e-31 -3.33902e-30)
(-5.3615e-160 2.38779e-31 -4.06552e-30)
(-5.5548e-154 2.90316e-31 -4.94983e-30)
(-5.49307e-148 3.52814e-31 -6.02523e-30)
(-5.1705e-142 4.28514e-31 -7.33137e-30)
(-4.61839e-136 5.20084e-31 -8.91538e-30)
(-3.90117e-130 6.30673e-31 -1.08334e-29)
(-3.10425e-124 7.63922e-31 -1.31522e-29)
(-2.31661e-118 9.23855e-31 -1.59514e-29)
(-1.61313e-112 1.11452e-30 -1.93249e-29)
(-1.04193e-106 1.33915e-30 -2.33808e-29)
(-6.19924e-101 1.59825e-30 -2.82371e-29)
(-3.36945e-95 1.8859e-30 -3.40072e-29)
(-1.65621e-89 2.18224e-30 -4.07675e-29)
(-7.27053e-84 2.43976e-30 -4.84864e-29)
(-2.80516e-78 2.55961e-30 -5.68913e-29)
(-9.31284e-73 2.35705e-30 -6.52356e-29)
(-2.58276e-67 1.52893e-30 -7.19511e-29)
(-5.72206e-62 -3.17961e-31 -7.42872e-29)
(-9.37532e-57 -3.44246e-30 -6.83712e-29)
(-9.5399e-52 -7.38461e-30 -5.10864e-29)
(4.20949e-275 1.74634e-32 -1.7408e-32)
(7.80252e-269 1.81383e-32 -5.28907e-32)
(1.4152e-262 1.9512e-32 -9.04161e-32)
(2.51007e-256 2.16375e-32 -1.31448e-31)
(4.35044e-250 2.45972e-32 -1.77575e-31)
(7.36266e-244 2.85049e-32 -2.3058e-31)
(1.21575e-237 3.35112e-32 -2.92501e-31)
(1.95705e-231 3.98087e-32 -3.6571e-31)
(3.06842e-225 4.76397e-32 -4.53001e-31)
(4.68137e-219 5.73054e-32 -5.57694e-31)
(6.94282e-213 6.91778e-32 -6.8377e-31)
(9.9985e-207 8.37142e-32 -8.36035e-31)
(1.39658e-200 1.01475e-31 -1.02032e-30)
(1.8897e-194 1.23145e-31 -1.24373e-30)
(2.47361e-188 1.4956e-31 -1.51495e-30)
(3.12792e-182 1.8174e-31 -1.84462e-30)
(3.81498e-176 2.20924e-31 -2.24569e-30)
(4.48026e-170 2.68616e-31 -2.734e-30)
(5.05697e-164 3.26641e-31 -3.32872e-30)
(5.47495e-158 3.97201e-31 -4.053e-30)
(5.67302e-152 4.8295e-31 -4.93463e-30)
(5.61224e-146 5.87078e-31 -6.0068e-30)
(5.28662e-140 7.1339e-31 -7.30903e-30)
(4.72758e-134 8.66399e-31 -8.88836e-30)
(4.00003e-128 1.05138e-30 -1.08008e-29)
(3.19015e-122 1.27433e-30 -1.3113e-29)
(2.38792e-116 1.54179e-30 -1.59046e-29)
(1.6694e-110 1.86023e-30 -1.92695e-29)
(1.08386e-104 2.23464e-30 -2.33164e-29)
(6.49208e-99 2.6656e-30 -2.81643e-29)
(3.55955e-93 3.14316e-30 -3.39297e-29)
(1.76983e-87 3.63481e-30 -4.0694e-29)
(7.88894e-82 4.06287e-30 -4.84364e-29)
(3.10781e-76 4.26507e-30 -5.69025e-29)
(1.06246e-70 3.93598e-30 -6.53729e-29)
(3.07702e-65 2.57013e-30 -7.23075e-29)
(7.3041e-60 -4.9774e-31 -7.49502e-29)
(1.35514e-54 -5.72611e-30 -6.93027e-29)
(1.82789e-49 -1.22569e-29 -5.15409e-29)
(-8.1085e-274 2.44138e-32 -1.73272e-32)
(-1.51202e-267 2.53565e-32 -5.26451e-32)
(-2.75921e-261 2.72756e-32 -8.99966e-32)
(-4.92408e-255 3.02458e-32 -1.30838e-31)
(-8.58768e-249 3.43819e-32 -1.76752e-31)
(-1.46255e-242 3.98437e-32 -2.29511e-31)
(-2.43045e-236 4.68422e-32 -2.91145e-31)
(-3.93765e-230 5.5647e-32 -3.64015e-31)
(-6.21409e-224 6.65975e-32 -4.50902e-31)
(-9.54321e-218 8.01151e-32 -5.5511e-31)
(-1.42478e-211 9.67194e-32 -6.80602e-31)
(-2.06572e-205 1.17049e-31 -8.3216e-31)
(-2.90508e-199 1.41884e-31 -1.01559e-30)
(-3.95796e-193 1.72179e-31 -1.23796e-30)
(-5.21712e-187 2.09099e-31 -1.50793e-30)
(-6.64372e-181 2.54064e-31 -1.83606e-30)
(-8.16083e-175 3.08804e-31 -2.23528e-30)
(-9.65311e-169 3.75423e-31 -2.72133e-30)
(-1.09751e-162 4.56477e-31 -3.3133e-30)
(-1.19699e-156 5.5506e-31 -4.03426e-30)
(-1.24953e-150 6.7491e-31 -4.91185e-30)
(-1.24544e-144 8.20518e-31 -5.97915e-30)
(-1.18211e-138 9.97247e-31 -7.27551e-30)
(-1.06522e-132 1.21144e-30 -8.84778e-30)
(-9.08282e-127 1.47048e-30 -1.07518e-29)
(-7.30056e-121 1.78276e-30 -1.30541e-29)
(-5.50788e-115 2.15735e-30 -1.58342e-29)
(-3.88126e-109 2.60321e-30 -1.91864e-29)
(-2.54015e-103 3.12731e-30 -2.32198e-29)
(-1.5338e-97 3.73054e-30 -2.80554e-29)
(-8.47803e-92 4.39949e-30 -3.38134e-29)
(-4.24972e-86 5.08995e-30 -4.05835e-29)
(-1.90975e-80 5.69566e-30 -4.83603e-29)
(-7.58454e-75 5.99324e-30 -5.69167e-29)
(-2.61375e-69 5.55878e-30 -6.55746e-29)
(-7.62926e-64 3.68273e-30 -7.28378e-29)
(-1.82461e-58 -5.86869e-31 -7.59464e-29)
(-3.40843e-53 -7.95322e-30 -7.07231e-29)
(-4.6227e-48 -1.75078e-29 -5.28911e-29)
(1.68041e-275 3.13265e-32 -1.72196e-32)
(3.11294e-269 3.25355e-32 -5.23184e-32)
(5.64282e-263 3.49972e-32 -8.94383e-32)
(1.00024e-256 3.88075e-32 -1.30027e-31)
(1.73253e-250 4.4114e-32 -1.75656e-31)
(2.93027e-244 5.11218e-32 -2.28088e-31)
(4.83545e-238 6.01017e-32 -2.8934e-31)
(7.77866e-232 7.14004e-32 -3.61759e-31)
(1.21877e-225 8.54532e-32 -4.48107e-31)
(1.85814e-219 1.02801e-31 -5.51669e-31)
(2.75379e-213 1.2411e-31 -6.76384e-31)
(3.96288e-207 1.502e-31 -8.27002e-31)
(5.53115e-201 1.82069e-31 -1.00929e-30)
(7.47833e-195 2.20942e-31 -1.23029e-30)
(9.78132e-189 2.6831e-31 -1.49858e-30)
(1.23586e-182 3.25993e-31 -1.82467e-30)
(1.50605e-176 3.9621e-31 -2.22142e-30)
(1.76715e-170 4.81662e-31 -2.70447e-30)
(1.99285e-164 5.85632e-31 -3.29279e-30)
(2.15559e-158 7.12103e-31 -4.00931e-30)
(2.23147e-152 8.65885e-31 -4.88154e-30)
(2.20544e-146 1.05276e-30 -5.94233e-30)
(2.07542e-140 1.27964e-30 -7.23085e-30)
(1.85408e-134 1.55469e-30 -8.79371e-30)
(1.56713e-128 1.8874e-30 -1.06865e-29)
(1.24853e-122 2.28854e-30 -1.29756e-29)
(9.33574e-117 2.76979e-30 -1.57405e-29)
(6.51978e-111 3.3427e-30 -1.90755e-29)
(4.22857e-105 4.01636e-30 -2.30909e-29)
(2.53027e-99 4.79239e-30 -2.79099e-29)
(1.386e-93 5.65461e-30 -3.36578e-29)
(6.88528e-88 6.5484e-30 -4.04348e-29)
(3.06679e-82 7.34113e-30 -4.82558e-29)
(1.20746e-76 7.75167e-30 -5.69299e-29)
(4.12668e-71 7.24097e-30 -6.5835e-29)
(1.19528e-65 4.89366e-30 -7.35366e-29)
(2.83952e-60 -5.48643e-31 -7.72774e-29)
(5.27691e-55 -1.00891e-29 -7.26869e-29)
(7.10957e-50 -2.27444e-29 -5.54329e-29)
(-6.16563e-274 3.81907e-32 -1.70855e-32)
(-1.15821e-267 3.96642e-32 -5.19111e-32)
(-2.12898e-261 4.26648e-32 -8.87421e-32)
(-3.82682e-255 4.73096e-32 -1.29015e-31)
(-6.72172e-249 5.37784e-32 -1.74289e-31)
(-1.15285e-242 6.23215e-32 -2.26313e-31)
(-1.92918e-236 7.32691e-32 -2.87089e-31)
(-3.14714e-230 8.70441e-32 -3.58945e-31)
(-5.0005e-224 1.04177e-31 -4.44622e-31)
(-7.73132e-218 1.25328e-31 -5.47378e-31)
(-1.16197e-211 1.51309e-31 -6.71122e-31)
(-1.6958e-205 1.83117e-31 -8.20568e-31)
(-2.40039e-199 2.21971e-31 -1.00144e-30)
(-3.2914e-193 2.69361e-31 -1.22071e-30)
(-4.36606e-187 3.27104e-31 -1.48692e-30)
(-5.59481e-181 3.97418e-31 -1.81048e-30)
(-6.91493e-175 4.83007e-31 -2.20414e-30)
(-8.2293e-169 5.87166e-31 -2.68344e-30)
(-9.41265e-163 7.13902e-31 -3.26722e-30)
(-1.03267e-156 8.68077e-31 -3.97821e-30)
(-1.0843e-150 1.05557e-30 -4.84372e-30)
(-1.08698e-144 1.28344e-30 -5.89639e-30)
(-1.03756e-138 1.56014e-30 -7.17512e-30)
(-9.4019e-133 1.89564e-30 -8.72623e-30)
(-8.0608e-127 2.30154e-30 -1.0605e-29)
(-6.51418e-121 2.79102e-30 -1.28776e-29)
(-4.9408e-115 3.37838e-30 -1.56234e-29)
(-3.49995e-109 4.07788e-30 -1.8937e-29)
(-2.30245e-103 4.90096e-30 -2.29298e-29)
(-1.39736e-97 5.8504e-30 -2.77277e-29)
(-7.76274e-92 6.90813e-30 -3.34622e-29)
(-3.91048e-86 8.0107e-30 -4.02462e-29)
(-1.76591e-80 9.002e-30 -4.81197e-29)
(-7.0471e-75 9.54753e-30 -5.69367e-29)
(-2.44006e-69 8.99788e-30 -6.61462e-29)
(-7.1554e-64 6.23045e-30 -7.43958e-29)
(-1.71903e-58 -3.43502e-31 -7.8943e-29)
(-3.22406e-53 -1.20972e-29 -7.51623e-29)
(-4.36596e-48 -2.8276e-29 -5.7467e-29)
(-6.55619e-274 4.4996e-32 -1.69251e-32)
(-1.23137e-267 4.67317e-32 -5.14238e-32)
(-2.26308e-261 5.02666e-32 -8.79092e-32)
(-4.06722e-255 5.57388e-32 -1.27804e-31)
(-7.14286e-249 6.336e-32 -1.72653e-31)
(-1.2249e-242 7.34253e-32 -2.2419e-31)
(-2.04944e-236 8.63239e-32 -2.84396e-31)
(-3.34284e-230 1.02554e-31 -3.55577e-31)
(-5.31069e-224 1.22741e-31 -4.4045e-31)
(-8.20978e-218 1.47662e-31 -5.42243e-31)
(-1.23372e-211 1.78275e-31 -6.64826e-31)
(-1.80026e-205 2.15752e-31 -8.1287e-31)
(-2.54791e-199 2.6153e-31 -9.92044e-31)
(-3.49323e-193 3.17363e-31 -1.20926e-30)
(-4.63319e-187 3.85392e-31 -1.47297e-30)
(-5.93633e-181 4.6823e-31 -1.79349e-30)
(-7.33608e-175 5.69062e-31 -2.18347e-30)
(-8.72936e-169 6.91772e-31 -2.65829e-30)
(-9.98329e-163 8.41085e-31 -3.23661e-30)
(-1.09512e-156 1.02273e-30 -3.94098e-30)
(-1.14972e-150 1.24366e-30 -4.79846e-30)
(-1.15241e-144 1.51219e-30 -5.84141e-30)
(-1.09986e-138 1.8383e-30 -7.10841e-30)
(-9.96504e-133 2.23377e-30 -8.64543e-30)
(-8.54244e-127 2.71231e-30 -1.05074e-29)
(-6.9025e-121 3.28951e-30 -1.27602e-29)
(-5.2347e-115 3.98235e-30 -1.54831e-29)
(-3.70777e-109 4.80789e-30 -1.8771e-29)
(-2.43902e-103 5.7802e-30 -2.27364e-29)
(-1.48025e-97 6.90374e-30 -2.75085e-29)
(-8.22406e-92 8.1595e-30 -3.32257e-29)
(-4.14396e-86 9.47717e-30 -4.0016e-29)
(-1.87229e-80 1.06806e-29 -4.79484e-29)
(-7.47814e-75 1.13875e-29 -5.69307e-29)
(-2.5929e-69 1.08444e-29 -6.64984e-29)
(-7.61891e-64 7.72128e-30 -7.54049e-29)
(-1.83482e-58 7.15999e-32 -8.09429e-29)
(-3.44577e-53 -1.39254e-29 -7.82733e-29)
(-4.65276e-48 -3.38128e-29 -6.1784e-29)
(-3.36266e-277 5.17318e-32 -1.67386e-32)
(-6.28657e-271 5.3727e-32 -5.08572e-32)
(-1.15e-264 5.77909e-32 -8.69407e-32)
(-2.05706e-258 6.4082e-32 -1.26396e-31)
(-3.59543e-252 7.2844e-32 -1.70752e-31)
(-6.13595e-246 8.4416e-32 -2.2172e-31)
(-1.02164e-239 9.92457e-32 -2.81263e-31)
(-1.65816e-233 1.17906e-31 -3.51661e-31)
(-2.62111e-227 1.41116e-31 -4.356e-31)
(-4.03139e-221 1.69769e-31 -5.36272e-31)
(-6.02693e-215 2.04965e-31 -6.57504e-31)
(-8.74854e-209 2.48053e-31 -8.03917e-31)
(-1.23159e-202 3.00684e-31 -9.81118e-31)
(-1.67938e-196 3.64875e-31 -1.19594e-30)
(-2.2151e-190 4.43085e-31 -1.45674e-30)
(-2.8221e-184 5.38319e-31 -1.77375e-30)
(-3.46738e-178 6.54241e-31 -2.15944e-30)
(-4.10147e-172 7.95317e-31 -2.62904e-30)
(-4.66206e-166 9.66982e-31 -3.20102e-30)
(-5.082e-160 1.17584e-30 -3.89769e-30)
(-5.30076e-154 1.42986e-30 -4.74583e-30)
(-5.27738e-148 1.73866e-30 -5.77747e-30)
(-5.00137e-142 2.11371e-30 -7.03081e-30)
(-4.49808e-136 2.56859e-30 -8.55143e-30)
(-3.82606e-130 3.11912e-30 -1.03939e-29)
(-3.06609e-124 3.7833e-30 -1.26236e-29)
(-2.30475e-118 4.58088e-30 -1.53197e-29)
(-1.61687e-112 5.53183e-30 -1.85775e-29)
(-1.05246e-106 6.65313e-30 -2.25107e-29)
(-6.31281e-101 7.95144e-30 -2.72518e-29)
(-3.46082e-95 9.40801e-30 -3.29475e-29)
(-1.71698e-89 1.09479e-29 -3.9742e-29)
(-7.6145e-84 1.23789e-29 -4.77376e-29)
(-2.97178e-78 1.32777e-29 -5.69039e-29)
(-9.99827e-73 1.2795e-29 -6.68795e-29)
(-2.81787e-67 9.39483e-30 -7.65503e-29)
(-6.3736e-62 7.4337e-31 -8.32723e-29)
(-1.07587e-56 -1.55152e-29 -8.19392e-29)
(-1.15858e-51 -3.89257e-29 -6.63458e-29)
(-1.54931e-277 5.83878e-32 -1.65263e-32)
(-3.01142e-271 6.06395e-32 -5.02122e-32)
(-5.71568e-265 6.52261e-32 -8.58382e-32)
(-1.0588e-258 7.23265e-32 -1.24793e-31)
(-1.91325e-252 8.22157e-32 -1.68587e-31)
(-3.37034e-246 9.52767e-32 -2.18909e-31)
(-5.78398e-240 1.12015e-31 -2.77698e-31)
(-9.66302e-234 1.33076e-31 -3.47203e-31)
(-1.57031e-227 1.59273e-31 -4.30078e-31)
(-2.4801e-221 1.91613e-31 -5.29473e-31)
(-3.80325e-215 2.31338e-31 -6.49169e-31)
(-5.65722e-209 2.79971e-31 -7.93726e-31)
(-8.15334e-203 3.39375e-31 -9.6868e-31)
(-1.1372e-196 4.11824e-31 -1.18078e-30)
(-1.533e-190 5.00095e-31 -1.43828e-30)
(-1.99455e-184 6.0758e-31 -1.75126e-30)
(-2.50083e-178 7.38415e-31 -2.13207e-30)
(-3.01672e-172 8.97641e-31 -2.59574e-30)
(-3.49467e-166 1.0914e-30 -3.16051e-30)
(-3.88001e-160 1.32714e-30 -3.8484e-30)
(-4.11962e-154 1.61389e-30 -4.6859e-30)
(-4.17277e-148 1.9625e-30 -5.70464e-30)
(-4.02126e-142 2.38594e-30 -6.94242e-30)
(-3.67585e-136 2.89959e-30 -8.44435e-30)
(-3.17645e-130 3.52136e-30 -1.02645e-29)
(-2.58493e-124 4.27171e-30 -1.24679e-29)
(-1.97234e-118 5.17316e-30 -1.51334e-29)
(-1.40397e-112 6.24878e-30 -1.83566e-29)
(-9.26927e-107 7.51871e-30 -2.22525e-29)
(-5.63718e-101 8.99247e-30 -2.69575e-29)
(-3.13222e-95 1.06528e-29 -3.26265e-29)
(-1.57435e-89 1.24225e-29 -3.94218e-29)
(-7.07068e-84 1.40982e-29 -4.74824e-29)
(-2.79327e-78 1.52232e-29 -5.68475e-29)
(-9.50737e-73 1.4863e-29 -6.7275e-29)
(-2.70908e-67 1.12801e-29 -7.78152e-29)
(-6.19129e-62 1.72235e-30 -8.59249e-29)
(-1.05586e-56 -1.6816e-29 -8.62072e-29)
(-1.15193e-51 -4.42702e-29 -7.03841e-29)
(-3.12016e-274 6.49537e-32 -1.62885e-32)
(-6.08232e-268 6.74585e-32 -4.94898e-32)
(-1.15801e-261 7.25608e-32 -8.46033e-32)
(-2.15222e-255 8.04595e-32 -1.22998e-31)
(-3.90252e-249 9.14607e-32 -1.66162e-31)
(-6.89948e-243 1.05991e-31 -2.15761e-31)
(-1.18852e-236 1.24611e-31 -2.73704e-31)
(-1.99338e-230 1.48041e-31 -3.4221e-31)
(-3.25253e-224 1.77185e-31 -4.23892e-31)
(-5.15851e-218 2.13162e-31 -5.21859e-31)
(-7.94492e-212 2.57356e-31 -6.39833e-31)
(-1.18707e-205 3.11458e-31 -7.8231e-31)
(-1.71873e-199 3.77542e-31 -9.54748e-31)
(-2.40862e-193 4.58138e-31 -1.1638e-30)
(-3.26286e-187 5.56335e-31 -1.41759e-30)
(-4.26674e-181 6.75906e-31 -1.72608e-30)
(-5.37774e-175 8.21452e-31 -2.10142e-30)
(-6.52219e-169 9.98587e-31 -2.55844e-30)
(-7.59788e-163 1.21414e-30 -3.11512e-30)
(-8.48475e-157 1.47642e-30 -3.79319e-30)
(-9.06333e-151 1.79546e-30 -4.61876e-30)
(-9.23839e-145 2.18336e-30 -5.62305e-30)
(-8.96206e-139 2.65459e-30 -6.84339e-30)
(-8.24961e-133 3.22627e-30 -8.32435e-30)
(-7.18171e-127 3.91844e-30 -1.01194e-29)
(-5.89062e-121 4.75402e-30 -1.22933e-29)
(-4.53295e-115 5.75837e-30 -1.49243e-29)
(-3.25661e-109 6.95777e-30 -1.81084e-29)
(-2.17202e-103 8.37586e-30 -2.19619e-29)
(-1.336e-97 1.00257e-29 -2.6625e-29)
(-7.51978e-92 1.18927e-29 -3.22615e-29)
(-3.83693e-86 1.39004e-29 -3.90529e-29)
(-1.75455e-80 1.58392e-29 -4.71775e-29)
(-7.0883e-75 1.72282e-29 -5.6751e-29)
(-2.48408e-69 1.70608e-29 -6.76681e-29)
(-7.37119e-64 1.34063e-29 -7.91785e-29)
(-1.79157e-58 3.06373e-30 -8.88915e-29)
(-3.39942e-53 -1.77572e-29 -9.11376e-29)
(-4.67339e-48 -4.94849e-29 -7.72746e-29)
(-1.5479e-277 7.14194e-32 -1.60256e-32)
(-3.00922e-271 7.41735e-32 -4.86911e-32)
(-5.71249e-265 7.97835e-32 -8.3238e-32)
(-1.05839e-258 8.84684e-32 -1.21013e-31)
(-1.9128e-252 1.00565e-31 -1.6348e-31)
(-3.37005e-246 1.16541e-31 -2.12279e-31)
(-5.78432e-240 1.37015e-31 -2.69287e-31)
(-9.66495e-234 1.62778e-31 -3.36689e-31)
(-1.57084e-227 1.94823e-31 -4.17054e-31)
(-2.48127e-221 2.34383e-31 -5.13439e-31)
(-3.80556e-215 2.82976e-31 -6.2951e-31)
(-5.6614e-209 3.42465e-31 -7.69688e-31)
(-8.16045e-203 4.15127e-31 -9.39344e-31)
(-1.13834e-196 5.03746e-31 -1.14502e-30)
(-1.53475e-190 6.11718e-31 -1.39472e-30)
(-1.99711e-184 7.4319e-31 -1.69824e-30)
(-2.50439e-178 9.03226e-31 -2.06754e-30)
(-3.02146e-172 1.098e-30 -2.5172e-30)
(-3.50071e-166 1.33502e-30 -3.06494e-30)
(-3.88734e-160 1.62344e-30 -3.73214e-30)
(-4.12813e-154 1.97429e-30 -4.54451e-30)
(-4.18217e-148 2.40091e-30 -5.53282e-30)
(-4.03114e-142 2.91923e-30 -6.73384e-30)
(-3.68571e-136 3.54814e-30 -8.19158e-30)
(-3.18575e-130 4.30977e-30 -9.95893e-30)
(-2.59322e-124 5.22952e-30 -1.20999e-29)
(-1.97928e-118 6.33565e-30 -1.46926e-29)
(-1.40942e-112 7.65782e-30 -1.78331e-29)
(-9.30912e-107 9.22346e-30 -2.16389e-29)
(-5.66421e-101 1.10498e-29 -2.62541e-29)
(-3.14911e-95 1.31266e-29 -3.18515e-29)
(-1.584e-89 1.53807e-29 -3.86325e-29)
(-7.12058e-84 1.76019e-29 -4.68169e-29)
(-2.81639e-78 1.92955e-29 -5.66031e-29)
(-9.60186e-73 1.93988e-29 -6.80394e-29)
(-2.74257e-67 1.58019e-29 -8.06146e-29)
(-6.29165e-62 4.82771e-30 -9.21576e-29)
(-1.08047e-56 -1.82592e-29 -9.6717e-29)
(-1.19898e-51 -5.4986e-29 -8.45494e-29)
(-5.06092e-277 7.7775e-32 -1.5738e-32)
(-9.34551e-271 8.0774e-32 -4.78173e-32)
(-1.68872e-264 8.68832e-32 -8.17443e-32)
(-2.98403e-258 9.63409e-32 -1.18842e-31)
(-5.15264e-252 1.09514e-31 -1.60547e-31)
(-8.68786e-246 1.26912e-31 -2.08471e-31)
(-1.42925e-239 1.49208e-31 -2.64456e-31)
(-2.29217e-233 1.77264e-31 -3.30648e-31)
(-3.58049e-227 2.12161e-31 -4.09572e-31)
(-5.44227e-221 2.55242e-31 -5.04228e-31)
(-8.04118e-215 3.0816e-31 -6.18216e-31)
(-1.15369e-208 3.72944e-31 -7.5588e-31)
(-1.60539e-202 4.52073e-31 -9.22492e-31)
(-2.16399e-196 5.48577e-31 -1.12448e-30)
(-2.82182e-190 6.66158e-31 -1.3697e-30)
(-3.55443e-184 8.09331e-31 -1.66778e-30)
(-4.31814e-178 9.8361e-31 -2.03046e-30)
(-5.05091e-172 1.19572e-30 -2.47208e-30)
(-5.67783e-166 1.45386e-30 -3.01003e-30)
(-6.12144e-160 1.76797e-30 -3.66534e-30)
(-6.3156e-154 2.15011e-30 -4.46326e-30)
(-6.2201e-148 2.61481e-30 -5.43407e-30)
(-5.83203e-142 3.17946e-30 -6.61394e-30)
(-5.18994e-136 3.8647e-30 -8.04624e-30)
(-4.36865e-130 4.69475e-30 -9.78316e-30)
(-3.46501e-124 5.69751e-30 -1.18881e-29)
(-2.57831e-118 6.90418e-30 -1.44386e-29)
(-1.79084e-112 8.34792e-30 -1.75308e-29)
(-1.15436e-106 1.00603e-29 -2.12835e-29)
(-6.85825e-101 1.20635e-29 -2.58444e-29)
(-3.72508e-95 1.43529e-29 -3.13953e-29)
(-1.83153e-89 1.68617e-29 -3.81579e-29)
(-8.0524e-84 1.93852e-29 -4.63945e-29)
(-3.11668e-78 2.14266e-29 -5.63916e-29)
(-1.0403e-72 2.18859e-29 -6.83668e-29)
(-2.90983e-67 1.84947e-29 -8.20927e-29)
(-6.53316e-62 7.07998e-30 -9.57038e-29)
(-1.09394e-56 -1.82125e-29 -1.031e-28)
(-1.16122e-51 -6.02671e-29 -9.17303e-29)
(-9.76698e-274 8.40106e-32 -1.54261e-32)
(-1.81219e-267 8.725e-32 -4.68698e-32)
(-3.2904e-261 9.38489e-32 -8.01246e-32)
(-5.84259e-255 1.04065e-31 -1.16487e-31)
(-1.01384e-248 1.18294e-31 -1.57366e-31)
(-1.71795e-242 1.37087e-31 -2.0434e-31)
(-2.84047e-236 1.61171e-31 -2.59217e-31)
(-4.57872e-230 1.91477e-31 -3.24098e-31)
(-7.18927e-224 2.29172e-31 -4.01458e-31)
(-1.0985e-217 2.75708e-31 -4.94239e-31)
(-1.63174e-211 3.3287e-31 -6.05969e-31)
(-2.3538e-205 4.02848e-31 -7.40906e-31)
(-3.29348e-199 4.88322e-31 -9.04217e-31)
(-4.46443e-193 5.92564e-31 -1.1022e-30)
(-5.85499e-187 7.19572e-31 -1.34257e-30)
(-7.41839e-181 8.74225e-31 -1.63475e-30)
(-9.06652e-175 1.06248e-30 -1.99026e-30)
(-1.06706e-168 1.29161e-30 -2.42315e-30)
(-1.20713e-162 1.57046e-30 -2.95049e-30)
(-1.30998e-156 1.90979e-30 -3.59289e-30)
(-1.36072e-150 2.32265e-30 -4.37514e-30)
(-1.34962e-144 2.82474e-30 -5.32695e-30)
(-1.27478e-138 3.43489e-30 -6.48387e-30)
(-1.14324e-132 4.17548e-30 -7.88852e-30)
(-9.70243e-127 5.07281e-30 -9.59237e-30)
(-7.76299e-121 6.15727e-30 -1.1658e-29)
(-5.83094e-115 7.46309e-30 -1.41626e-29)
(-4.09165e-109 9.02705e-30 -1.72018e-29)
(-2.66731e-103 1.08852e-29 -2.08958e-29)
(-1.60482e-97 1.30653e-29 -2.53956e-29)
(-8.84308e-92 1.55699e-29 -3.08919e-29)
(-4.42174e-86 1.83415e-29 -3.76261e-29)
(-1.98384e-80 2.11875e-29 -4.59039e-29)
(-7.87522e-75 2.3621e-29 -5.6103e-29)
(-2.71713e-69 2.4528e-29 -6.86258e-29)
(-7.95879e-64 2.15109e-29 -8.35758e-29)
(-1.91636e-58 9.89143e-30 -9.94991e-29)
(-3.6191e-53 -1.74926e-29 -1.10186e-28)
(-4.97127e-48 -6.53998e-29 -1.01051e-28)
(-3.3457e-274 9.01167e-32 -1.50905e-32)
(-5.63314e-268 9.35915e-32 -4.585e-32)
(-9.1773e-262 1.0067e-31 -7.83814e-32)
(-1.44163e-255 1.11628e-31 -1.13953e-31)
(-2.17319e-249 1.26891e-31 -1.53943e-31)
(-3.12214e-243 1.4705e-31 -1.99895e-31)
(-4.22942e-237 1.72885e-31 -2.53578e-31)
(-5.30414e-231 2.05394e-31 -3.17048e-31)
(-5.93649e-225 2.4583e-31 -3.92725e-31)
(-5.39317e-219 2.95749e-31 -4.83489e-31)
(-2.51482e-213 3.57066e-31 -5.92788e-31)
(4.3481e-207 4.32131e-31 -7.24789e-31)
(1.73081e-200 5.23818e-31 -8.84548e-31)
(3.87615e-194 6.35637e-31 -1.07823e-30)
(7.10077e-188 7.71878e-31 -1.31337e-30)
(1.1566e-181 9.37773e-31 -1.5992e-30)
(1.7291e-175 1.13972e-30 -1.94699e-30)
(2.40813e-169 1.38551e-30 -2.37049e-30)
(3.1482e-163 1.68465e-30 -2.8864e-30)
(3.87844e-157 2.04869e-30 -3.5149e-30)
(4.51042e-151 2.49163e-30 -4.28027e-30)
(4.95316e-145 3.03036e-30 -5.21162e-30)
(5.13283e-139 3.68512e-30 -6.34379e-30)
(5.01181e-133 4.48e-30 -7.71866e-30)
(4.60094e-127 5.44337e-30 -9.3868e-30)
(3.9598e-121 6.60812e-30 -1.141e-29)
(3.18372e-115 8.01153e-30 -1.38647e-29)
(2.38106e-109 9.69418e-30 -1.68464e-29)
(1.64794e-103 1.16969e-29 -2.04759e-29)
(1.049e-97 1.40536e-29 -2.49075e-29)
(6.09603e-92 1.67756e-29 -3.03401e-29)
(3.20519e-86 1.98179e-29 -3.70343e-29)
(1.50796e-80 2.30059e-29 -4.53386e-29)
(6.26101e-75 2.58767e-29 -5.57235e-29)
(2.25376e-69 2.73284e-29 -6.87889e-29)
(6.87015e-64 2.48738e-29 -8.502e-29)
(1.71645e-58 1.33378e-29 -1.03504e-28)
(3.34726e-53 -1.59489e-29 -1.18159e-28)
(4.69397e-48 -6.95865e-29 -1.10734e-28)
(-3.72456e-277 9.60838e-32 -1.47316e-32)
(-6.44825e-271 9.97886e-32 -4.47595e-32)
(-1.08597e-264 1.07336e-31 -7.65173e-32)
(-1.77592e-258 1.1902e-31 -1.11243e-31)
(-2.81397e-252 1.35293e-31 -1.50282e-31)
(-4.30862e-246 1.56787e-31 -1.95142e-31)
(-6.35284e-240 1.84333e-31 -2.47548e-31)
(-8.9779e-234 2.18995e-31 -3.09509e-31)
(-1.20799e-227 2.62109e-31 -3.83387e-31)
(-1.53183e-221 3.15333e-31 -4.71992e-31)
(-1.79948e-215 3.80711e-31 -5.78693e-31)
(-1.89369e-209 4.60748e-31 -7.07555e-31)
(-1.64301e-203 5.58507e-31 -8.63516e-31)
(-8.25416e-198 6.77732e-31 -1.05259e-30)
(8.10921e-192 8.22994e-31 -1.28215e-30)
(3.50567e-185 9.99878e-31 -1.56118e-30)
(7.42362e-179 1.2152e-30 -1.90071e-30)
(1.258e-172 1.47728e-30 -2.31417e-30)
(1.87719e-166 1.79625e-30 -2.81785e-30)
(2.55408e-160 2.18445e-30 -3.43149e-30)
(3.21915e-154 2.65681e-30 -4.17881e-30)
(3.78816e-148 3.23137e-30 -5.08825e-30)
(4.17772e-142 3.92977e-30 -6.19394e-30)
(4.32398e-136 4.77779e-30 -7.53688e-30)
(4.1995e-130 5.80585e-30 -9.16674e-30)
(3.82217e-124 7.04934e-30 -1.11444e-29)
(3.25261e-118 8.54866e-30 -1.35454e-29)
(2.5798e-112 1.03483e-29 -1.64648e-29)
(1.89936e-106 1.24941e-29 -2.00239e-29)
(1.29151e-100 1.50269e-29 -2.43798e-29)
(8.0608e-95 1.7968e-29 -2.9739e-29)
(4.58325e-89 2.12878e-29 -3.638e-29)
(2.35225e-83 2.48366e-29 -4.46921e-29)
(1.07735e-77 2.81895e-29 -5.52385e-29)
(4.34072e-72 3.02864e-29 -6.88263e-29)
(1.51008e-66 2.86026e-29 -8.63739e-29)
(4.42184e-61 1.74989e-29 -1.07664e-28)
(1.04941e-55 -1.3429e-29 -1.26771e-28)
(1.89405e-50 -7.29161e-29 -1.22898e-28)
(-9.57783e-274 1.01903e-31 -1.43499e-32)
(-1.77739e-267 1.05832e-31 -4.36e-32)
(-3.22782e-261 1.13836e-31 -7.45352e-32)
(-5.73266e-255 1.26227e-31 -1.08362e-31)
(-9.94985e-249 1.43487e-31 -1.46389e-31)
(-1.68643e-242 1.66282e-31 -1.90087e-31)
(-2.78912e-236 1.95496e-31 -2.41137e-31)
(-4.49729e-230 2.32258e-31 -3.01493e-31)
(-7.06375e-224 2.77983e-31 -3.73457e-31)
(-1.07972e-217 3.34432e-31 -4.59768e-31)
(-1.60449e-211 4.0377e-31 -5.63705e-31)
(-2.31552e-205 4.88655e-31 -6.8923e-31)
(-3.24151e-199 5.92335e-31 -8.41152e-31)
(-4.39639e-193 7.18781e-31 -1.02533e-30)
(-5.76924e-187 8.72843e-31 -1.24894e-30)
(-7.31464e-181 1.06044e-30 -1.52076e-30)
(-8.94638e-175 1.28881e-30 -1.85151e-30)
(-1.05379e-168 1.56677e-30 -2.25428e-30)
(-1.19321e-162 1.90509e-30 -2.74496e-30)
(-1.2962e-156 2.31685e-30 -3.34279e-30)
(-1.34794e-150 2.81792e-30 -4.07089e-30)
(-1.33865e-144 3.42746e-30 -4.95703e-30)
(-1.2662e-138 4.16847e-30 -6.03451e-30)
(-1.13734e-132 5.06839e-30 -7.34344e-30)
(-9.66928e-127 6.15968e-30 -8.93249e-30)
(-7.75157e-121 7.48026e-30 -1.08615e-29)
(-5.83499e-115 9.07362e-30 -1.32049e-29)
(-4.10432e-109 1.09883e-29 -1.60573e-29)
(-2.68266e-103 1.32754e-29 -1.95402e-29)
(-1.61875e-97 1.59834e-29 -2.38127e-29)
(-8.94815e-92 1.91448e-29 -2.90879e-29)
(-4.48963e-86 2.27481e-29 -3.56606e-29)
(-2.02168e-80 2.66748e-29 -4.39582e-29)
(-8.05638e-75 3.05528e-29 -5.46335e-29)
(-2.79069e-69 3.33972e-29 -6.87062e-29)
(-8.20735e-64 3.27112e-29 -8.75775e-29)
(-1.98458e-58 2.24577e-29 -1.11911e-28)
(-3.76851e-53 -9.76502e-30 -1.36242e-28)
(-5.23745e-48 -7.84964e-29 -1.36633e-28)
(-2.6345e-273 1.07565e-31 -1.39462e-32)
(-4.765e-267 1.11712e-31 -4.23733e-32)
(-8.42631e-261 1.20161e-31 -7.24382e-32)
(-1.45582e-254 1.33241e-31 -1.05313e-31)
(-2.4555e-248 1.51459e-31 -1.42271e-31)
(-4.03998e-242 1.75521e-31 -1.8474e-31)
(-6.47815e-236 2.06359e-31 -2.34353e-31)
(-1.01147e-229 2.45163e-31 -2.93012e-31)
(-1.53624e-223 2.93429e-31 -3.62952e-31)
(-2.26731e-217 3.53015e-31 -4.46835e-31)
(-3.24803e-211 4.26207e-31 -5.47849e-31)
(-4.51086e-205 5.15808e-31 -6.69843e-31)
(-6.06541e-199 6.2525e-31 -8.1749e-31)
(-7.88514e-193 7.58723e-31 -9.96491e-31)
(-9.89559e-187 9.21347e-31 -1.21381e-30)
(-1.19683e-180 1.11937e-30 -1.47799e-30)
(-1.39247e-174 1.36044e-30 -1.79944e-30)
(-1.55537e-168 1.65386e-30 -2.19091e-30)
(-1.66423e-162 2.01101e-30 -2.66784e-30)
(-1.7016e-156 2.44571e-30 -3.24893e-30)
(-1.65793e-150 2.97472e-30 -3.95669e-30)
(-1.53458e-144 3.61831e-30 -4.81814e-30)
(-1.3446e-138 4.40082e-30 -5.86575e-30)
(-1.11072e-132 5.35134e-30 -7.13863e-30)
(-8.60902e-127 6.50433e-30 -8.68437e-30)
(-6.22548e-121 7.90018e-30 -1.05616e-29)
(-4.17122e-115 9.58557e-30 -1.28438e-29)
(-2.56717e-109 1.16131e-29 -1.56244e-29)
(-1.43487e-103 1.40395e-29 -1.90249e-29)
(-7.16926e-98 1.69212e-29 -2.3206e-29)
(-3.12606e-92 2.03032e-29 -2.83861e-29)
(-1.14036e-86 2.41949e-29 -3.4874e-29)
(-3.16288e-81 2.85148e-29 -4.31312e-29)
(-4.52304e-76 3.2958e-29 -5.38941e-29)
(1.33355e-70 3.66508e-29 -6.83947e-29)
(1.28639e-64 3.72055e-29 -8.85618e-29)
(5.41944e-59 2.83004e-29 -1.16159e-28)
(1.51117e-53 -4.63973e-30 -1.46962e-28)
(2.87192e-48 -8.19941e-29 -1.53174e-28)
(-1.91818e-276 1.1306e-31 -1.35209e-32)
(-3.4792e-270 1.1742e-31 -4.10813e-32)
(-6.17214e-264 1.263e-31 -7.02295e-32)
(-1.07018e-257 1.40048e-31 -1.02102e-31)
(-1.81227e-251 1.59197e-31 -1.37933e-31)
(-2.99501e-245 1.84489e-31 -1.79107e-31)
(-4.82643e-239 2.16902e-31 -2.27208e-31)
(-7.57751e-233 2.5769e-31 -2.84079e-31)
(-1.15797e-226 3.08423e-31 -3.51887e-31)
(-1.72071e-220 3.71054e-31 -4.33213e-31)
(-2.48371e-214 4.47986e-31 -5.31147e-31)
(-3.47846e-208 5.42167e-31 -6.49422e-31)
(-4.72108e-202 6.57202e-31 -7.92569e-31)
(-6.20152e-196 7.97496e-31 -9.66113e-31)
(-7.87319e-190 9.68431e-31 -1.17681e-30)
(-9.64588e-184 1.17658e-30 -1.43294e-30)
(-1.13857e-177 1.42997e-30 -1.74461e-30)
(-1.29251e-171 1.7384e-30 -2.12416e-30)
(-1.40838e-165 2.11383e-30 -2.58659e-30)
(-1.46992e-159 2.5708e-30 -3.15005e-30)
(-1.46602e-153 3.12696e-30 -3.83637e-30)
(-1.39361e-147 3.80363e-30 -4.67181e-30)
(-1.25907e-141 4.62649e-30 -5.6879e-30)
(-1.07765e-135 5.62621e-30 -6.92274e-30)
(-8.70691e-130 6.83923e-30 -8.42272e-30)
(-6.61368e-124 8.30844e-30 -1.02452e-29)
(-4.70111e-118 1.00837e-29 -1.24623e-29)
(-3.11041e-112 1.22217e-29 -1.51665e-29)
(-1.90368e-106 1.4785e-29 -1.84785e-29)
(-1.06992e-100 1.78386e-29 -2.25599e-29)
(-5.47372e-95 2.14408e-29 -2.76331e-29)
(-2.52203e-89 2.56241e-29 -3.40183e-29)
(-1.0327e-83 3.03495e-29 -4.22056e-29)
(-3.69429e-78 3.53936e-29 -5.30063e-29)
(-1.12857e-72 4.00319e-29 -6.78567e-29)
(-2.85111e-67 4.20813e-29 -8.92476e-29)
(-5.67033e-62 3.51095e-29 -1.2028e-28)
(-8.13768e-57 2.262e-30 -1.58301e-28)
(-6.84843e-52 -8.34531e-29 -1.71591e-28)
(-1.02422e-273 1.18382e-31 -1.30748e-32)
(-1.90035e-267 1.22946e-31 -3.97259e-32)
(-3.45045e-261 1.32245e-31 -6.79125e-32)
(-6.12671e-255 1.4664e-31 -9.87335e-32)
(-1.06312e-248 1.6669e-31 -1.33383e-31)
(-1.80141e-242 1.93173e-31 -1.73199e-31)
(-2.97839e-236 2.27112e-31 -2.19713e-31)
(-4.80086e-230 2.69819e-31 -2.74707e-31)
(-7.53773e-224 3.22941e-31 -3.40279e-31)
(-1.15169e-217 3.88521e-31 -4.18922e-31)
(-1.71066e-211 4.69075e-31 -5.13626e-31)
(-2.4675e-205 5.6769e-31 -6.27999e-31)
(-3.45235e-199 6.8814e-31 -7.66424e-31)
(-4.6795e-193 8.3504e-31 -9.34245e-31)
(-6.13666e-187 1.01402e-30 -1.138e-30)
(-7.77481e-181 1.23197e-30 -1.38568e-30)
(-9.50164e-175 1.4973e-30 -1.68708e-30)
(-1.11822e-168 1.82027e-30 -2.05414e-30)
(-1.26498e-162 2.21341e-30 -2.50136e-30)
(-1.37276e-156 2.69195e-30 -3.0463e-30)
(-1.42599e-150 3.2744e-30 -3.71012e-30)
(-1.41448e-144 3.98314e-30 -4.51824e-30)
(-1.33624e-138 4.84511e-30 -5.50124e-30)
(-1.19864e-132 5.89255e-30 -6.69608e-30)
(-1.0176e-126 7.16386e-30 -8.14792e-30)
(-8.14575e-121 8.70438e-30 -9.91271e-30)
(-6.12238e-115 1.05671e-29 -1.20611e-29)
(-4.29986e-109 1.2813e-29 -1.46841e-29)
(-2.80623e-103 1.55105e-29 -1.79015e-29)
(-1.6909e-97 1.87335e-29 -2.18748e-29)
(-9.33522e-92 2.25546e-29 -2.6829e-29)
(-4.67932e-86 2.70311e-29 -3.30923e-29)
(-2.10605e-80 3.21714e-29 -4.11773e-29)
(-8.39442e-75 3.78462e-29 -5.19576e-29)
(-2.91155e-69 4.35185e-29 -6.70571e-29)
(-8.58713e-64 4.73213e-29 -8.95463e-29)
(-2.0866e-58 4.29588e-29 -1.24123e-28)
(-3.98998e-53 1.1277e-29 -1.70674e-28)
(-5.58164e-48 -8.85097e-29 -1.93497e-28)
(-4.11545e-273 1.23521e-31 -1.26086e-32)
(-7.40844e-267 1.28284e-31 -3.83093e-32)
(-1.30354e-260 1.37985e-31 -6.54908e-32)
(-2.24019e-254 1.53006e-31 -9.52128e-32)
(-3.75716e-248 1.73926e-31 -1.28627e-31)
(-6.14442e-242 2.01558e-31 -1.67023e-31)
(-9.78939e-236 2.36971e-31 -2.11879e-31)
(-1.51797e-229 2.81533e-31 -2.64913e-31)
(-2.28851e-223 3.36961e-31 -3.28147e-31)
(-3.35075e-217 4.05388e-31 -4.03986e-31)
(-4.75893e-211 4.8944e-31 -4.95313e-31)
(-6.54775e-205 5.92337e-31 -6.05609e-31)
(-8.71521e-199 7.18018e-31 -7.39098e-31)
(-1.12047e-192 8.71297e-31 -9.00936e-31)
(-1.3891e-186 1.05805e-30 -1.09743e-30)
(-1.65758e-180 1.28547e-30 -1.33628e-30)
(-1.89989e-174 1.56233e-30 -1.62695e-30)
(-2.08693e-168 1.89934e-30 -1.98094e-30)
(-2.19127e-162 2.30958e-30 -2.41226e-30)
(-2.19291e-156 2.80896e-30 -2.93785e-30)
(-2.08458e-150 3.41683e-30 -3.57813e-30)
(-1.87488e-144 4.15656e-30 -4.35767e-30)
(-1.58797e-138 5.05633e-30 -5.30602e-30)
(-1.25925e-132 6.14995e-30 -6.45899e-30)
(-9.281e-127 7.47769e-30 -7.86036e-30)
(-6.29566e-121 9.08733e-30 -9.56456e-30)
(-3.87612e-115 1.1035e-29 -1.16406e-29)
(-2.11902e-109 1.33859e-29 -1.41778e-29)
(-9.88046e-104 1.62147e-29 -1.72944e-29)
(-3.5692e-98 1.9604e-29 -2.11511e-29)
(-6.53258e-93 2.36416e-29 -2.59736e-29)
(3.32074e-87 2.84112e-29 -3.2095e-29)
(4.4519e-81 3.39718e-29 -4.00426e-29)
(2.94446e-75 4.02995e-29 -5.07369e-29)
(1.42177e-69 4.7082e-29 -6.59617e-29)
(5.34823e-64 5.28912e-29 -8.93596e-29)
(1.56938e-58 5.19059e-29 -1.27489e-28)
(3.48018e-53 2.30129e-29 -1.84594e-28)
(5.44202e-48 -8.97391e-29 -2.20892e-28)
(-2.18518e-276 1.2847e-31 -1.21229e-32)
(-3.91905e-270 1.33423e-31 -3.68336e-32)
(-6.87032e-264 1.43513e-31 -6.29681e-32)
(-1.17639e-257 1.59135e-31 -9.15453e-32)
(-1.96589e-251 1.80894e-31 -1.23672e-31)
(-3.20363e-245 2.09633e-31 -1.6059e-31)
(-5.08638e-239 2.46465e-31 -2.03718e-31)
(-7.86049e-233 2.92812e-31 -2.54709e-31)
(-1.1812e-226 3.50462e-31 -3.15508e-31)
(-1.7241e-220 4.21631e-31 -3.88426e-31)
(-2.44152e-214 5.09051e-31 -4.76236e-31)
(-3.35024e-208 6.16072e-31 -5.82284e-31)
(-4.44864e-202 7.46789e-31 -7.10633e-31)
(-5.70806e-196 9.06211e-31 -8.66238e-31)
(-7.06612e-190 1.10045e-30 -1.05516e-30)
(-8.42508e-184 1.33699e-30 -1.28482e-30)
(-9.65776e-178 1.62494e-30 -1.56431e-30)
(-1.06227e-171 1.97548e-30 -1.90469e-30)
(-1.11874e-165 2.40219e-30 -2.31943e-30)
(-1.12557e-159 2.92166e-30 -2.82485e-30)
(-1.07928e-153 3.554e-30 -3.4406e-30)
(-9.83864e-148 4.3236e-30 -4.19034e-30)
(-8.50594e-142 5.25984e-30 -5.10256e-30)
(-6.95893e-136 6.39799e-30 -6.21181e-30)
(-5.37916e-130 7.78022e-30 -7.56045e-30)
(-3.92742e-124 9.45667e-30 -9.20125e-30)
(-2.71385e-118 1.14866e-29 -1.12014e-29)
(-1.78478e-112 1.39395e-29 -1.36482e-29)
(-1.12866e-106 1.6896e-29 -1.66579e-29)
(-6.96026e-101 2.04482e-29 -2.03894e-29)
(-4.23975e-95 2.46989e-29 -2.50675e-29)
(-2.55783e-89 2.97592e-29 -3.10262e-29)
(-1.50681e-83 3.57414e-29 -3.87996e-29)
(-8.41351e-78 4.27354e-29 -4.93355e-29)
(-4.28213e-72 5.06867e-29 -6.45388e-29)
(-1.89764e-66 5.87362e-29 -8.85815e-29)
(-6.898e-61 6.19745e-29 -1.30098e-28)
(-1.8616e-55 3.80981e-29 -1.99003e-28)
(-2.94518e-50 -8.67155e-29 -2.51283e-28)
(-1.11984e-275 1.3322e-31 -1.16185e-32)
(-2.22689e-269 1.38357e-31 -3.53011e-32)
(-4.37004e-263 1.4882e-31 -6.03483e-32)
(-8.45886e-257 1.6502e-31 -8.77366e-32)
(-1.61406e-250 1.87583e-31 -1.18527e-31)
(-3.03388e-244 2.17385e-31 -1.53909e-31)
(-5.61294e-238 2.55579e-31 -1.95243e-31)
(-1.02115e-231 3.0364e-31 -2.44113e-31)
(-1.82495e-225 3.63422e-31 -3.02383e-31)
(-3.20034e-219 4.37224e-31 -3.72268e-31)
(-5.50064e-213 5.27877e-31 -4.56425e-31)
(-9.25484e-207 6.38856e-31 -5.58061e-31)
(-1.52232e-200 7.74409e-31 -6.81071e-31)
(-2.44481e-194 9.39728e-31 -8.30204e-31)
(-3.82818e-188 1.14116e-30 -1.01127e-30)
(-5.83624e-182 1.38644e-30 -1.23138e-30)
(-8.65022e-176 1.68506e-30 -1.49925e-30)
(-1.24455e-169 2.04857e-30 -1.82549e-30)
(-1.73537e-163 2.49111e-30 -2.22302e-30)
(-2.34117e-157 3.02986e-30 -2.70748e-30)
(-3.05043e-151 3.68572e-30 -3.29774e-30)
(-3.83123e-145 4.48402e-30 -4.0165e-30)
(-4.62875e-139 5.45529e-30 -4.89115e-30)
(-5.36729e-133 6.63628e-30 -5.95491e-30)
(-5.95834e-127 8.07095e-30 -7.24862e-30)
(-6.31488e-121 9.81178e-30 -8.82329e-30)
(-6.3696e-115 1.19211e-29 -1.0744e-29)
(-6.0927e-109 1.44726e-29 -1.30959e-29)
(-5.5037e-103 1.75531e-29 -1.59927e-29)
(-4.67221e-97 2.1264e-29 -1.95905e-29)
(-3.7056e-91 2.57234e-29 -2.41114e-29)
(-2.72593e-85 3.107e-29 -2.98865e-29)
(-1.84285e-79 3.74706e-29 -3.74474e-29)
(-1.13105e-73 4.5134e-29 -4.77478e-29)
(-6.19569e-68 5.42898e-29 -6.27616e-29)
(-2.95235e-62 6.47769e-29 -8.7102e-29)
(-1.17218e-56 7.31326e-29 -1.31616e-28)
(-3.55725e-51 5.72131e-29 -2.14332e-28)
(-6.47559e-46 -7.75781e-29 -2.89746e-28)
(-3.7303e-272 1.37765e-31 -1.10962e-32)
(-7.71796e-266 1.43077e-31 -3.37142e-32)
(-1.57401e-259 1.53897e-31 -5.76355e-32)
(-3.16168e-253 1.70649e-31 -8.37927e-32)
(-6.2498e-247 1.93983e-31 -1.13199e-31)
(-1.2147e-240 2.24801e-31 -1.46991e-31)
(-2.31913e-234 2.64298e-31 -1.86467e-31)
(-4.34531e-228 3.14e-31 -2.33141e-31)
(-7.9823e-222 3.75822e-31 -2.88791e-31)
(-1.43619e-215 4.52142e-31 -3.55535e-31)
(-2.52829e-209 5.4589e-31 -4.3591e-31)
(-4.35028e-203 6.60656e-31 -5.32977e-31)
(-7.30826e-197 8.00835e-31 -6.50458e-31)
(-1.1974e-190 9.71796e-31 -7.92889e-31)
(-1.91114e-184 1.1801e-30 -9.65819e-31)
(-2.96799e-178 1.43376e-30 -1.17604e-30)
(-4.47928e-172 1.74258e-30 -1.43188e-30)
(-6.56094e-166 2.11852e-30 -1.74348e-30)
(-9.31405e-160 2.57619e-30 -2.12318e-30)
(-1.27965e-153 3.1334e-30 -2.58593e-30)
(-1.6988e-147 3.81178e-30 -3.14977e-30)
(-2.17552e-141 4.63755e-30 -3.83642e-30)
(-2.6826e-135 5.64239e-30 -4.67211e-30)
(-3.17873e-129 6.86443e-30 -5.68868e-30)
(-3.61162e-123 8.3494e-30 -6.92535e-30)
(-3.92502e-117 1.0152e-29 -8.43123e-30)
(-4.06898e-111 1.23377e-29 -1.02692e-29)
(-4.01138e-105 1.49843e-29 -1.25218e-29)
(-3.7474e-99 1.81846e-29 -1.52996e-29)
(-3.30381e-93 2.20494e-29 -1.87554e-29)
(-2.73557e-87 2.67121e-29 -2.31063e-29)
(-2.11489e-81 3.23385e-29 -2.86768e-29)
(-1.5156e-75 3.91494e-29 -3.59868e-29)
(-9.974e-70 4.74737e-29 -4.59717e-29)
(-5.95114e-64 5.78421e-29 -6.06102e-29)
(-3.15946e-58 7.09061e-29 -8.48129e-29)
(-1.4466e-52 8.52666e-29 -1.31611e-28)
(-5.36249e-47 8.10721e-29 -2.29146e-28)
(-1.33309e-41 -6.02184e-29 -3.36283e-28)
(-6.31905e-269 1.42098e-31 -1.05568e-32)
(-1.37392e-262 1.47576e-31 -3.20753e-32)
(-2.93122e-256 1.58737e-31 -5.48338e-32)
(-6.13354e-250 1.76016e-31 -7.97196e-32)
(-1.25816e-243 2.00083e-31 -1.07697e-31)
(-2.52869e-237 2.31871e-31 -1.39846e-31)
(-4.9768e-231 2.7261e-31 -1.77404e-31)
(-9.58624e-225 3.23875e-31 -2.21809e-31)
(-1.80602e-218 3.87642e-31 -2.74754e-31)
(-3.32573e-212 4.66363e-31 -3.38254e-31)
(-5.98197e-206 5.6306e-31 -4.14722e-31)
(-1.0502e-199 6.81437e-31 -5.07072e-31)
(-1.79819e-193 8.26027e-31 -6.18843e-31)
(-3.00036e-187 1.00237e-30 -7.54351e-31)
(-4.87415e-181 1.21722e-30 -9.18877e-31)
(-7.70203e-175 1.47887e-30 -1.11889e-30)
(-1.18265e-168 1.79741e-30 -1.3623e-30)
(-1.7627e-162 2.1852e-30 -1.65877e-30)
(-2.54726e-156 2.6573e-30 -2.02005e-30)
(-3.5645e-150 3.23211e-30 -2.46037e-30)
(-4.82362e-144 3.93196e-30 -2.99691e-30)
(-6.30328e-138 4.78396e-30 -3.65038e-30)
(-7.9414e-132 5.82084e-30 -4.44577e-30)
(-9.62993e-126 7.08208e-30 -5.41351e-30)
(-1.12185e-119 8.61512e-30 -6.5911e-30)
(-1.253e-113 1.04769e-29 -8.02563e-30)
(-1.33873e-107 1.27357e-29 -9.7776e-30)
(-1.36486e-101 1.54735e-29 -1.19266e-29)
(-1.32418e-95 1.87892e-29 -1.45797e-29)
(-1.2188e-89 2.28024e-29 -1.7885e-29)
(-1.06062e-83 2.76618e-29 -2.20536e-29)
(-8.69229e-78 3.35593e-29 -2.7399e-29)
(-6.67937e-72 4.07678e-29 -3.44203e-29)
(-4.78798e-66 4.97328e-29 -4.40093e-29)
(-3.18287e-60 6.1289e-29 -5.80751e-29)
(-1.94858e-54 7.69864e-29 -8.16171e-29)
(-1.08956e-48 9.81475e-29 -1.29583e-28)
(-5.5089e-43 1.10401e-28 -2.43429e-28)
(-2.48751e-37 -3.89371e-29 -3.96163e-28)
(7.63051e-268 1.46211e-31 -1.00011e-32)
(1.63219e-261 1.51848e-31 -3.03869e-32)
(3.42498e-255 1.63332e-31 -5.19475e-32)
(7.04712e-249 1.81111e-31 -7.55235e-32)
(1.42106e-242 2.05875e-31 -1.02028e-31)
(2.80694e-236 2.38583e-31 -1.32485e-31)
(5.42785e-230 2.80502e-31 -1.68066e-31)
(1.02693e-223 3.33251e-31 -2.10134e-31)
(1.89975e-217 3.98865e-31 -2.60294e-31)
(3.43407e-211 4.79866e-31 -3.20452e-31)
(6.06142e-205 5.79363e-31 -3.92895e-31)
(1.04392e-198 7.01168e-31 -4.80384e-31)
(1.75285e-192 8.49944e-31 -5.86272e-31)
(2.86707e-186 1.03139e-30 -7.14649e-31)
(4.56417e-180 1.25247e-30 -8.70518e-31)
(7.06477e-174 1.5217e-30 -1.06001e-30)
(1.06219e-167 1.84947e-30 -1.29061e-30)
(1.54955e-161 2.24851e-30 -1.5715e-30)
(2.19074e-155 2.73433e-30 -1.91379e-30)
(2.99789e-149 3.32585e-30 -2.331e-30)
(3.96543e-143 4.0461e-30 -2.8394e-30)
(5.06264e-137 4.92301e-30 -3.45865e-30)
(6.22856e-131 5.99034e-30 -4.21248e-30)
(7.37178e-125 7.28887e-30 -5.12982e-30)
(8.37754e-119 8.86765e-30 -6.24638e-30)
(9.12279e-113 1.07858e-29 -7.60711e-30)
(9.49787e-107 1.31144e-29 -9.2699e-30)
(9.43044e-101 1.59394e-29 -1.13111e-29)
(8.90531e-95 1.93655e-29 -1.38339e-29)
(7.97342e-89 2.35213e-29 -1.69808e-29)
(6.74568e-83 2.85697e-29 -2.09549e-29)
(5.37167e-77 3.47277e-29 -2.60556e-29)
(4.00851e-71 4.23162e-29 -3.27521e-29)
(2.78904e-65 5.18892e-29 -4.18674e-29)
(1.79884e-59 6.45727e-29 -5.51595e-29)
(1.06814e-53 8.28511e-29 -7.74412e-29)
(5.79234e-48 1.11389e-28 -1.24928e-28)
(2.84078e-42 1.46183e-28 -2.56562e-28)
(1.24508e-36 -1.74107e-29 -4.64406e-28)
(3.53834e-266 1.50099e-31 -9.42998e-33)
(7.44898e-260 1.55886e-31 -2.86517e-32)
(1.53969e-253 1.67675e-31 -4.89812e-32)
(3.12316e-247 1.85927e-31 -7.1211e-32)
(6.21372e-241 2.1135e-31 -9.62022e-32)
(1.2119e-234 2.44928e-31 -1.2492e-31)
(2.31572e-228 2.87961e-31 -1.5847e-31)
(4.33261e-222 3.42114e-31 -1.98136e-31)
(7.9319e-216 4.09472e-31 -2.45432e-31)
(1.41996e-209 4.92628e-31 -3.02155e-31)
(2.48392e-203 5.94772e-31 -3.70462e-31)
(4.24262e-197 7.19818e-31 -4.52956e-31)
(7.06998e-191 8.72552e-31 -5.52798e-31)
(1.14848e-184 1.05883e-30 -6.73845e-31)
(1.81701e-178 1.28579e-30 -8.20816e-31)
(2.79707e-172 1.56218e-30 -9.99489e-31)
(4.18524e-166 1.89868e-30 -1.21694e-30)
(6.08039e-160 2.30835e-30 -1.4818e-30)
(8.567e-154 2.80713e-30 -1.80458e-30)
(1.16914e-147 3.41446e-30 -2.19801e-30)
(1.54333e-141 4.15401e-30 -2.67748e-30)
(1.96774e-135 5.05448e-30 -3.26153e-30)
(2.41941e-129 6.15063e-30 -3.9726e-30)
(2.86376e-123 7.48445e-30 -4.83805e-30)
(3.25714e-117 9.10658e-30 -5.89172e-30)
(3.55239e-111 1.10781e-29 -7.17629e-30)
(3.7069e-105 1.3473e-29 -8.74687e-30)
(3.69172e-99 1.6381e-29 -1.06763e-29)
(3.49928e-93 1.99123e-29 -1.30633e-29)
(3.14723e-87 2.42041e-29 -1.60442e-29)
(2.67658e-81 2.94329e-29 -1.98123e-29)
(2.1441e-75 3.58388e-29 -2.46497e-29)
(1.61063e-69 4.37857e-29 -3.0988e-29)
(1.12881e-63 5.39224e-29 -3.9558e-29)
(7.33755e-58 6.76351e-29 -5.18827e-29)
(4.39308e-52 8.83081e-29 -7.22538e-29)
(2.40259e-46 1.24386e-28 -1.16917e-28)
(1.1883e-40 1.8989e-28 -2.69236e-28)
(5.24949e-35 1.57398e-28 -1.23194e-27)
(-1.02471e-265 1.53756e-31 -8.84434e-33)
(-2.16399e-259 1.59684e-31 -2.68724e-32)
(-4.48708e-253 1.7176e-31 -4.59394e-32)
(-9.13091e-247 1.90457e-31 -6.67887e-32)
(-1.82254e-240 2.16498e-31 -9.0228e-32)
(-3.56628e-234 2.50894e-31 -1.17163e-31)
(-6.8372e-228 2.94977e-31 -1.48629e-31)
(-1.28352e-221 3.50448e-31 -1.85832e-31)
(-2.35781e-215 4.19449e-31 -2.30191e-31)
(-4.2355e-209 5.04631e-31 -2.83392e-31)
(-7.43502e-203 6.09264e-31 -3.47457e-31)
(-1.27442e-196 7.37357e-31 -4.24828e-31)
(-2.13134e-190 8.93814e-31 -5.18471e-31)
(-3.47481e-184 1.08463e-30 -6.32002e-31)
(-5.51771e-178 1.31713e-30 -7.69847e-31)
(-8.5255e-172 1.60026e-30 -9.37428e-31)
(-1.28047e-165 1.94497e-30 -1.14138e-30)
(-1.8674e-159 2.36464e-30 -1.38981e-30)
(-2.64125e-153 2.87561e-30 -1.69257e-30)
(-3.61864e-147 3.49782e-30 -2.06162e-30)
(-4.79573e-141 4.25551e-30 -2.5114e-30)
(-6.13909e-135 5.17817e-30 -3.05932e-30)
(-7.57892e-129 6.30145e-30 -3.72649e-30)
(-9.0078e-123 7.66852e-30 -4.53864e-30)
(-1.02879e-116 9.3315e-30 -5.52765e-30)
(-1.12678e-110 1.13534e-29 -6.73383e-30)
(-1.18081e-104 1.38109e-29 -8.20933e-30)
(-1.18106e-98 1.67973e-29 -1.00232e-29)
(-1.12441e-92 2.04283e-29 -1.22692e-29)
(-1.01577e-86 2.48492e-29 -1.50767e-29)
(-8.67746e-81 3.02489e-29 -1.8628e-29)
(-6.98274e-75 3.68882e-29 -2.31851e-29)
(-5.2695e-69 4.51679e-29 -2.91354e-29)
(-3.71031e-63 5.58137e-29 -3.70975e-29)
(-2.42315e-57 7.04214e-29 -4.82824e-29)
(-1.45767e-51 9.31511e-29 -6.6091e-29)
(-8.01033e-46 1.36211e-28 -1.04612e-28)
(-3.98103e-40 2.37497e-28 -2.49983e-28)
(-1.76727e-34 4.77808e-28 -1.15116e-27)
(2.35867e-266 1.57176e-31 -8.24506e-33)
(5.00377e-260 1.63235e-31 -2.50516e-32)
(1.04233e-253 1.7558e-31 -4.28267e-32)
(2.13094e-247 1.94692e-31 -6.22634e-32)
(4.27336e-241 2.21313e-31 -8.41146e-32)
(8.40159e-235 2.56474e-31 -1.09224e-31)
(1.61844e-228 3.01537e-31 -1.38559e-31)
(3.05288e-222 3.58243e-31 -1.73242e-31)
(5.6354e-216 4.28778e-31 -2.14595e-31)
(1.0173e-209 5.15856e-31 -2.64192e-31)
(1.79461e-203 6.22817e-31 -3.23916e-31)
(3.09146e-197 7.5376e-31 -3.96046e-31)
(5.19615e-191 9.13698e-31 -4.83344e-31)
(8.51446e-185 1.10876e-30 -5.89183e-31)
(1.35894e-178 1.34643e-30 -7.1769e-31)
(2.11053e-172 1.63586e-30 -8.7392e-31)
(3.18634e-166 1.98825e-30 -1.06406e-30)
(4.67115e-160 2.41728e-30 -1.29567e-30)
(6.64172e-154 2.93966e-30 -1.57794e-30)
(9.14777e-148 3.57577e-30 -1.92203e-30)
(1.21882e-141 4.35046e-30 -2.34141e-30)
(1.56864e-135 5.29387e-30 -2.85234e-30)
(1.94704e-129 6.44256e-30 -3.47453e-30)
(2.32676e-123 7.84076e-30 -4.23204e-30)
(2.67202e-117 9.54202e-30 -5.15474e-30)
(2.94272e-111 1.16112e-29 -6.28042e-30)
(3.10102e-105 1.41274e-29 -7.6581e-30)
(3.11908e-99 1.71876e-29 -9.35285e-30)
(2.9862e-93 2.09124e-29 -1.14529e-29)
(2.713e-87 2.54548e-29 -1.40801e-29)
(2.33089e-81 3.10152e-29 -1.74045e-29)
(1.88644e-75 3.78723e-29 -2.16659e-29)
(1.43183e-69 4.64561e-29 -2.72029e-29)
(1.01402e-63 5.75477e-29 -3.45073e-29)
(6.66115e-58 7.2885e-29 -4.44152e-29)
(4.03063e-52 9.71829e-29 -5.90959e-29)
(2.22804e-46 1.4571e-28 -8.80476e-29)
(1.11388e-40 2.79533e-28 -2.00919e-28)
(4.97424e-35 7.86614e-28 -1.07316e-27)
(7.34811e-267 1.60353e-31 -7.63307e-33)
(1.57208e-260 1.66535e-31 -2.31922e-32)
(3.30174e-254 1.79129e-31 -3.9648e-32)
(6.80398e-248 1.98628e-31 -5.76421e-32)
(1.37503e-241 2.25786e-31 -7.78716e-32)
(2.72364e-235 2.61658e-31 -1.01118e-31)
(5.28485e-229 3.07632e-31 -1.28275e-31)
(1.00391e-222 3.65485e-31 -1.60384e-31)
(1.8658e-216 4.37446e-31 -1.98668e-31)
(3.39038e-210 5.26285e-31 -2.44584e-31)
(6.0192e-204 6.35409e-31 -2.99876e-31)
(1.0433e-197 7.69001e-31 -3.66652e-31)
(1.76408e-191 9.32173e-31 -4.47471e-31)
(2.90734e-185 1.13118e-30 -5.45455e-31)
(4.66611e-179 1.37366e-30 -6.64426e-31)
(7.28587e-173 1.66895e-30 -8.09063e-31)
(1.10569e-166 2.02847e-30 -9.85098e-31)
(1.62905e-160 2.46619e-30 -1.19953e-30)
(2.32745e-154 2.99917e-30 -1.46087e-30)
(3.22054e-148 3.64821e-30 -1.77946e-30)
(4.31012e-142 4.43869e-30 -2.16778e-30)
(5.57099e-136 5.4014e-30 -2.6409e-30)
(6.94337e-130 6.57371e-30 -3.21711e-30)
(8.33029e-124 8.0009e-30 -3.91874e-30)
(9.60261e-118 9.73779e-30 -4.77356e-30)
(1.06138e-111 1.1851e-29 -5.81676e-30)
(1.12234e-105 1.4422e-29 -7.09405e-30)
(1.13261e-99 1.75511e-29 -8.66624e-30)
(1.08778e-93 2.13636e-29 -1.06158e-29)
(9.91219e-88 2.60195e-29 -1.30561e-29)
(8.54037e-82 3.17295e-29 -1.61445e-29)
(6.9306e-76 3.87874e-29 -2.00969e-29)
(5.27384e-70 4.76446e-29 -2.52003e-29)
(3.74398e-64 5.9113e-29 -3.18118e-29)
(2.46504e-58 7.49924e-29 -4.03553e-29)
(1.49479e-52 1.00247e-28 -5.1526e-29)
(8.27951e-47 1.518e-28 -6.8142e-29)
(4.14709e-41 3.06605e-28 -1.21805e-28)
(1.85527e-35 1.14053e-27 -1.16731e-27)
(3.28339e-270 1.63283e-31 -7.00931e-33)
(6.9697e-264 1.69578e-31 -2.1297e-32)
(1.45203e-257 1.82402e-31 -3.64081e-32)
(2.96747e-251 2.02257e-31 -5.29319e-32)
(5.94582e-245 2.29912e-31 -7.15084e-32)
(1.16737e-238 2.66439e-31 -9.28553e-32)
(2.24451e-232 3.13253e-31 -1.17794e-31)
(4.22353e-226 3.72163e-31 -1.47279e-31)
(7.77294e-220 4.4544e-31 -1.82435e-31)
(1.39813e-213 5.35903e-31 -2.24599e-31)
(2.45606e-207 6.47022e-31 -2.75373e-31)
(4.21037e-201 7.83055e-31 -3.36693e-31)
(7.03763e-195 9.49211e-31 -4.10908e-31)
(1.14597e-188 1.15185e-30 -5.00886e-31)
(1.81612e-182 1.39877e-30 -6.10136e-31)
(2.79836e-176 1.69946e-30 -7.42957e-31)
(4.18767e-170 2.06556e-30 -9.04612e-31)
(6.07917e-164 2.5113e-30 -1.10153e-30)
(8.55005e-158 3.05405e-30 -1.34154e-30)
(1.16346e-151 3.71503e-30 -1.63413e-30)
(1.5295e-145 4.52007e-30 -1.99077e-30)
(1.93935e-139 5.50059e-30 -2.42533e-30)
(2.36756e-133 6.69471e-30 -2.95463e-30)
(2.77741e-127 8.14865e-30 -3.59923e-30)
(3.12414e-121 9.91848e-30 -4.38471e-30)
(3.36146e-115 1.20724e-29 -5.34357e-30)
(3.45031e-109 1.46941e-29 -6.51809e-30)
(3.36814e-103 1.78869e-29 -7.96454e-30)
(3.11602e-97 2.17807e-29 -9.75923e-30)
(2.72092e-91 2.65418e-29 -1.20069e-29)
(2.23176e-85 3.23899e-29 -1.48509e-29)
(1.70952e-79 3.96309e-29 -1.84829e-29)
(1.21413e-73 4.87293e-29 -2.31378e-29)
(7.92119e-68 6.05031e-29 -2.90377e-29)
(4.68787e-62 7.67266e-29 -3.61884e-29)
(2.47052e-56 1.0226e-28 -4.37344e-29)
(1.12458e-50 1.5376e-28 -4.67759e-29)
(4.15984e-45 3.06501e-28 -3.14636e-30)
(1.04715e-39 1.10203e-27 1.2204e-27)
(7.28653e-274 1.65961e-31 -6.37475e-33)
(1.53765e-267 1.72359e-31 -1.9369e-32)
(3.18341e-261 1.85394e-31 -3.31122e-32)
(6.4626e-255 2.05574e-31 -4.81402e-32)
(1.28579e-248 2.33683e-31 -6.50351e-32)
(2.50572e-242 2.70809e-31 -8.44495e-32)
(4.78008e-236 3.18391e-31 -1.07131e-31)
(8.9208e-230 3.78268e-31 -1.33947e-31)
(1.62759e-223 4.52747e-31 -1.6592e-31)
(2.901e-217 5.44694e-31 -2.04268e-31)
(5.04757e-211 6.57637e-31 -2.50446e-31)
(8.56637e-205 7.95903e-31 -3.06214e-31)
(1.41682e-198 9.64785e-31 -3.73711e-31)
(2.28158e-192 1.17075e-30 -4.55544e-31)
(3.57379e-186 1.42172e-30 -5.54905e-31)
(5.43915e-180 1.72735e-30 -6.75704e-31)
(8.03424e-174 2.09947e-30 -8.2273e-31)
(1.15035e-167 2.55253e-30 -1.00183e-30)
(1.59443e-161 3.10422e-30 -1.22013e-30)
(2.13616e-155 3.7761e-30 -1.48626e-30)
(2.762e-149 4.59447e-30 -1.81066e-30)
(3.44042e-143 5.59128e-30 -2.20597e-30)
(4.12058e-137 6.80536e-30 -2.68749e-30)
(4.73515e-131 8.28378e-30 -3.27399e-30)
(5.20828e-125 1.00838e-29 -3.9888e-30)
(5.46852e-119 1.2275e-29 -4.86163e-30)
(5.46423e-113 1.49432e-29 -5.93115e-30)
(5.17776e-107 1.81945e-29 -7.24892e-30)
(4.63372e-101 2.21629e-29 -8.88481e-30)
(3.89757e-95 2.70205e-29 -1.09343e-29)
(3.0634e-89 3.29947e-29 -1.35267e-29)
(2.23378e-83 4.04005e-29 -1.6829e-29)
(1.49742e-77 4.97079e-29 -2.10259e-29)
(9.11741e-72 6.17164e-29 -2.62123e-29)
(4.95821e-66 7.80901e-29 -3.20039e-29)
(2.34828e-60 1.03235e-28 -3.61192e-29)
(9.28635e-55 1.51672e-28 -2.72937e-29)
(2.82041e-49 2.80689e-28 6.7879e-29)
(5.22464e-44 6.97714e-28 9.90799e-28)
(-1.47304e-275 1.68383e-31 -5.73036e-33)
(-2.73532e-269 1.74875e-31 -1.74111e-32)
(-4.97023e-263 1.88099e-31 -2.97652e-32)
(-8.83127e-257 2.08574e-31 -4.32742e-32)
(-1.53331e-250 2.37093e-31 -5.84614e-32)
(-2.59933e-244 2.74762e-31 -7.59135e-32)
(-4.29887e-238 3.23038e-31 -9.63021e-32)
(-6.92992e-232 3.83789e-31 -1.20408e-31)
(-1.08785e-225 4.59356e-31 -1.4915e-31)
(-1.66123e-219 5.52645e-31 -1.83621e-31)
(-2.46509e-213 6.67238e-31 -2.25131e-31)
(-3.55022e-207 8.07523e-31 -2.75263e-31)
(-4.95591e-201 9.78871e-31 -3.35938e-31)
(-6.69592e-195 1.18785e-30 -4.09499e-31)
(-8.74209e-189 1.44248e-30 -4.98818e-31)
(-1.10092e-182 1.75257e-30 -6.07408e-31)
(-1.33458e-176 2.13013e-30 -7.39576e-31)
(-1.55367e-170 2.58983e-30 -9.0058e-31)
(-1.7322e-164 3.1496e-30 -1.09682e-30)
(-1.84343e-158 3.83135e-30 -1.33608e-30)
(-1.86497e-152 4.66177e-30 -1.62774e-30)
(-1.78428e-146 5.67332e-30 -1.98316e-30)
(-1.60307e-140 6.90546e-30 -2.41613e-30)
(-1.33897e-134 8.40607e-30 -2.94354e-30)
(-1.02348e-128 1.02334e-29 -3.58646e-30)
(-6.96167e-123 1.24584e-29 -4.37169e-30)
(-3.96375e-117 1.51688e-29 -5.33419e-30)
(-1.54899e-111 1.84732e-29 -6.52059e-30)
(1.19439e-106 2.25093e-29 -7.99405e-30)
(1.04004e-99 2.74543e-29 -9.84053e-30)
(1.34476e-93 3.35423e-29 -1.21749e-29)
(1.23934e-87 4.10946e-29 -1.51403e-29)
(9.35688e-82 5.05793e-29 -1.88746e-29)
(5.99597e-76 6.27563e-29 -2.33613e-29)
(3.27127e-70 7.91042e-29 -2.78846e-29)
(1.4937e-64 1.03279e-28 -2.90181e-29)
(5.47503e-59 1.4636e-28 -1.12851e-29)
(1.46979e-53 2.43363e-28 1.06062e-28)
(2.23426e-48 4.16797e-28 7.75422e-28)
(-2.61194e-275 1.70546e-31 -5.07715e-33)
(-4.83417e-269 1.77121e-31 -1.54264e-32)
(-8.75384e-263 1.90515e-31 -2.63723e-32)
(-1.54987e-256 2.11253e-31 -3.83414e-32)
(-2.68101e-250 2.40138e-31 -5.17975e-32)
(-4.52768e-244 2.7829e-31 -6.72605e-32)
(-7.45886e-238 3.27187e-31 -8.53251e-32)
(-1.19761e-231 3.88718e-31 -1.06683e-31)
(-1.87241e-225 4.65256e-31 -1.32149e-31)
(-2.84777e-219 5.59745e-31 -1.62691e-31)
(-4.20891e-213 6.7581e-31 -1.9947e-31)
(-6.03815e-207 8.17897e-31 -2.43888e-31)
(-8.3981e-201 9.91448e-31 -2.97646e-31)
(-1.13092e-194 1.20311e-30 -3.62823e-31)
(-1.47243e-188 1.46101e-30 -4.4196e-31)
(-1.85063e-182 1.77509e-30 -5.38174e-31)
(-2.24156e-176 2.15751e-30 -6.55279e-31)
(-2.6117e-170 2.62312e-30 -7.97936e-31)
(-2.9211e-164 3.19012e-30 -9.71823e-31)
(-3.12916e-158 3.88068e-30 -1.18382e-30)
(-3.20226e-152 4.72186e-30 -1.44227e-30)
(-3.12165e-146 5.74659e-30 -1.75723e-30)
(-2.8892e-140 6.99487e-30 -2.14095e-30)
(-2.52925e-134 8.51529e-30 -2.60841e-30)
(-2.08495e-128 1.0367e-29 -3.17833e-30)
(-1.60989e-122 1.26223e-29 -3.87454e-30)
(-1.1569e-116 1.53704e-29 -4.72819e-30)
(-7.67537e-111 1.87224e-29 -5.7808e-30)
(-4.65212e-105 2.28192e-29 -7.08859e-30)
(-2.53914e-99 2.78423e-29 -8.72771e-30)
(-1.22144e-93 3.40315e-29 -1.07986e-29)
(-4.99358e-88 4.17119e-29 -1.34216e-29)
(-1.60749e-82 5.1344e-29 -1.66935e-29)
(-3.16709e-77 6.36306e-29 -2.05073e-29)
(3.38293e-72 7.98063e-29 -2.38993e-29)
(6.4185e-66 1.02567e-28 -2.2668e-29)
(3.21856e-60 1.38893e-28 7.22955e-31)
(9.91186e-55 2.03014e-28 1.21966e-28)
(1.88067e-49 2.23998e-28 6.26279e-28)
(1.88071e-277 1.72445e-31 -4.4161e-33)
(3.50133e-271 1.79093e-31 -1.34179e-32)
(6.38005e-265 1.92637e-31 -2.29387e-32)
(1.13713e-258 2.13606e-31 -3.33496e-32)
(1.98103e-252 2.42812e-31 -4.50539e-32)
(3.37093e-246 2.8139e-31 -5.85037e-32)
(5.59822e-240 3.30832e-31 -7.42165e-32)
(9.06642e-234 3.93048e-31 -9.2794e-32)
(1.43064e-227 4.70439e-31 -1.14945e-31)
(2.19751e-221 5.65981e-31 -1.4151e-31)
(3.28255e-215 6.8334e-31 -1.73501e-31)
(4.76338e-209 8.27011e-31 -2.12136e-31)
(6.70742e-203 1.0025e-30 -2.58895e-31)
(9.15396e-197 1.21652e-30 -3.15586e-31)
(1.20925e-190 1.4773e-30 -3.84421e-31)
(1.54409e-184 1.79488e-30 -4.68109e-31)
(1.90295e-178 2.18156e-30 -5.6997e-31)
(2.25983e-172 2.65237e-30 -6.94059e-31)
(2.58139e-166 3.22571e-30 -8.45314e-31)
(2.83094e-160 3.92401e-30 -1.02973e-30)
(2.97439e-154 4.77465e-30 -1.25455e-30)
(2.98718e-148 5.81096e-30 -1.52855e-30)
(2.8604e-142 7.07342e-30 -1.86239e-30)
(2.60427e-136 8.61128e-30 -2.26912e-30)
(2.24749e-130 1.04845e-29 -2.76505e-30)
(1.83219e-124 1.27664e-29 -3.37101e-30)
(1.40549e-118 1.55477e-29 -4.11417e-30)
(1.01014e-112 1.89416e-29 -5.03083e-30)
(6.76853e-107 2.30918e-29 -6.17007e-30)
(4.20447e-101 2.81837e-29 -7.59806e-30)
(2.40553e-95 3.44613e-29 -9.40099e-30)
(1.25807e-89 4.22518e-29 -1.16777e-29)
(5.96109e-84 5.20037e-29 -1.44909e-29)
(2.53195e-78 6.43505e-29 -1.76688e-29)
(9.51681e-73 8.0246e-29 -2.00973e-29)
(3.11506e-67 1.01313e-28 -1.72008e-29)
(8.69715e-62 1.30313e-28 8.8042e-30)
(2.01311e-56 1.64419e-28 1.23082e-28)
(3.7011e-51 9.23005e-29 4.84402e-28)
(-6.57207e-278 1.74079e-31 -3.74826e-33)
(-1.21717e-271 1.8079e-31 -1.13888e-32)
(-2.20581e-265 1.94462e-31 -1.94698e-32)
(-3.90896e-259 2.15629e-31 -2.83063e-32)
(-6.76895e-253 2.45113e-31 -3.82407e-32)
(-1.14452e-246 2.84056e-31 -4.96566e-32)
(-1.88808e-240 3.33966e-31 -6.29934e-32)
(-3.03634e-234 3.96772e-31 -7.87617e-32)
(-4.75577e-228 4.74897e-31 -9.75627e-32)
(-7.24802e-222 5.71344e-31 -1.20111e-31)
(-1.07375e-215 6.89816e-31 -1.47264e-31)
(-1.54456e-209 8.34849e-31 -1.80056e-31)
(-2.15483e-203 1.012e-30 -2.19745e-31)
(-2.912e-197 1.22805e-30 -2.67863e-31)
(-3.80676e-191 1.4913e-30 -3.26288e-31)
(-4.80702e-185 1.81189e-30 -3.97321e-31)
(-5.85427e-179 2.20224e-30 -4.8378e-31)
(-6.86448e-173 2.67753e-30 -5.89107e-31)
(-7.73529e-167 3.25631e-30 -7.17496e-31)
(-8.35991e-161 3.96128e-30 -8.74034e-31)
(-8.64609e-155 4.82006e-30 -1.06488e-30)
(-8.53628e-149 5.86633e-30 -1.29748e-30)
(-8.02367e-143 7.141e-30 -1.58088e-30)
(-7.15857e-137 8.69386e-30 -1.9262e-30)
(-6.04176e-131 1.05856e-29 -2.3473e-30)
(-4.80547e-125 1.28904e-29 -2.8619e-30)
(-3.58652e-119 1.57003e-29 -3.49315e-30)
(-2.4994e-113 1.91303e-29 -4.27199e-30)
(-1.61716e-107 2.33265e-29 -5.24018e-30)
(-9.65036e-102 2.84775e-29 -6.45381e-30)
(-5.26994e-96 3.48308e-29 -7.98501e-30)
(-2.60897e-90 4.2714e-29 -9.91311e-30)
(-1.15766e-84 5.25607e-29 -1.22738e-29)
(-4.5394e-79 6.49296e-29 -1.48589e-29)
(-1.54503e-73 8.04794e-29 -1.65068e-29)
(-4.45914e-68 9.97406e-29 -1.26545e-29)
(-1.05752e-62 1.21528e-28 1.33442e-29)
(-1.97219e-57 1.30096e-28 1.14363e-28)
(-2.71186e-52 1.38869e-30 3.68119e-28)
(-3.85166e-276 1.75444e-31 -3.07464e-33)
(-7.17734e-270 1.82208e-31 -9.34208e-33)
(-1.30907e-263 1.95987e-31 -1.59709e-32)
(-2.33542e-257 2.1732e-31 -2.32195e-32)
(-4.07256e-251 2.47035e-31 -3.13685e-32)
(-6.93672e-245 2.86283e-31 -4.0733e-32)
(-1.15316e-238 3.36585e-31 -5.16731e-32)
(-1.86946e-232 3.99885e-31 -6.46078e-32)
(-2.95296e-226 4.78622e-31 -8.00302e-32)
(-4.5406e-220 5.75827e-31 -9.85266e-32)
(-6.78979e-214 6.95228e-31 -1.208e-31)
(-9.86348e-208 8.414e-31 -1.47699e-31)
(-1.39042e-201 1.01994e-30 -1.80255e-31)
(-1.89969e-195 1.23768e-30 -2.19726e-31)
(-2.51234e-189 1.503e-30 -2.67652e-31)
(-3.21162e-183 1.82611e-30 -3.2592e-31)
(-3.9625e-177 2.21952e-30 -3.96843e-31)
(-4.71089e-171 2.69855e-30 -4.83244e-31)
(-5.3871e-165 3.28189e-30 -5.88565e-31)
(-5.91404e-159 3.99242e-30 -7.1698e-31)
(-6.21967e-153 4.85801e-30 -8.73543e-31)
(-6.2516e-147 5.9126e-30 -1.06437e-30)
(-5.9901e-141 7.19749e-30 -1.29688e-30)
(-5.45569e-135 8.7629e-30 -1.58021e-30)
(-4.7081e-129 1.06701e-29 -1.92574e-30)
(-3.8358e-123 1.29941e-29 -2.34805e-30)
(-2.93838e-117 1.5828e-29 -2.86619e-30)
(-2.10658e-111 1.92882e-29 -3.50561e-30)
(-1.40584e-105 2.35228e-29 -4.30063e-30)
(-8.67904e-100 2.87233e-29 -5.29719e-30)
(-4.92036e-94 3.51395e-29 -6.55369e-30)
(-2.53926e-88 4.30985e-29 -8.13177e-30)
(-1.18028e-82 5.30181e-29 -1.00478e-29)
(-4.8766e-77 6.53827e-29 -1.20851e-29)
(-1.76118e-71 8.05648e-29 -1.31351e-29)
(-5.43709e-66 9.8067e-29 -8.99101e-30)
(-1.39049e-60 1.1327e-28 1.48752e-29)
(-2.80783e-55 1.01282e-28 9.90539e-29)
(-4.13204e-50 -5.89514e-29 2.87564e-28)
(9.9e-277 1.76539e-31 -2.39629e-33)
(1.78826e-270 1.83345e-31 -7.281e-33)
(3.15879e-264 1.9721e-31 -1.24474e-32)
(5.45251e-258 2.18676e-31 -1.80968e-32)
(9.19043e-252 2.48576e-31 -2.4448e-32)
(1.51146e-245 2.88069e-31 -3.17466e-32)
(2.42335e-239 3.38685e-31 -4.02731e-32)
(3.78451e-233 4.0238e-31 -5.03542e-32)
(5.75132e-227 4.8161e-31 -6.23742e-32)
(8.49675e-221 5.79421e-31 -7.679e-32)
(1.21899e-214 6.99568e-31 -9.41495e-32)
(1.69633e-208 8.46653e-31 -1.15114e-31)
(2.28692e-202 1.02631e-30 -1.40488e-31)
(2.98294e-196 1.24541e-30 -1.7125e-31)
(3.75903e-190 1.51238e-30 -2.08603e-31)
(4.56957e-184 1.83751e-30 -2.54016e-31)
(5.34957e-178 2.23338e-30 -3.09292e-31)
(6.02032e-172 2.7154e-30 -3.76633e-31)
(6.50008e-166 3.3024e-30 -4.58721e-31)
(6.71859e-160 4.01739e-30 -5.58811e-31)
(6.63232e-154 4.88844e-30 -6.80842e-31)
(6.2365e-148 5.94972e-30 -8.29581e-31)
(5.56982e-142 7.2428e-30 -1.01082e-30)
(4.70933e-136 8.81829e-30 -1.23168e-30)
(3.7559e-130 1.07379e-29 -1.50106e-30)
(2.81399e-124 1.30773e-29 -1.83032e-30)
(1.97134e-118 1.59304e-29 -2.23434e-30)
(1.28443e-112 1.94149e-29 -2.73302e-30)
(7.73532e-107 2.36804e-29 -3.35315e-30)
(4.27495e-101 2.89204e-29 -4.13048e-30)
(2.14958e-95 3.53868e-29 -5.10997e-30)
(9.73373e-90 4.34054e-29 -6.33739e-30)
(3.91961e-84 5.3379e-29 -7.81696e-30)
(1.38159e-78 6.57243e-29 -9.34952e-30)
(4.17599e-73 8.05576e-29 -9.96997e-30)
(1.05224e-67 9.64848e-29 -6.11359e-30)
(2.11809e-62 1.06095e-28 1.39872e-29)
(3.15536e-57 7.8413e-29 7.99181e-29)
(2.84975e-52 -9.82529e-29 2.05792e-28)
(1.88623e-273 1.77362e-31 -1.71426e-33)
(3.42209e-267 1.84199e-31 -5.2087e-33)
(6.07144e-261 1.98128e-31 -8.90468e-33)
(1.05267e-254 2.19695e-31 -1.29462e-32)
(1.78226e-248 2.49734e-31 -1.74898e-32)
(2.94434e-242 2.89411e-31 -2.27112e-32)
(4.74218e-236 3.40263e-31 -2.8811e-32)
(7.43977e-230 4.04255e-31 -3.6023e-32)
(1.13586e-223 4.83854e-31 -4.4622e-32)
(1.68591e-217 5.82122e-31 -5.49349e-32)
(2.43012e-211 7.0283e-31 -6.73537e-32)
(3.39789e-205 8.506e-31 -8.23516e-32)
(4.60306e-199 1.03109e-30 -1.00503e-31)
(6.03346e-193 1.25122e-30 -1.22511e-31)
(7.64109e-187 1.51943e-30 -1.49232e-31)
(9.33573e-181 1.84608e-30 -1.8172e-31)
(1.09857e-174 2.24379e-30 -2.21265e-31)
(1.24282e-168 2.72806e-30 -2.6944e-31)
(1.34911e-162 3.31781e-30 -3.28167e-31)
(1.40219e-156 4.03615e-30 -3.99773e-31)
(1.39211e-150 4.9113e-30 -4.87078e-31)
(1.3168e-144 5.9776e-30 -5.93493e-31)
(1.18332e-138 7.27685e-30 -7.23165e-31)
(1.00703e-132 8.85992e-30 -8.81188e-31)
(8.08707e-127 1.07889e-29 -1.07393e-30)
(6.10403e-121 1.31399e-29 -1.30954e-30)
(4.31079e-115 1.60075e-29 -1.59869e-30)
(2.8339e-109 1.95101e-29 -1.95561e-30)
(1.72403e-103 2.37989e-29 -2.39951e-30)
(9.64039e-98 2.90686e-29 -2.95592e-30)
(4.91601e-92 3.55724e-29 -3.65671e-30)
(2.26513e-86 4.3635e-29 -4.53332e-30)
(9.3284e-81 5.36465e-29 -5.584e-30)
(3.38943e-75 6.59677e-29 -6.64936e-30)
(1.06979e-69 8.05065e-29 -6.98299e-30)
(2.8782e-64 9.51546e-29 -3.88358e-30)
(6.44847e-59 1.00407e-28 1.12608e-29)
(1.16735e-53 6.15161e-29 5.8184e-29)
(1.63353e-48 -1.22053e-28 1.47891e-28)
(9.91396e-277 1.77912e-31 -1.0296e-33)
(1.79097e-270 1.8477e-31 -3.1284e-33)
(3.1639e-264 1.98742e-31 -5.34826e-33)
(5.46191e-258 2.20375e-31 -7.77566e-33)
(9.20725e-252 2.50507e-31 -1.05047e-32)
(1.51439e-245 2.90307e-31 -1.36407e-32)
(2.42831e-239 3.41317e-31 -1.73044e-32)
(3.79267e-233 4.05507e-31 -2.16361e-32)
(5.76437e-227 4.85353e-31 -2.68008e-32)
(8.51702e-221 5.83926e-31 -3.2995e-32)
(1.22204e-214 7.05007e-31 -4.04539e-32)
(1.70079e-208 8.53236e-31 -4.94619e-32)
(2.29323e-202 1.03429e-30 -6.03641e-32)
(2.9916e-196 1.25509e-30 -7.35819e-32)
(3.77049e-190 1.52414e-30 -8.96313e-32)
(4.58421e-184 1.85179e-30 -1.09144e-31)
(5.36761e-178 2.25074e-30 -1.32895e-31)
(6.0417e-172 2.73651e-30 -1.61831e-31)
(6.52445e-166 3.32809e-30 -1.97103e-31)
(6.74521e-160 4.04867e-30 -2.40113e-31)
(6.66015e-154 4.92656e-30 -2.92552e-31)
(6.26429e-148 5.99622e-30 -3.56471e-31)
(5.59625e-142 7.29959e-30 -4.3436e-31)
(4.73318e-136 8.88772e-30 -5.29281e-31)
(3.77628e-130 1.08229e-29 -6.45061e-31)
(2.83043e-124 1.31817e-29 -7.86597e-31)
(1.98378e-118 1.60589e-29 -9.60302e-31)
(1.29322e-112 1.95737e-29 -1.17474e-30)
(7.79314e-107 2.38779e-29 -1.44146e-30)
(4.31003e-101 2.91674e-29 -1.77577e-30)
(2.16906e-95 3.56961e-29 -2.19669e-30)
(9.83191e-90 4.37876e-29 -2.72258e-30)
(3.96393e-84 5.3823e-29 -3.35042e-30)
(1.39924e-78 6.61236e-29 -3.97752e-30)
(4.23671e-73 8.04506e-29 -4.13259e-30)
(1.06976e-67 9.41994e-29 -2.13358e-30)
(2.15859e-62 9.64778e-29 7.25947e-30)
(3.2241e-57 5.04173e-29 3.54258e-29)
(2.91814e-52 -1.34509e-28 8.36478e-29)
(2.61684e-280 1.78185e-31 -3.4357e-34)
(4.70737e-274 1.85054e-31 -1.04394e-33)
(8.28054e-268 1.99048e-31 -1.78471e-33)
(1.42336e-261 2.20714e-31 -2.59472e-33)
(2.38902e-255 2.50893e-31 -3.50538e-33)
(3.91231e-249 2.90755e-31 -4.55185e-33)
(6.24585e-243 3.41843e-31 -5.77442e-33)
(9.71201e-237 4.06133e-31 -7.21989e-33)
(1.46952e-230 4.86102e-31 -8.94336e-33)
(2.1615e-224 5.84828e-31 -1.10103e-32)
(3.0873e-218 7.06098e-31 -1.34994e-32)
(4.2771e-212 8.54556e-31 -1.65053e-32)
(5.74023e-206 1.03589e-30 -2.01433e-32)
(7.45323e-200 1.25704e-30 -2.4554e-32)
(9.34919e-194 1.5265e-30 -2.99095e-32)
(1.13122e-187 1.85465e-30 -3.64208e-32)
(1.31806e-181 2.25422e-30 -4.43462e-32)
(1.47623e-175 2.74073e-30 -5.40018e-32)
(1.58611e-169 3.33322e-30 -6.57722e-32)
(1.63129e-163 4.05492e-30 -8.01245e-32)
(1.60218e-157 4.93418e-30 -9.76238e-32)
(1.49872e-151 6.00553e-30 -1.18954e-31)
(1.33134e-145 7.31097e-30 -1.44947e-31)
(1.1194e-139 8.90165e-30 -1.76623e-31)
(8.87596e-134 1.084e-29 -2.15262e-31)
(6.60944e-128 1.32026e-29 -2.62495e-31)
(4.60011e-122 1.60847e-29 -3.20466e-31)
(2.97611e-116 1.96056e-29 -3.92033e-31)
(1.77844e-110 2.39175e-29 -4.81049e-31)
(9.74286e-105 2.92168e-29 -5.92622e-31)
(4.8495e-99 3.57577e-29 -7.3308e-31)
(2.16938e-93 4.38635e-29 -9.08466e-31)
(8.60419e-88 5.39104e-29 -1.11745e-30)
(2.97339e-82 6.61997e-29 -1.32461e-30)
(8.74655e-77 8.04172e-29 -1.3687e-30)
(2.11868e-71 9.3702e-29 -6.7875e-31)
(4.01228e-66 9.44759e-29 2.50532e-30)
(5.39758e-61 4.48824e-29 1.19919e-29)
(4.03176e-56 -1.4258e-28 2.34126e-29)
(6.43586e-05 2.01937e-21 6.36591e-22)
(2.00077e-05 2.89239e-21 1.38849e-21)
(1.99897e-05 1.77275e-21 8.47274e-22)
(1.99725e-05 8.06722e-22 4.02666e-22)
(-2.44119e-05 -9.30609e-23 -1.30459e-22)
(1.25547e-09 1.13883e-22 -4.93991e-22)
(-3.89829e-10 1.71919e-22 -1.99147e-22)
(9.99117e-11 8.28043e-23 -1.37535e-22)
(-3.9054e-10 3.24825e-23 -4.98089e-23)
(-7.35906e-11 7.75881e-24 -7.62356e-23)
(1.05707e-14 6.20654e-24 -2.71656e-23)
(-9.78609e-15 9.00221e-24 -1.0805e-23)
(3.30262e-16 4.01581e-24 -6.15588e-24)
(-2.58698e-15 1.98033e-24 -4.12786e-24)
(3.15525e-15 7.62497e-25 -3.82448e-24)
(3.10992e-20 3.25404e-25 -1.45782e-24)
(-8.08698e-20 4.71587e-25 -5.69092e-25)
(4.02371e-20 2.21682e-25 -3.5023e-25)
(8.89771e-21 1.23277e-25 -2.48787e-25)
(4.89866e-21 4.78976e-26 -1.92698e-25)
(-1.5338e-25 1.28123e-26 -6.89806e-26)
(-1.25127e-25 1.62807e-26 -2.4753e-26)
(4.7315e-25 3.28216e-27 -1.32682e-26)
(-1.35783e-25 -2.0661e-27 -6.63964e-27)
(-5.01027e-26 -1.8727e-27 -3.0057e-28)
)
;

boundaryField
{
    fixedWallsLeftTop
    {
        type            noSlip;
    }
    backFaceLeftTop
    {
        type            noSlip;
    }
    frontFaceLeftTop
    {
        type            noSlip;
    }
    symmetryWallLeftTop
    {
        type            zeroGradient;
    }
    topToBottom
    {
        type            noSlip;
    }
    plug
    {
        type            cyclicAMI;
        value           nonuniform List<vector> 
40
(
(-1.67007e-26 -3.01578e-27 7.72452e-27)
(-1.67007e-26 -3.77682e-27 7.84749e-27)
(-1.67011e-26 -3.01649e-27 7.87253e-27)
(-1.67224e-26 2.38043e-26 1.04127e-26)
(-2.44206e-26 -1.5321e-27 3.94064e-27)
(-1.67223e-26 -2.74515e-26 9.96563e-27)
(-1.67011e-26 -1.07245e-27 7.96698e-27)
(-1.67008e-26 -3.115e-28 7.9127e-27)
(-4.52619e-26 -1.12123e-27 6.04316e-27)
(-4.52619e-26 -1.36575e-27 6.05182e-27)
(-4.52619e-26 -2.14171e-27 5.99831e-27)
(-4.52628e-26 -1.41628e-27 6.05716e-27)
(-4.53208e-26 2.53117e-26 8.48834e-27)
(-6.61821e-26 -6.9364e-28 1.00647e-27)
(-4.53205e-26 -2.61802e-26 8.1771e-27)
(-4.52613e-26 3.23731e-28 6.09993e-27)
(1.57719e-25 2.80599e-27 3.85087e-27)
(1.57717e-25 2.00003e-27 3.91878e-27)
(1.57717e-25 1.71868e-27 3.94107e-27)
(1.57718e-25 9.10895e-28 3.92626e-27)
(1.57721e-25 1.59583e-27 4.01456e-27)
(1.57924e-25 2.79449e-26 6.29879e-27)
(2.30619e-25 2.55054e-27 -2.26896e-27)
(1.57921e-25 -2.31701e-26 6.14497e-27)
(-4.17074e-26 7.42883e-27 -3.56267e-28)
(-4.17084e-26 8.0307e-27 -3.81421e-28)
(-4.17084e-26 7.16356e-27 -2.97329e-28)
(-4.17083e-26 6.82147e-27 -2.5149e-28)
(-4.17083e-26 5.97058e-27 -2.41522e-28)
(-4.17092e-26 6.54822e-27 -1.44678e-28)
(-4.1764e-26 3.14205e-26 1.87548e-27)
(-6.09874e-26 1.2142e-26 -8.43237e-27)
(-5.11931e-26 -1.45629e-26 -1.48368e-26)
(-5.11282e-26 6.00819e-27 -1.65656e-26)
(-5.11272e-26 6.24847e-27 -1.65655e-26)
(-5.11272e-26 5.21354e-27 -1.64931e-26)
(-5.11272e-26 4.63541e-27 -1.64701e-26)
(-5.11272e-26 3.82639e-27 -1.6484e-26)
(-5.11278e-26 3.65525e-27 -1.64866e-26)
(-5.11651e-26 1.47296e-26 -1.57625e-26)
)
;
    }
    fixedWallsChannel
    {
        type            noSlip;
    }
    inlet
    {
        type            fixedValue;
        value           uniform (1 0 0);
    }
    outlet
    {
        type            cyclicAMI;
        value           nonuniform List<vector> 5((-1.79158e-26 -2.0279e-27 7.80994e-27) (-4.85543e-26 -9.02566e-28 5.80971e-27) (1.69191e-25 2.06294e-27 3.511e-27) (-4.47361e-26 1.07433e-26 -1.29695e-27) (-5.11403e-26 3.71924e-27 -1.6208e-26));
    }
    backFaceInletChannel
    {
        type            noSlip;
    }
    frontFaceInletChannel
    {
        type            noSlip;
    }
}


// ************************************************************************* //
