/*--------------------------------*- C++ -*----------------------------------*\
| =========                 |                                                 |
| \\      /  F ield         | OpenFOAM: The Open Source CFD Toolbox           |
|  \\    /   O peration     | Version:  4.1                                   |
|   \\  /    A nd           | Web:      www.OpenFOAM.org                      |
|    \\/     M anipulation  |                                                 |
\*---------------------------------------------------------------------------*/
FoamFile
{
    version     2.0;
    format      ascii;
    class       volVectorField;
    location    "10";
    object      U;
}
// * * * * * * * * * * * * * * * * * * * * * * * * * * * * * * * * * * * * * //

dimensions      [0 1 -1 0 0 0 0];

internalField   nonuniform List<vector> 
2000
(
(2.86605e-82 0 0)
(5.75476e-86 0 0)
(1.10922e-89 0 0)
(2.05998e-93 0 0)
(3.68923e-97 0 0)
(6.38142e-101 0 0)
(1.06768e-104 0 0)
(1.7302e-108 0 0)
(2.71909e-112 0 0)
(4.1489e-116 0 0)
(6.15314e-120 0 0)
(8.87891e-124 0 0)
(1.24778e-127 0 0)
(1.7093e-131 0 0)
(2.28439e-135 0 0)
(2.98086e-139 0 0)
(3.80065e-143 0 0)
(4.73836e-147 0 0)
(5.78024e-151 0 0)
(6.90379e-155 0 0)
(8.07826e-159 0 0)
(9.2659e-163 0 0)
(1.0424e-166 0 0)
(1.15077e-170 0 0)
(1.24727e-174 0 0)
(1.3279e-178 0 0)
(1.38929e-182 0 0)
(1.42903e-186 0 0)
(1.44572e-190 0 0)
(1.43913e-194 0 0)
(1.41011e-198 0 0)
(1.36051e-202 0 0)
(1.29302e-206 0 0)
(1.2109e-210 0 0)
(1.11777e-214 0 0)
(1.01736e-218 0 0)
(9.13284e-223 0 0)
(8.08863e-227 0 0)
(7.06975e-231 0 0)
(6.10026e-235 0 0)
(2.86721e-82 0 0)
(5.75921e-86 0 0)
(1.11045e-89 0 0)
(2.06294e-93 0 0)
(3.69562e-97 0 0)
(6.39424e-101 0 0)
(1.07011e-104 0 0)
(1.73455e-108 0 0)
(2.72656e-112 0 0)
(4.16121e-116 0 0)
(6.17269e-120 0 0)
(8.90889e-124 0 0)
(1.25222e-127 0 0)
(1.7157e-131 0 0)
(2.29334e-135 0 0)
(2.99303e-139 0 0)
(3.81677e-143 0 0)
(4.75919e-147 0 0)
(5.80649e-151 0 0)
(6.93613e-155 0 0)
(8.11721e-159 0 0)
(9.3118e-163 0 0)
(1.0477e-166 0 0)
(1.15676e-170 0 0)
(1.25392e-174 0 0)
(1.33513e-178 0 0)
(1.39702e-182 0 0)
(1.43713e-186 0 0)
(1.45407e-190 0 0)
(1.44759e-194 0 0)
(1.41855e-198 0 0)
(1.3688e-202 0 0)
(1.30102e-206 0 0)
(1.21851e-210 0 0)
(1.12489e-214 0 0)
(1.02394e-218 0 0)
(9.19274e-223 0 0)
(8.1424e-227 0 0)
(7.11736e-231 0 0)
(6.14186e-235 0 0)
(2.87296e-82 0 0)
(5.77032e-86 0 0)
(1.11252e-89 0 0)
(2.06663e-93 0 0)
(3.702e-97 0 0)
(6.40493e-101 0 0)
(1.07184e-104 0 0)
(1.73727e-108 0 0)
(2.73072e-112 0 0)
(4.16738e-116 0 0)
(6.18159e-120 0 0)
(8.9214e-124 0 0)
(1.25394e-127 0 0)
(1.71799e-131 0 0)
(2.29633e-135 0 0)
(2.99685e-139 0 0)
(3.82153e-143 0 0)
(4.76499e-147 0 0)
(5.81343e-151 0 0)
(6.94425e-155 0 0)
(8.12653e-159 0 0)
(9.32228e-163 0 0)
(1.04886e-166 0 0)
(1.15801e-170 0 0)
(1.25525e-174 0 0)
(1.33653e-178 0 0)
(1.39846e-182 0 0)
(1.43859e-186 0 0)
(1.45552e-190 0 0)
(1.44902e-194 0 0)
(1.41992e-198 0 0)
(1.3701e-202 0 0)
(1.30224e-206 0 0)
(1.21964e-210 0 0)
(1.12592e-214 0 0)
(1.02486e-218 0 0)
(9.20093e-223 0 0)
(8.14956e-227 0 0)
(7.12354e-231 0 0)
(6.14713e-235 0 0)
(2.87296e-82 0 0)
(5.77032e-86 0 0)
(1.11252e-89 0 0)
(2.06663e-93 0 0)
(3.70201e-97 0 0)
(6.40494e-101 0 0)
(1.07184e-104 0 0)
(1.73728e-108 0 0)
(2.73072e-112 0 0)
(4.16739e-116 0 0)
(6.18161e-120 0 0)
(8.92142e-124 0 0)
(1.25394e-127 0 0)
(1.718e-131 0 0)
(2.29634e-135 0 0)
(2.99686e-139 0 0)
(3.82154e-143 0 0)
(4.76501e-147 0 0)
(5.81344e-151 0 0)
(6.94427e-155 0 0)
(8.12655e-159 0 0)
(9.32231e-163 0 0)
(1.04886e-166 0 0)
(1.15802e-170 0 0)
(1.25526e-174 0 0)
(1.33653e-178 0 0)
(1.39846e-182 0 0)
(1.43859e-186 0 0)
(1.45553e-190 0 0)
(1.44902e-194 0 0)
(1.41993e-198 0 0)
(1.37011e-202 0 0)
(1.30225e-206 0 0)
(1.21964e-210 0 0)
(1.12593e-214 0 0)
(1.02487e-218 0 0)
(9.20095e-223 0 0)
(8.14959e-227 0 0)
(7.12357e-231 0 0)
(6.14715e-235 0 0)
(2.87297e-82 0 0)
(5.77033e-86 0 0)
(1.11252e-89 0 0)
(2.06663e-93 0 0)
(3.70201e-97 0 0)
(6.40495e-101 0 0)
(1.07184e-104 0 0)
(1.73728e-108 0 0)
(2.73073e-112 0 0)
(4.16739e-116 0 0)
(6.18161e-120 0 0)
(8.92142e-124 0 0)
(1.25394e-127 0 0)
(1.718e-131 0 0)
(2.29634e-135 0 0)
(2.99686e-139 0 0)
(3.82154e-143 0 0)
(4.76501e-147 0 0)
(5.81345e-151 0 0)
(6.94427e-155 0 0)
(8.12655e-159 0 0)
(9.32231e-163 0 0)
(1.04886e-166 0 0)
(1.15802e-170 0 0)
(1.25526e-174 0 0)
(1.33653e-178 0 0)
(1.39846e-182 0 0)
(1.43859e-186 0 0)
(1.45553e-190 0 0)
(1.44902e-194 0 0)
(1.41993e-198 0 0)
(1.37011e-202 0 0)
(1.30225e-206 0 0)
(1.21964e-210 0 0)
(1.12593e-214 0 0)
(1.02487e-218 0 0)
(9.20096e-223 0 0)
(8.14959e-227 0 0)
(7.12357e-231 0 0)
(6.14715e-235 0 0)
(2.87297e-82 0 0)
(5.77033e-86 0 0)
(1.11252e-89 0 0)
(2.06663e-93 0 0)
(3.70201e-97 0 0)
(6.40495e-101 0 0)
(1.07184e-104 0 0)
(1.73728e-108 0 0)
(2.73073e-112 0 0)
(4.16739e-116 0 0)
(6.18161e-120 0 0)
(8.92142e-124 0 0)
(1.25394e-127 0 0)
(1.718e-131 0 0)
(2.29634e-135 0 0)
(2.99686e-139 0 0)
(3.82154e-143 0 0)
(4.76501e-147 0 0)
(5.81345e-151 0 0)
(6.94427e-155 0 0)
(8.12655e-159 0 0)
(9.32231e-163 0 0)
(1.04886e-166 0 0)
(1.15802e-170 0 0)
(1.25526e-174 0 0)
(1.33653e-178 0 0)
(1.39846e-182 0 0)
(1.43859e-186 0 0)
(1.45553e-190 0 0)
(1.44902e-194 0 0)
(1.41993e-198 0 0)
(1.37011e-202 0 0)
(1.30225e-206 0 0)
(1.21964e-210 0 0)
(1.12593e-214 0 0)
(1.02487e-218 0 0)
(9.20096e-223 0 0)
(8.14959e-227 0 0)
(7.12357e-231 0 0)
(6.14715e-235 0 0)
(2.87297e-82 0 0)
(5.77033e-86 0 0)
(1.11252e-89 0 0)
(2.06663e-93 0 0)
(3.70201e-97 0 0)
(6.40495e-101 0 0)
(1.07184e-104 0 0)
(1.73728e-108 0 0)
(2.73073e-112 0 0)
(4.16739e-116 0 0)
(6.18161e-120 0 0)
(8.92142e-124 0 0)
(1.25394e-127 0 0)
(1.718e-131 0 0)
(2.29634e-135 0 0)
(2.99686e-139 0 0)
(3.82154e-143 0 0)
(4.76501e-147 0 0)
(5.81345e-151 0 0)
(6.94427e-155 0 0)
(8.12655e-159 0 0)
(9.32231e-163 0 0)
(1.04886e-166 0 0)
(1.15802e-170 0 0)
(1.25526e-174 0 0)
(1.33653e-178 0 0)
(1.39846e-182 0 0)
(1.43859e-186 0 0)
(1.45553e-190 0 0)
(1.44902e-194 0 0)
(1.41993e-198 0 0)
(1.37011e-202 0 0)
(1.30225e-206 0 0)
(1.21964e-210 0 0)
(1.12593e-214 0 0)
(1.02487e-218 0 0)
(9.20096e-223 0 0)
(8.14959e-227 0 0)
(7.12357e-231 0 0)
(6.14715e-235 0 0)
(2.87297e-82 0 0)
(5.77033e-86 0 0)
(1.11252e-89 0 0)
(2.06663e-93 0 0)
(3.70201e-97 0 0)
(6.40495e-101 0 0)
(1.07184e-104 0 0)
(1.73728e-108 0 0)
(2.73073e-112 0 0)
(4.16739e-116 0 0)
(6.18161e-120 0 0)
(8.92142e-124 0 0)
(1.25394e-127 0 0)
(1.718e-131 0 0)
(2.29634e-135 0 0)
(2.99686e-139 0 0)
(3.82154e-143 0 0)
(4.76501e-147 0 0)
(5.81345e-151 0 0)
(6.94427e-155 0 0)
(8.12655e-159 0 0)
(9.32231e-163 0 0)
(1.04886e-166 0 0)
(1.15802e-170 0 0)
(1.25526e-174 0 0)
(1.33653e-178 0 0)
(1.39846e-182 0 0)
(1.43859e-186 0 0)
(1.45553e-190 0 0)
(1.44902e-194 0 0)
(1.41993e-198 0 0)
(1.37011e-202 0 0)
(1.30225e-206 0 0)
(1.21964e-210 0 0)
(1.12593e-214 0 0)
(1.02487e-218 0 0)
(9.20096e-223 0 0)
(8.14959e-227 0 0)
(7.12357e-231 0 0)
(6.14715e-235 0 0)
(2.87297e-82 0 0)
(5.77033e-86 0 0)
(1.11252e-89 0 0)
(2.06663e-93 0 0)
(3.70201e-97 0 0)
(6.40495e-101 0 0)
(1.07184e-104 0 0)
(1.73728e-108 0 0)
(2.73073e-112 0 0)
(4.16739e-116 0 0)
(6.18161e-120 0 0)
(8.92142e-124 0 0)
(1.25394e-127 0 0)
(1.718e-131 0 0)
(2.29634e-135 0 0)
(2.99686e-139 0 0)
(3.82154e-143 0 0)
(4.76501e-147 0 0)
(5.81345e-151 0 0)
(6.94427e-155 0 0)
(8.12655e-159 0 0)
(9.32231e-163 0 0)
(1.04886e-166 0 0)
(1.15802e-170 0 0)
(1.25526e-174 0 0)
(1.33653e-178 0 0)
(1.39846e-182 0 0)
(1.43859e-186 0 0)
(1.45553e-190 0 0)
(1.44902e-194 0 0)
(1.41993e-198 0 0)
(1.37011e-202 0 0)
(1.30225e-206 0 0)
(1.21964e-210 0 0)
(1.12593e-214 0 0)
(1.02487e-218 0 0)
(9.20096e-223 0 0)
(8.14959e-227 0 0)
(7.12357e-231 0 0)
(6.14715e-235 0 0)
(2.87297e-82 0 0)
(5.77033e-86 0 0)
(1.11252e-89 0 0)
(2.06663e-93 0 0)
(3.70201e-97 0 0)
(6.40495e-101 0 0)
(1.07184e-104 0 0)
(1.73728e-108 0 0)
(2.73073e-112 0 0)
(4.16739e-116 0 0)
(6.18161e-120 0 0)
(8.92142e-124 0 0)
(1.25394e-127 0 0)
(1.718e-131 0 0)
(2.29634e-135 0 0)
(2.99686e-139 0 0)
(3.82154e-143 0 0)
(4.76501e-147 0 0)
(5.81345e-151 0 0)
(6.94427e-155 0 0)
(8.12655e-159 0 0)
(9.32231e-163 0 0)
(1.04886e-166 0 0)
(1.15802e-170 0 0)
(1.25526e-174 0 0)
(1.33653e-178 0 0)
(1.39846e-182 0 0)
(1.43859e-186 0 0)
(1.45553e-190 0 0)
(1.44902e-194 0 0)
(1.41993e-198 0 0)
(1.37011e-202 0 0)
(1.30225e-206 0 0)
(1.21964e-210 0 0)
(1.12593e-214 0 0)
(1.02487e-218 0 0)
(9.20096e-223 0 0)
(8.14959e-227 0 0)
(7.12357e-231 0 0)
(6.14715e-235 0 0)
(2.87297e-82 0 0)
(5.77033e-86 0 0)
(1.11252e-89 0 0)
(2.06663e-93 0 0)
(3.70201e-97 0 0)
(6.40495e-101 0 0)
(1.07184e-104 0 0)
(1.73728e-108 0 0)
(2.73073e-112 0 0)
(4.16739e-116 0 0)
(6.18161e-120 0 0)
(8.92142e-124 0 0)
(1.25394e-127 0 0)
(1.718e-131 0 0)
(2.29634e-135 0 0)
(2.99686e-139 0 0)
(3.82154e-143 0 0)
(4.76501e-147 0 0)
(5.81345e-151 0 0)
(6.94427e-155 0 0)
(8.12655e-159 0 0)
(9.32231e-163 0 0)
(1.04886e-166 0 0)
(1.15802e-170 0 0)
(1.25526e-174 0 0)
(1.33653e-178 0 0)
(1.39846e-182 0 0)
(1.43859e-186 0 0)
(1.45553e-190 0 0)
(1.44902e-194 0 0)
(1.41993e-198 0 0)
(1.37011e-202 0 0)
(1.30225e-206 0 0)
(1.21964e-210 0 0)
(1.12593e-214 0 0)
(1.02487e-218 0 0)
(9.20096e-223 0 0)
(8.14959e-227 0 0)
(7.12357e-231 0 0)
(6.14715e-235 0 0)
(2.87297e-82 0 0)
(5.77033e-86 0 0)
(1.11252e-89 0 0)
(2.06663e-93 0 0)
(3.70201e-97 0 0)
(6.40495e-101 0 0)
(1.07184e-104 0 0)
(1.73728e-108 0 0)
(2.73073e-112 0 0)
(4.16739e-116 0 0)
(6.18161e-120 0 0)
(8.92142e-124 0 0)
(1.25394e-127 0 0)
(1.718e-131 0 0)
(2.29634e-135 0 0)
(2.99686e-139 0 0)
(3.82154e-143 0 0)
(4.76501e-147 0 0)
(5.81345e-151 0 0)
(6.94427e-155 0 0)
(8.12655e-159 0 0)
(9.32231e-163 0 0)
(1.04886e-166 0 0)
(1.15802e-170 0 0)
(1.25526e-174 0 0)
(1.33653e-178 0 0)
(1.39846e-182 0 0)
(1.43859e-186 0 0)
(1.45553e-190 0 0)
(1.44902e-194 0 0)
(1.41993e-198 0 0)
(1.37011e-202 0 0)
(1.30225e-206 0 0)
(1.21964e-210 0 0)
(1.12593e-214 0 0)
(1.02487e-218 0 0)
(9.20096e-223 0 0)
(8.14959e-227 0 0)
(7.12357e-231 0 0)
(6.14715e-235 0 0)
(2.87297e-82 0 0)
(5.77033e-86 0 0)
(1.11252e-89 0 0)
(2.06663e-93 0 0)
(3.70201e-97 0 0)
(6.40495e-101 0 0)
(1.07184e-104 0 0)
(1.73728e-108 0 0)
(2.73073e-112 0 0)
(4.16739e-116 0 0)
(6.18161e-120 0 0)
(8.92142e-124 0 0)
(1.25394e-127 0 0)
(1.718e-131 0 0)
(2.29634e-135 0 0)
(2.99686e-139 0 0)
(3.82154e-143 0 0)
(4.76501e-147 0 0)
(5.81345e-151 0 0)
(6.94427e-155 0 0)
(8.12655e-159 0 0)
(9.32231e-163 0 0)
(1.04886e-166 0 0)
(1.15802e-170 0 0)
(1.25526e-174 0 0)
(1.33653e-178 0 0)
(1.39846e-182 0 0)
(1.43859e-186 0 0)
(1.45553e-190 0 0)
(1.44902e-194 0 0)
(1.41993e-198 0 0)
(1.37011e-202 0 0)
(1.30225e-206 0 0)
(1.21964e-210 0 0)
(1.12593e-214 0 0)
(1.02487e-218 0 0)
(9.20096e-223 0 0)
(8.14959e-227 0 0)
(7.12357e-231 0 0)
(6.14715e-235 0 0)
(2.87297e-82 0 0)
(5.77033e-86 0 0)
(1.11252e-89 0 0)
(2.06663e-93 0 0)
(3.70201e-97 0 0)
(6.40495e-101 0 0)
(1.07184e-104 0 0)
(1.73728e-108 0 0)
(2.73073e-112 0 0)
(4.16739e-116 0 0)
(6.18161e-120 0 0)
(8.92142e-124 0 0)
(1.25394e-127 0 0)
(1.718e-131 0 0)
(2.29634e-135 0 0)
(2.99686e-139 0 0)
(3.82154e-143 0 0)
(4.76501e-147 0 0)
(5.81345e-151 0 0)
(6.94427e-155 0 0)
(8.12655e-159 0 0)
(9.32231e-163 0 0)
(1.04886e-166 0 0)
(1.15802e-170 0 0)
(1.25526e-174 0 0)
(1.33653e-178 0 0)
(1.39846e-182 0 0)
(1.43859e-186 0 0)
(1.45553e-190 0 0)
(1.44902e-194 0 0)
(1.41993e-198 0 0)
(1.37011e-202 0 0)
(1.30225e-206 0 0)
(1.21964e-210 0 0)
(1.12593e-214 0 0)
(1.02487e-218 0 0)
(9.20096e-223 0 0)
(8.14959e-227 0 0)
(7.12357e-231 0 0)
(6.14715e-235 0 0)
(2.87297e-82 0 0)
(5.77033e-86 0 0)
(1.11252e-89 0 0)
(2.06663e-93 0 0)
(3.70201e-97 0 0)
(6.40495e-101 0 0)
(1.07184e-104 0 0)
(1.73728e-108 0 0)
(2.73073e-112 0 0)
(4.16739e-116 0 0)
(6.18161e-120 0 0)
(8.92142e-124 0 0)
(1.25394e-127 0 0)
(1.718e-131 0 0)
(2.29634e-135 0 0)
(2.99686e-139 0 0)
(3.82154e-143 0 0)
(4.76501e-147 0 0)
(5.81345e-151 0 0)
(6.94427e-155 0 0)
(8.12655e-159 0 0)
(9.32231e-163 0 0)
(1.04886e-166 0 0)
(1.15802e-170 0 0)
(1.25526e-174 0 0)
(1.33653e-178 0 0)
(1.39846e-182 0 0)
(1.43859e-186 0 0)
(1.45553e-190 0 0)
(1.44902e-194 0 0)
(1.41993e-198 0 0)
(1.37011e-202 0 0)
(1.30225e-206 0 0)
(1.21964e-210 0 0)
(1.12593e-214 0 0)
(1.02487e-218 0 0)
(9.20096e-223 0 0)
(8.14959e-227 0 0)
(7.12357e-231 0 0)
(6.14715e-235 0 0)
(2.87297e-82 0 0)
(5.77033e-86 0 0)
(1.11252e-89 0 0)
(2.06663e-93 0 0)
(3.70201e-97 0 0)
(6.40495e-101 0 0)
(1.07184e-104 0 0)
(1.73728e-108 0 0)
(2.73073e-112 0 0)
(4.16739e-116 0 0)
(6.18161e-120 0 0)
(8.92142e-124 0 0)
(1.25394e-127 0 0)
(1.718e-131 0 0)
(2.29634e-135 0 0)
(2.99686e-139 0 0)
(3.82154e-143 0 0)
(4.76501e-147 0 0)
(5.81345e-151 0 0)
(6.94427e-155 0 0)
(8.12655e-159 0 0)
(9.32231e-163 0 0)
(1.04886e-166 0 0)
(1.15802e-170 0 0)
(1.25526e-174 0 0)
(1.33653e-178 0 0)
(1.39846e-182 0 0)
(1.43859e-186 0 0)
(1.45553e-190 0 0)
(1.44902e-194 0 0)
(1.41993e-198 0 0)
(1.37011e-202 0 0)
(1.30225e-206 0 0)
(1.21964e-210 0 0)
(1.12593e-214 0 0)
(1.02487e-218 0 0)
(9.20096e-223 0 0)
(8.14959e-227 0 0)
(7.12357e-231 0 0)
(6.14715e-235 0 0)
(2.87297e-82 0 0)
(5.77033e-86 0 0)
(1.11252e-89 0 0)
(2.06663e-93 0 0)
(3.70201e-97 0 0)
(6.40495e-101 0 0)
(1.07184e-104 0 0)
(1.73728e-108 0 0)
(2.73073e-112 0 0)
(4.16739e-116 0 0)
(6.18161e-120 0 0)
(8.92142e-124 0 0)
(1.25394e-127 0 0)
(1.718e-131 0 0)
(2.29634e-135 0 0)
(2.99686e-139 0 0)
(3.82154e-143 0 0)
(4.76501e-147 0 0)
(5.81345e-151 0 0)
(6.94427e-155 0 0)
(8.12655e-159 0 0)
(9.32231e-163 0 0)
(1.04886e-166 0 0)
(1.15802e-170 0 0)
(1.25526e-174 0 0)
(1.33653e-178 0 0)
(1.39846e-182 0 0)
(1.43859e-186 0 0)
(1.45553e-190 0 0)
(1.44902e-194 0 0)
(1.41993e-198 0 0)
(1.37011e-202 0 0)
(1.30225e-206 0 0)
(1.21964e-210 0 0)
(1.12593e-214 0 0)
(1.02487e-218 0 0)
(9.20096e-223 0 0)
(8.14959e-227 0 0)
(7.12357e-231 0 0)
(6.14715e-235 0 0)
(2.87297e-82 0 0)
(5.77033e-86 0 0)
(1.11252e-89 0 0)
(2.06663e-93 0 0)
(3.70201e-97 0 0)
(6.40495e-101 0 0)
(1.07184e-104 0 0)
(1.73728e-108 0 0)
(2.73073e-112 0 0)
(4.16739e-116 0 0)
(6.18161e-120 0 0)
(8.92142e-124 0 0)
(1.25394e-127 0 0)
(1.718e-131 0 0)
(2.29634e-135 0 0)
(2.99686e-139 0 0)
(3.82154e-143 0 0)
(4.76501e-147 0 0)
(5.81345e-151 0 0)
(6.94427e-155 0 0)
(8.12655e-159 0 0)
(9.32231e-163 0 0)
(1.04886e-166 0 0)
(1.15802e-170 0 0)
(1.25526e-174 0 0)
(1.33653e-178 0 0)
(1.39846e-182 0 0)
(1.43859e-186 0 0)
(1.45553e-190 0 0)
(1.44902e-194 0 0)
(1.41993e-198 0 0)
(1.37011e-202 0 0)
(1.30225e-206 0 0)
(1.21964e-210 0 0)
(1.12593e-214 0 0)
(1.02487e-218 0 0)
(9.20096e-223 0 0)
(8.14959e-227 0 0)
(7.12357e-231 0 0)
(6.14715e-235 0 0)
(2.87297e-82 0 0)
(5.77033e-86 0 0)
(1.11252e-89 0 0)
(2.06663e-93 0 0)
(3.70201e-97 0 0)
(6.40495e-101 0 0)
(1.07184e-104 0 0)
(1.73728e-108 0 0)
(2.73073e-112 0 0)
(4.16739e-116 0 0)
(6.18161e-120 0 0)
(8.92142e-124 0 0)
(1.25394e-127 0 0)
(1.718e-131 0 0)
(2.29634e-135 0 0)
(2.99686e-139 0 0)
(3.82154e-143 0 0)
(4.76501e-147 0 0)
(5.81345e-151 0 0)
(6.94427e-155 0 0)
(8.12655e-159 0 0)
(9.32231e-163 0 0)
(1.04886e-166 0 0)
(1.15802e-170 0 0)
(1.25526e-174 0 0)
(1.33653e-178 0 0)
(1.39846e-182 0 0)
(1.43859e-186 0 0)
(1.45553e-190 0 0)
(1.44902e-194 0 0)
(1.41993e-198 0 0)
(1.37011e-202 0 0)
(1.30225e-206 0 0)
(1.21964e-210 0 0)
(1.12593e-214 0 0)
(1.02487e-218 0 0)
(9.20096e-223 0 0)
(8.14959e-227 0 0)
(7.12357e-231 0 0)
(6.14715e-235 0 0)
(2.87297e-82 0 0)
(5.77033e-86 0 0)
(1.11252e-89 0 0)
(2.06663e-93 0 0)
(3.70201e-97 0 0)
(6.40495e-101 0 0)
(1.07184e-104 0 0)
(1.73728e-108 0 0)
(2.73073e-112 0 0)
(4.16739e-116 0 0)
(6.18161e-120 0 0)
(8.92142e-124 0 0)
(1.25394e-127 0 0)
(1.718e-131 0 0)
(2.29634e-135 0 0)
(2.99686e-139 0 0)
(3.82154e-143 0 0)
(4.76501e-147 0 0)
(5.81345e-151 0 0)
(6.94427e-155 0 0)
(8.12655e-159 0 0)
(9.32231e-163 0 0)
(1.04886e-166 0 0)
(1.15802e-170 0 0)
(1.25526e-174 0 0)
(1.33653e-178 0 0)
(1.39846e-182 0 0)
(1.43859e-186 0 0)
(1.45553e-190 0 0)
(1.44902e-194 0 0)
(1.41993e-198 0 0)
(1.37011e-202 0 0)
(1.30225e-206 0 0)
(1.21964e-210 0 0)
(1.12593e-214 0 0)
(1.02487e-218 0 0)
(9.20096e-223 0 0)
(8.14959e-227 0 0)
(7.12357e-231 0 0)
(6.14715e-235 0 0)
(2.87297e-82 0 0)
(5.77033e-86 0 0)
(1.11252e-89 0 0)
(2.06663e-93 0 0)
(3.70201e-97 0 0)
(6.40495e-101 0 0)
(1.07184e-104 0 0)
(1.73728e-108 0 0)
(2.73073e-112 0 0)
(4.16739e-116 0 0)
(6.18161e-120 0 0)
(8.92142e-124 0 0)
(1.25394e-127 0 0)
(1.718e-131 0 0)
(2.29634e-135 0 0)
(2.99686e-139 0 0)
(3.82154e-143 0 0)
(4.76501e-147 0 0)
(5.81345e-151 0 0)
(6.94427e-155 0 0)
(8.12655e-159 0 0)
(9.32231e-163 0 0)
(1.04886e-166 0 0)
(1.15802e-170 0 0)
(1.25526e-174 0 0)
(1.33653e-178 0 0)
(1.39846e-182 0 0)
(1.43859e-186 0 0)
(1.45553e-190 0 0)
(1.44902e-194 0 0)
(1.41993e-198 0 0)
(1.37011e-202 0 0)
(1.30225e-206 0 0)
(1.21964e-210 0 0)
(1.12593e-214 0 0)
(1.02487e-218 0 0)
(9.20096e-223 0 0)
(8.14959e-227 0 0)
(7.12357e-231 0 0)
(6.14715e-235 0 0)
(2.87297e-82 0 0)
(5.77033e-86 0 0)
(1.11252e-89 0 0)
(2.06663e-93 0 0)
(3.70201e-97 0 0)
(6.40495e-101 0 0)
(1.07184e-104 0 0)
(1.73728e-108 0 0)
(2.73073e-112 0 0)
(4.16739e-116 0 0)
(6.18161e-120 0 0)
(8.92142e-124 0 0)
(1.25394e-127 0 0)
(1.718e-131 0 0)
(2.29634e-135 0 0)
(2.99686e-139 0 0)
(3.82154e-143 0 0)
(4.76501e-147 0 0)
(5.81345e-151 0 0)
(6.94427e-155 0 0)
(8.12655e-159 0 0)
(9.32231e-163 0 0)
(1.04886e-166 0 0)
(1.15802e-170 0 0)
(1.25526e-174 0 0)
(1.33653e-178 0 0)
(1.39846e-182 0 0)
(1.43859e-186 0 0)
(1.45553e-190 0 0)
(1.44902e-194 0 0)
(1.41993e-198 0 0)
(1.37011e-202 0 0)
(1.30225e-206 0 0)
(1.21964e-210 0 0)
(1.12593e-214 0 0)
(1.02487e-218 0 0)
(9.20096e-223 0 0)
(8.14959e-227 0 0)
(7.12357e-231 0 0)
(6.14715e-235 0 0)
(2.87297e-82 0 0)
(5.77033e-86 0 0)
(1.11252e-89 0 0)
(2.06663e-93 0 0)
(3.70201e-97 0 0)
(6.40495e-101 0 0)
(1.07184e-104 0 0)
(1.73728e-108 0 0)
(2.73073e-112 0 0)
(4.16739e-116 0 0)
(6.18161e-120 0 0)
(8.92142e-124 0 0)
(1.25394e-127 0 0)
(1.718e-131 0 0)
(2.29634e-135 0 0)
(2.99686e-139 0 0)
(3.82154e-143 0 0)
(4.76501e-147 0 0)
(5.81345e-151 0 0)
(6.94427e-155 0 0)
(8.12655e-159 0 0)
(9.32231e-163 0 0)
(1.04886e-166 0 0)
(1.15802e-170 0 0)
(1.25526e-174 0 0)
(1.33653e-178 0 0)
(1.39846e-182 0 0)
(1.43859e-186 0 0)
(1.45553e-190 0 0)
(1.44902e-194 0 0)
(1.41993e-198 0 0)
(1.37011e-202 0 0)
(1.30225e-206 0 0)
(1.21964e-210 0 0)
(1.12593e-214 0 0)
(1.02487e-218 0 0)
(9.20096e-223 0 0)
(8.14959e-227 0 0)
(7.12357e-231 0 0)
(6.14715e-235 0 0)
(2.87297e-82 0 0)
(5.77033e-86 0 0)
(1.11252e-89 0 0)
(2.06663e-93 0 0)
(3.70201e-97 0 0)
(6.40495e-101 0 0)
(1.07184e-104 0 0)
(1.73728e-108 0 0)
(2.73073e-112 0 0)
(4.16739e-116 0 0)
(6.18161e-120 0 0)
(8.92142e-124 0 0)
(1.25394e-127 0 0)
(1.718e-131 0 0)
(2.29634e-135 0 0)
(2.99686e-139 0 0)
(3.82154e-143 0 0)
(4.76501e-147 0 0)
(5.81345e-151 0 0)
(6.94427e-155 0 0)
(8.12655e-159 0 0)
(9.32231e-163 0 0)
(1.04886e-166 0 0)
(1.15802e-170 0 0)
(1.25526e-174 0 0)
(1.33653e-178 0 0)
(1.39846e-182 0 0)
(1.43859e-186 0 0)
(1.45553e-190 0 0)
(1.44902e-194 0 0)
(1.41993e-198 0 0)
(1.37011e-202 0 0)
(1.30225e-206 0 0)
(1.21964e-210 0 0)
(1.12593e-214 0 0)
(1.02487e-218 0 0)
(9.20096e-223 0 0)
(8.14959e-227 0 0)
(7.12357e-231 0 0)
(6.14715e-235 0 0)
(2.87297e-82 0 0)
(5.77033e-86 0 0)
(1.11252e-89 0 0)
(2.06663e-93 0 0)
(3.70201e-97 0 0)
(6.40495e-101 0 0)
(1.07184e-104 0 0)
(1.73728e-108 0 0)
(2.73073e-112 0 0)
(4.16739e-116 0 0)
(6.18161e-120 0 0)
(8.92142e-124 0 0)
(1.25394e-127 0 0)
(1.718e-131 0 0)
(2.29634e-135 0 0)
(2.99686e-139 0 0)
(3.82154e-143 0 0)
(4.76501e-147 0 0)
(5.81345e-151 0 0)
(6.94427e-155 0 0)
(8.12655e-159 0 0)
(9.32231e-163 0 0)
(1.04886e-166 0 0)
(1.15802e-170 0 0)
(1.25526e-174 0 0)
(1.33653e-178 0 0)
(1.39846e-182 0 0)
(1.43859e-186 0 0)
(1.45553e-190 0 0)
(1.44902e-194 0 0)
(1.41993e-198 0 0)
(1.37011e-202 0 0)
(1.30225e-206 0 0)
(1.21964e-210 0 0)
(1.12593e-214 0 0)
(1.02487e-218 0 0)
(9.20096e-223 0 0)
(8.14959e-227 0 0)
(7.12357e-231 0 0)
(6.14715e-235 0 0)
(2.87297e-82 0 0)
(5.77033e-86 0 0)
(1.11252e-89 0 0)
(2.06663e-93 0 0)
(3.70201e-97 0 0)
(6.40495e-101 0 0)
(1.07184e-104 0 0)
(1.73728e-108 0 0)
(2.73073e-112 0 0)
(4.16739e-116 0 0)
(6.18161e-120 0 0)
(8.92142e-124 0 0)
(1.25394e-127 0 0)
(1.718e-131 0 0)
(2.29634e-135 0 0)
(2.99686e-139 0 0)
(3.82154e-143 0 0)
(4.76501e-147 0 0)
(5.81345e-151 0 0)
(6.94427e-155 0 0)
(8.12655e-159 0 0)
(9.32231e-163 0 0)
(1.04886e-166 0 0)
(1.15802e-170 0 0)
(1.25526e-174 0 0)
(1.33653e-178 0 0)
(1.39846e-182 0 0)
(1.43859e-186 0 0)
(1.45553e-190 0 0)
(1.44902e-194 0 0)
(1.41993e-198 0 0)
(1.37011e-202 0 0)
(1.30225e-206 0 0)
(1.21964e-210 0 0)
(1.12593e-214 0 0)
(1.02487e-218 0 0)
(9.20096e-223 0 0)
(8.14959e-227 0 0)
(7.12357e-231 0 0)
(6.14715e-235 0 0)
(2.87297e-82 0 0)
(5.77033e-86 0 0)
(1.11252e-89 0 0)
(2.06663e-93 0 0)
(3.70201e-97 0 0)
(6.40495e-101 0 0)
(1.07184e-104 0 0)
(1.73728e-108 0 0)
(2.73073e-112 0 0)
(4.16739e-116 0 0)
(6.18161e-120 0 0)
(8.92142e-124 0 0)
(1.25394e-127 0 0)
(1.718e-131 0 0)
(2.29634e-135 0 0)
(2.99686e-139 0 0)
(3.82154e-143 0 0)
(4.76501e-147 0 0)
(5.81345e-151 0 0)
(6.94427e-155 0 0)
(8.12655e-159 0 0)
(9.32231e-163 0 0)
(1.04886e-166 0 0)
(1.15802e-170 0 0)
(1.25526e-174 0 0)
(1.33653e-178 0 0)
(1.39846e-182 0 0)
(1.43859e-186 0 0)
(1.45553e-190 0 0)
(1.44902e-194 0 0)
(1.41993e-198 0 0)
(1.37011e-202 0 0)
(1.30225e-206 0 0)
(1.21964e-210 0 0)
(1.12593e-214 0 0)
(1.02487e-218 0 0)
(9.20096e-223 0 0)
(8.14959e-227 0 0)
(7.12357e-231 0 0)
(6.14715e-235 0 0)
(2.87297e-82 0 0)
(5.77033e-86 0 0)
(1.11252e-89 0 0)
(2.06663e-93 0 0)
(3.70201e-97 0 0)
(6.40495e-101 0 0)
(1.07184e-104 0 0)
(1.73728e-108 0 0)
(2.73073e-112 0 0)
(4.16739e-116 0 0)
(6.18161e-120 0 0)
(8.92142e-124 0 0)
(1.25394e-127 0 0)
(1.718e-131 0 0)
(2.29634e-135 0 0)
(2.99686e-139 0 0)
(3.82154e-143 0 0)
(4.76501e-147 0 0)
(5.81345e-151 0 0)
(6.94427e-155 0 0)
(8.12655e-159 0 0)
(9.32231e-163 0 0)
(1.04886e-166 0 0)
(1.15802e-170 0 0)
(1.25526e-174 0 0)
(1.33653e-178 0 0)
(1.39846e-182 0 0)
(1.43859e-186 0 0)
(1.45553e-190 0 0)
(1.44902e-194 0 0)
(1.41993e-198 0 0)
(1.37011e-202 0 0)
(1.30225e-206 0 0)
(1.21964e-210 0 0)
(1.12593e-214 0 0)
(1.02487e-218 0 0)
(9.20096e-223 0 0)
(8.14959e-227 0 0)
(7.12357e-231 0 0)
(6.14715e-235 0 0)
(2.87297e-82 0 0)
(5.77033e-86 0 0)
(1.11252e-89 0 0)
(2.06663e-93 0 0)
(3.70201e-97 0 0)
(6.40495e-101 0 0)
(1.07184e-104 0 0)
(1.73728e-108 0 0)
(2.73073e-112 0 0)
(4.16739e-116 0 0)
(6.18161e-120 0 0)
(8.92142e-124 0 0)
(1.25394e-127 0 0)
(1.718e-131 0 0)
(2.29634e-135 0 0)
(2.99686e-139 0 0)
(3.82154e-143 0 0)
(4.76501e-147 0 0)
(5.81345e-151 0 0)
(6.94427e-155 0 0)
(8.12655e-159 0 0)
(9.32231e-163 0 0)
(1.04886e-166 0 0)
(1.15802e-170 0 0)
(1.25526e-174 0 0)
(1.33653e-178 0 0)
(1.39846e-182 0 0)
(1.43859e-186 0 0)
(1.45553e-190 0 0)
(1.44902e-194 0 0)
(1.41993e-198 0 0)
(1.37011e-202 0 0)
(1.30225e-206 0 0)
(1.21964e-210 0 0)
(1.12593e-214 0 0)
(1.02487e-218 0 0)
(9.20096e-223 0 0)
(8.14959e-227 0 0)
(7.12357e-231 0 0)
(6.14715e-235 0 0)
(2.87297e-82 0 0)
(5.77033e-86 0 0)
(1.11252e-89 0 0)
(2.06663e-93 0 0)
(3.70201e-97 0 0)
(6.40495e-101 0 0)
(1.07184e-104 0 0)
(1.73728e-108 0 0)
(2.73073e-112 0 0)
(4.16739e-116 0 0)
(6.18161e-120 0 0)
(8.92142e-124 0 0)
(1.25394e-127 0 0)
(1.718e-131 0 0)
(2.29634e-135 0 0)
(2.99686e-139 0 0)
(3.82154e-143 0 0)
(4.76501e-147 0 0)
(5.81345e-151 0 0)
(6.94427e-155 0 0)
(8.12655e-159 0 0)
(9.32231e-163 0 0)
(1.04886e-166 0 0)
(1.15802e-170 0 0)
(1.25526e-174 0 0)
(1.33653e-178 0 0)
(1.39846e-182 0 0)
(1.43859e-186 0 0)
(1.45553e-190 0 0)
(1.44902e-194 0 0)
(1.41993e-198 0 0)
(1.37011e-202 0 0)
(1.30225e-206 0 0)
(1.21964e-210 0 0)
(1.12593e-214 0 0)
(1.02487e-218 0 0)
(9.20096e-223 0 0)
(8.14959e-227 0 0)
(7.12357e-231 0 0)
(6.14715e-235 0 0)
(2.87297e-82 0 0)
(5.77033e-86 0 0)
(1.11252e-89 0 0)
(2.06663e-93 0 0)
(3.70201e-97 0 0)
(6.40495e-101 0 0)
(1.07184e-104 0 0)
(1.73728e-108 0 0)
(2.73073e-112 0 0)
(4.16739e-116 0 0)
(6.18161e-120 0 0)
(8.92142e-124 0 0)
(1.25394e-127 0 0)
(1.718e-131 0 0)
(2.29634e-135 0 0)
(2.99686e-139 0 0)
(3.82154e-143 0 0)
(4.76501e-147 0 0)
(5.81345e-151 0 0)
(6.94427e-155 0 0)
(8.12655e-159 0 0)
(9.32231e-163 0 0)
(1.04886e-166 0 0)
(1.15802e-170 0 0)
(1.25526e-174 0 0)
(1.33653e-178 0 0)
(1.39846e-182 0 0)
(1.43859e-186 0 0)
(1.45553e-190 0 0)
(1.44902e-194 0 0)
(1.41993e-198 0 0)
(1.37011e-202 0 0)
(1.30225e-206 0 0)
(1.21964e-210 0 0)
(1.12593e-214 0 0)
(1.02487e-218 0 0)
(9.20096e-223 0 0)
(8.14959e-227 0 0)
(7.12357e-231 0 0)
(6.14715e-235 0 0)
(2.87297e-82 0 0)
(5.77033e-86 0 0)
(1.11252e-89 0 0)
(2.06663e-93 0 0)
(3.70201e-97 0 0)
(6.40495e-101 0 0)
(1.07184e-104 0 0)
(1.73728e-108 0 0)
(2.73073e-112 0 0)
(4.16739e-116 0 0)
(6.18161e-120 0 0)
(8.92142e-124 0 0)
(1.25394e-127 0 0)
(1.718e-131 0 0)
(2.29634e-135 0 0)
(2.99686e-139 0 0)
(3.82154e-143 0 0)
(4.76501e-147 0 0)
(5.81345e-151 0 0)
(6.94427e-155 0 0)
(8.12655e-159 0 0)
(9.32231e-163 0 0)
(1.04886e-166 0 0)
(1.15802e-170 0 0)
(1.25526e-174 0 0)
(1.33653e-178 0 0)
(1.39846e-182 0 0)
(1.43859e-186 0 0)
(1.45553e-190 0 0)
(1.44902e-194 0 0)
(1.41993e-198 0 0)
(1.37011e-202 0 0)
(1.30225e-206 0 0)
(1.21964e-210 0 0)
(1.12593e-214 0 0)
(1.02487e-218 0 0)
(9.20096e-223 0 0)
(8.14959e-227 0 0)
(7.12357e-231 0 0)
(6.14715e-235 0 0)
(2.87297e-82 0 0)
(5.77033e-86 0 0)
(1.11252e-89 0 0)
(2.06663e-93 0 0)
(3.70201e-97 0 0)
(6.40495e-101 0 0)
(1.07184e-104 0 0)
(1.73728e-108 0 0)
(2.73073e-112 0 0)
(4.16739e-116 0 0)
(6.18161e-120 0 0)
(8.92142e-124 0 0)
(1.25394e-127 0 0)
(1.718e-131 0 0)
(2.29634e-135 0 0)
(2.99686e-139 0 0)
(3.82154e-143 0 0)
(4.76501e-147 0 0)
(5.81345e-151 0 0)
(6.94427e-155 0 0)
(8.12655e-159 0 0)
(9.32231e-163 0 0)
(1.04886e-166 0 0)
(1.15802e-170 0 0)
(1.25526e-174 0 0)
(1.33653e-178 0 0)
(1.39846e-182 0 0)
(1.43859e-186 0 0)
(1.45553e-190 0 0)
(1.44902e-194 0 0)
(1.41993e-198 0 0)
(1.37011e-202 0 0)
(1.30225e-206 0 0)
(1.21964e-210 0 0)
(1.12593e-214 0 0)
(1.02487e-218 0 0)
(9.20096e-223 0 0)
(8.14959e-227 0 0)
(7.12357e-231 0 0)
(6.14715e-235 0 0)
(2.87297e-82 0 0)
(5.77033e-86 0 0)
(1.11252e-89 0 0)
(2.06663e-93 0 0)
(3.70201e-97 0 0)
(6.40495e-101 0 0)
(1.07184e-104 0 0)
(1.73728e-108 0 0)
(2.73073e-112 0 0)
(4.16739e-116 0 0)
(6.18161e-120 0 0)
(8.92142e-124 0 0)
(1.25394e-127 0 0)
(1.718e-131 0 0)
(2.29634e-135 0 0)
(2.99686e-139 0 0)
(3.82154e-143 0 0)
(4.76501e-147 0 0)
(5.81345e-151 0 0)
(6.94427e-155 0 0)
(8.12655e-159 0 0)
(9.32231e-163 0 0)
(1.04886e-166 0 0)
(1.15802e-170 0 0)
(1.25526e-174 0 0)
(1.33653e-178 0 0)
(1.39846e-182 0 0)
(1.43859e-186 0 0)
(1.45553e-190 0 0)
(1.44902e-194 0 0)
(1.41993e-198 0 0)
(1.37011e-202 0 0)
(1.30225e-206 0 0)
(1.21964e-210 0 0)
(1.12593e-214 0 0)
(1.02487e-218 0 0)
(9.20096e-223 0 0)
(8.14959e-227 0 0)
(7.12357e-231 0 0)
(6.14715e-235 0 0)
(2.87297e-82 0 0)
(5.77033e-86 0 0)
(1.11252e-89 0 0)
(2.06663e-93 0 0)
(3.70201e-97 0 0)
(6.40495e-101 0 0)
(1.07184e-104 0 0)
(1.73728e-108 0 0)
(2.73073e-112 0 0)
(4.16739e-116 0 0)
(6.18161e-120 0 0)
(8.92142e-124 0 0)
(1.25394e-127 0 0)
(1.718e-131 0 0)
(2.29634e-135 0 0)
(2.99686e-139 0 0)
(3.82154e-143 0 0)
(4.76501e-147 0 0)
(5.81345e-151 0 0)
(6.94427e-155 0 0)
(8.12655e-159 0 0)
(9.32231e-163 0 0)
(1.04886e-166 0 0)
(1.15802e-170 0 0)
(1.25526e-174 0 0)
(1.33653e-178 0 0)
(1.39846e-182 0 0)
(1.43859e-186 0 0)
(1.45553e-190 0 0)
(1.44902e-194 0 0)
(1.41993e-198 0 0)
(1.37011e-202 0 0)
(1.30225e-206 0 0)
(1.21964e-210 0 0)
(1.12593e-214 0 0)
(1.02487e-218 0 0)
(9.20096e-223 0 0)
(8.14959e-227 0 0)
(7.12357e-231 0 0)
(6.14715e-235 0 0)
(2.87297e-82 0 0)
(5.77033e-86 0 0)
(1.11252e-89 0 0)
(2.06663e-93 0 0)
(3.70201e-97 0 0)
(6.40495e-101 0 0)
(1.07184e-104 0 0)
(1.73728e-108 0 0)
(2.73073e-112 0 0)
(4.16739e-116 0 0)
(6.18161e-120 0 0)
(8.92142e-124 0 0)
(1.25394e-127 0 0)
(1.718e-131 0 0)
(2.29634e-135 0 0)
(2.99686e-139 0 0)
(3.82154e-143 0 0)
(4.76501e-147 0 0)
(5.81345e-151 0 0)
(6.94427e-155 0 0)
(8.12655e-159 0 0)
(9.32231e-163 0 0)
(1.04886e-166 0 0)
(1.15802e-170 0 0)
(1.25526e-174 0 0)
(1.33653e-178 0 0)
(1.39846e-182 0 0)
(1.43859e-186 0 0)
(1.45553e-190 0 0)
(1.44902e-194 0 0)
(1.41993e-198 0 0)
(1.37011e-202 0 0)
(1.30225e-206 0 0)
(1.21964e-210 0 0)
(1.12593e-214 0 0)
(1.02487e-218 0 0)
(9.20096e-223 0 0)
(8.14959e-227 0 0)
(7.12357e-231 0 0)
(6.14715e-235 0 0)
(2.87296e-82 0 0)
(5.77032e-86 0 0)
(1.11252e-89 0 0)
(2.06663e-93 0 0)
(3.70201e-97 0 0)
(6.40494e-101 0 0)
(1.07184e-104 0 0)
(1.73728e-108 0 0)
(2.73072e-112 0 0)
(4.16739e-116 0 0)
(6.18161e-120 0 0)
(8.92142e-124 0 0)
(1.25394e-127 0 0)
(1.718e-131 0 0)
(2.29634e-135 0 0)
(2.99686e-139 0 0)
(3.82154e-143 0 0)
(4.76501e-147 0 0)
(5.81344e-151 0 0)
(6.94427e-155 0 0)
(8.12655e-159 0 0)
(9.32231e-163 0 0)
(1.04886e-166 0 0)
(1.15802e-170 0 0)
(1.25526e-174 0 0)
(1.33653e-178 0 0)
(1.39846e-182 0 0)
(1.43859e-186 0 0)
(1.45553e-190 0 0)
(1.44902e-194 0 0)
(1.41993e-198 0 0)
(1.37011e-202 0 0)
(1.30225e-206 0 0)
(1.21964e-210 0 0)
(1.12593e-214 0 0)
(1.02487e-218 0 0)
(9.20095e-223 0 0)
(8.14959e-227 0 0)
(7.12357e-231 0 0)
(6.14715e-235 0 0)
(2.87296e-82 0 0)
(5.77032e-86 0 0)
(1.11252e-89 0 0)
(2.06663e-93 0 0)
(3.702e-97 0 0)
(6.40493e-101 0 0)
(1.07184e-104 0 0)
(1.73727e-108 0 0)
(2.73072e-112 0 0)
(4.16738e-116 0 0)
(6.18159e-120 0 0)
(8.9214e-124 0 0)
(1.25394e-127 0 0)
(1.71799e-131 0 0)
(2.29633e-135 0 0)
(2.99685e-139 0 0)
(3.82153e-143 0 0)
(4.76499e-147 0 0)
(5.81343e-151 0 0)
(6.94425e-155 0 0)
(8.12653e-159 0 0)
(9.32228e-163 0 0)
(1.04886e-166 0 0)
(1.15801e-170 0 0)
(1.25525e-174 0 0)
(1.33653e-178 0 0)
(1.39846e-182 0 0)
(1.43859e-186 0 0)
(1.45552e-190 0 0)
(1.44902e-194 0 0)
(1.41992e-198 0 0)
(1.3701e-202 0 0)
(1.30224e-206 0 0)
(1.21964e-210 0 0)
(1.12592e-214 0 0)
(1.02486e-218 0 0)
(9.20093e-223 0 0)
(8.14956e-227 0 0)
(7.12354e-231 0 0)
(6.14713e-235 0 0)
(2.86721e-82 0 0)
(5.75921e-86 0 0)
(1.11045e-89 0 0)
(2.06294e-93 0 0)
(3.69562e-97 0 0)
(6.39424e-101 0 0)
(1.07011e-104 0 0)
(1.73455e-108 0 0)
(2.72656e-112 0 0)
(4.16121e-116 0 0)
(6.17269e-120 0 0)
(8.90889e-124 0 0)
(1.25222e-127 0 0)
(1.7157e-131 0 0)
(2.29334e-135 0 0)
(2.99304e-139 0 0)
(3.81678e-143 0 0)
(4.75919e-147 0 0)
(5.80649e-151 0 0)
(6.93613e-155 0 0)
(8.11721e-159 0 0)
(9.3118e-163 0 0)
(1.0477e-166 0 0)
(1.15676e-170 0 0)
(1.25392e-174 0 0)
(1.33513e-178 0 0)
(1.39702e-182 0 0)
(1.43713e-186 0 0)
(1.45407e-190 0 0)
(1.44759e-194 0 0)
(1.41855e-198 0 0)
(1.3688e-202 0 0)
(1.30102e-206 0 0)
(1.21851e-210 0 0)
(1.1249e-214 0 0)
(1.02394e-218 0 0)
(9.19275e-223 0 0)
(8.14241e-227 0 0)
(7.11737e-231 0 0)
(6.14187e-235 0 0)
(2.86605e-82 0 0)
(5.75476e-86 0 0)
(1.10922e-89 0 0)
(2.05998e-93 0 0)
(3.68923e-97 0 0)
(6.38142e-101 0 0)
(1.06768e-104 0 0)
(1.7302e-108 0 0)
(2.71909e-112 0 0)
(4.1489e-116 0 0)
(6.15315e-120 0 0)
(8.87892e-124 0 0)
(1.24778e-127 0 0)
(1.7093e-131 0 0)
(2.2844e-135 0 0)
(2.98087e-139 0 0)
(3.80066e-143 0 0)
(4.73837e-147 0 0)
(5.78025e-151 0 0)
(6.9038e-155 0 0)
(8.07828e-159 0 0)
(9.26592e-163 0 0)
(1.0424e-166 0 0)
(1.15077e-170 0 0)
(1.24728e-174 0 0)
(1.3279e-178 0 0)
(1.3893e-182 0 0)
(1.42903e-186 0 0)
(1.44573e-190 0 0)
(1.43913e-194 0 0)
(1.41011e-198 0 0)
(1.36052e-202 0 0)
(1.29303e-206 0 0)
(1.21091e-210 0 0)
(1.11778e-214 0 0)
(1.01737e-218 0 0)
(9.13292e-223 0 0)
(8.08871e-227 0 0)
(7.06982e-231 0 0)
(6.10032e-235 0 0)
(0.00199398 0 0)
(1.00129e-06 0 0)
(3.3698e-10 0 0)
(8.54894e-14 0 0)
(1.74371e-17 0 0)
(2.97848e-21 0 0)
(4.3822e-25 0 0)
(5.66901e-29 0 0)
(6.55041e-33 0 0)
(6.84476e-37 0 0)
(6.53327e-41 0 0)
(5.74354e-45 0 0)
(4.68298e-49 0 0)
(3.56225e-53 0 0)
(2.54097e-57 0 0)
(1.70714e-61 0 0)
(1.0845e-65 0 0)
(6.53687e-70 0 0)
(3.74997e-74 0 0)
(2.053e-78 0 0)
(0.00199599 0 0)
(1.00263e-06 0 0)
(3.37492e-10 0 0)
(8.56289e-14 0 0)
(1.74669e-17 0 0)
(2.98374e-21 0 0)
(4.39013e-25 0 0)
(5.67949e-29 0 0)
(6.56273e-33 0 0)
(6.85782e-37 0 0)
(6.54591e-41 0 0)
(5.75478e-45 0 0)
(4.69224e-49 0 0)
(3.56937e-53 0 0)
(2.54609e-57 0 0)
(1.71061e-61 0 0)
(1.08672e-65 0 0)
(6.55037e-70 0 0)
(3.75777e-74 0 0)
(2.0573e-78 0 0)
(0.00199599 0 0)
(1.00263e-06 0 0)
(3.37493e-10 0 0)
(8.5629e-14 0 0)
(1.74669e-17 0 0)
(2.98374e-21 0 0)
(4.39014e-25 0 0)
(5.6795e-29 0 0)
(6.56273e-33 0 0)
(6.85783e-37 0 0)
(6.54591e-41 0 0)
(5.75479e-45 0 0)
(4.69224e-49 0 0)
(3.56937e-53 0 0)
(2.54609e-57 0 0)
(1.71062e-61 0 0)
(1.08672e-65 0 0)
(6.55038e-70 0 0)
(3.75777e-74 0 0)
(2.0573e-78 0 0)
(0.00199599 0 0)
(1.00263e-06 0 0)
(3.37493e-10 0 0)
(8.5629e-14 0 0)
(1.74669e-17 0 0)
(2.98374e-21 0 0)
(4.39014e-25 0 0)
(5.6795e-29 0 0)
(6.56273e-33 0 0)
(6.85783e-37 0 0)
(6.54591e-41 0 0)
(5.75479e-45 0 0)
(4.69224e-49 0 0)
(3.56937e-53 0 0)
(2.54609e-57 0 0)
(1.71062e-61 0 0)
(1.08672e-65 0 0)
(6.55038e-70 0 0)
(3.75777e-74 0 0)
(2.0573e-78 0 0)
(0.00199599 0 0)
(1.00263e-06 0 0)
(3.37493e-10 0 0)
(8.5629e-14 0 0)
(1.74669e-17 0 0)
(2.98374e-21 0 0)
(4.39014e-25 0 0)
(5.6795e-29 0 0)
(6.56273e-33 0 0)
(6.85783e-37 0 0)
(6.54591e-41 0 0)
(5.75479e-45 0 0)
(4.69224e-49 0 0)
(3.56937e-53 0 0)
(2.54609e-57 0 0)
(1.71062e-61 0 0)
(1.08672e-65 0 0)
(6.55038e-70 0 0)
(3.75777e-74 0 0)
(2.0573e-78 0 0)
(0.00199599 0 0)
(1.00263e-06 0 0)
(3.37493e-10 0 0)
(8.5629e-14 0 0)
(1.74669e-17 0 0)
(2.98374e-21 0 0)
(4.39014e-25 0 0)
(5.6795e-29 0 0)
(6.56273e-33 0 0)
(6.85783e-37 0 0)
(6.54591e-41 0 0)
(5.75479e-45 0 0)
(4.69224e-49 0 0)
(3.56937e-53 0 0)
(2.54609e-57 0 0)
(1.71062e-61 0 0)
(1.08672e-65 0 0)
(6.55038e-70 0 0)
(3.75777e-74 0 0)
(2.0573e-78 0 0)
(0.00199599 0 0)
(1.00263e-06 0 0)
(3.37493e-10 0 0)
(8.5629e-14 0 0)
(1.74669e-17 0 0)
(2.98374e-21 0 0)
(4.39014e-25 0 0)
(5.6795e-29 0 0)
(6.56273e-33 0 0)
(6.85783e-37 0 0)
(6.54591e-41 0 0)
(5.75479e-45 0 0)
(4.69224e-49 0 0)
(3.56937e-53 0 0)
(2.54609e-57 0 0)
(1.71062e-61 0 0)
(1.08672e-65 0 0)
(6.55038e-70 0 0)
(3.75777e-74 0 0)
(2.0573e-78 0 0)
(0.00199599 0 0)
(1.00263e-06 0 0)
(3.37493e-10 0 0)
(8.5629e-14 0 0)
(1.74669e-17 0 0)
(2.98374e-21 0 0)
(4.39014e-25 0 0)
(5.6795e-29 0 0)
(6.56273e-33 0 0)
(6.85783e-37 0 0)
(6.54591e-41 0 0)
(5.75479e-45 0 0)
(4.69224e-49 0 0)
(3.56937e-53 0 0)
(2.54609e-57 0 0)
(1.71062e-61 0 0)
(1.08672e-65 0 0)
(6.55038e-70 0 0)
(3.75777e-74 0 0)
(2.0573e-78 0 0)
(0.00199599 0 0)
(1.00263e-06 0 0)
(3.37493e-10 0 0)
(8.5629e-14 0 0)
(1.74669e-17 0 0)
(2.98374e-21 0 0)
(4.39014e-25 0 0)
(5.6795e-29 0 0)
(6.56273e-33 0 0)
(6.85783e-37 0 0)
(6.54591e-41 0 0)
(5.75479e-45 0 0)
(4.69224e-49 0 0)
(3.56937e-53 0 0)
(2.54609e-57 0 0)
(1.71062e-61 0 0)
(1.08672e-65 0 0)
(6.55038e-70 0 0)
(3.75777e-74 0 0)
(2.0573e-78 0 0)
(0.00199599 0 0)
(1.00263e-06 0 0)
(3.37493e-10 0 0)
(8.5629e-14 0 0)
(1.74669e-17 0 0)
(2.98374e-21 0 0)
(4.39014e-25 0 0)
(5.6795e-29 0 0)
(6.56273e-33 0 0)
(6.85783e-37 0 0)
(6.54591e-41 0 0)
(5.75479e-45 0 0)
(4.69224e-49 0 0)
(3.56937e-53 0 0)
(2.54609e-57 0 0)
(1.71062e-61 0 0)
(1.08672e-65 0 0)
(6.55038e-70 0 0)
(3.75777e-74 0 0)
(2.0573e-78 0 0)
(0.00199599 0 0)
(1.00263e-06 0 0)
(3.37493e-10 0 0)
(8.5629e-14 0 0)
(1.74669e-17 0 0)
(2.98374e-21 0 0)
(4.39014e-25 0 0)
(5.6795e-29 0 0)
(6.56273e-33 0 0)
(6.85783e-37 0 0)
(6.54591e-41 0 0)
(5.75479e-45 0 0)
(4.69224e-49 0 0)
(3.56937e-53 0 0)
(2.54609e-57 0 0)
(1.71062e-61 0 0)
(1.08672e-65 0 0)
(6.55038e-70 0 0)
(3.75777e-74 0 0)
(2.0573e-78 0 0)
(0.00199599 0 0)
(1.00263e-06 0 0)
(3.37493e-10 0 0)
(8.5629e-14 0 0)
(1.74669e-17 0 0)
(2.98374e-21 0 0)
(4.39014e-25 0 0)
(5.6795e-29 0 0)
(6.56273e-33 0 0)
(6.85783e-37 0 0)
(6.54591e-41 0 0)
(5.75479e-45 0 0)
(4.69224e-49 0 0)
(3.56937e-53 0 0)
(2.54609e-57 0 0)
(1.71062e-61 0 0)
(1.08672e-65 0 0)
(6.55038e-70 0 0)
(3.75777e-74 0 0)
(2.0573e-78 0 0)
(0.00199599 0 0)
(1.00263e-06 0 0)
(3.37493e-10 0 0)
(8.5629e-14 0 0)
(1.74669e-17 0 0)
(2.98374e-21 0 0)
(4.39014e-25 0 0)
(5.6795e-29 0 0)
(6.56273e-33 0 0)
(6.85783e-37 0 0)
(6.54591e-41 0 0)
(5.75479e-45 0 0)
(4.69224e-49 0 0)
(3.56937e-53 0 0)
(2.54609e-57 0 0)
(1.71062e-61 0 0)
(1.08672e-65 0 0)
(6.55038e-70 0 0)
(3.75777e-74 0 0)
(2.0573e-78 0 0)
(0.00199599 0 0)
(1.00263e-06 0 0)
(3.37493e-10 0 0)
(8.5629e-14 0 0)
(1.74669e-17 0 0)
(2.98374e-21 0 0)
(4.39014e-25 0 0)
(5.6795e-29 0 0)
(6.56273e-33 0 0)
(6.85783e-37 0 0)
(6.54591e-41 0 0)
(5.75479e-45 0 0)
(4.69224e-49 0 0)
(3.56937e-53 0 0)
(2.54609e-57 0 0)
(1.71062e-61 0 0)
(1.08672e-65 0 0)
(6.55038e-70 0 0)
(3.75777e-74 0 0)
(2.0573e-78 0 0)
(0.00199599 0 0)
(1.00263e-06 0 0)
(3.37493e-10 0 0)
(8.5629e-14 0 0)
(1.74669e-17 0 0)
(2.98374e-21 0 0)
(4.39014e-25 0 0)
(5.6795e-29 0 0)
(6.56273e-33 0 0)
(6.85783e-37 0 0)
(6.54591e-41 0 0)
(5.75479e-45 0 0)
(4.69224e-49 0 0)
(3.56937e-53 0 0)
(2.54609e-57 0 0)
(1.71062e-61 0 0)
(1.08672e-65 0 0)
(6.55038e-70 0 0)
(3.75777e-74 0 0)
(2.0573e-78 0 0)
(0.00199599 0 0)
(1.00263e-06 0 0)
(3.37493e-10 0 0)
(8.5629e-14 0 0)
(1.74669e-17 0 0)
(2.98374e-21 0 0)
(4.39014e-25 0 0)
(5.6795e-29 0 0)
(6.56273e-33 0 0)
(6.85783e-37 0 0)
(6.54591e-41 0 0)
(5.75479e-45 0 0)
(4.69224e-49 0 0)
(3.56937e-53 0 0)
(2.54609e-57 0 0)
(1.71062e-61 0 0)
(1.08672e-65 0 0)
(6.55038e-70 0 0)
(3.75777e-74 0 0)
(2.0573e-78 0 0)
(0.00199599 0 0)
(1.00263e-06 0 0)
(3.37493e-10 0 0)
(8.5629e-14 0 0)
(1.74669e-17 0 0)
(2.98374e-21 0 0)
(4.39014e-25 0 0)
(5.6795e-29 0 0)
(6.56273e-33 0 0)
(6.85783e-37 0 0)
(6.54591e-41 0 0)
(5.75479e-45 0 0)
(4.69224e-49 0 0)
(3.56937e-53 0 0)
(2.54609e-57 0 0)
(1.71062e-61 0 0)
(1.08672e-65 0 0)
(6.55038e-70 0 0)
(3.75777e-74 0 0)
(2.0573e-78 0 0)
(0.00199599 0 0)
(1.00263e-06 0 0)
(3.37493e-10 0 0)
(8.5629e-14 0 0)
(1.74669e-17 0 0)
(2.98374e-21 0 0)
(4.39014e-25 0 0)
(5.6795e-29 0 0)
(6.56273e-33 0 0)
(6.85783e-37 0 0)
(6.54591e-41 0 0)
(5.75479e-45 0 0)
(4.69224e-49 0 0)
(3.56937e-53 0 0)
(2.54609e-57 0 0)
(1.71062e-61 0 0)
(1.08672e-65 0 0)
(6.55038e-70 0 0)
(3.75777e-74 0 0)
(2.0573e-78 0 0)
(0.00199599 0 0)
(1.00263e-06 0 0)
(3.37492e-10 0 0)
(8.56289e-14 0 0)
(1.74669e-17 0 0)
(2.98374e-21 0 0)
(4.39013e-25 0 0)
(5.67949e-29 0 0)
(6.56273e-33 0 0)
(6.85782e-37 0 0)
(6.54591e-41 0 0)
(5.75478e-45 0 0)
(4.69224e-49 0 0)
(3.56937e-53 0 0)
(2.54609e-57 0 0)
(1.71061e-61 0 0)
(1.08672e-65 0 0)
(6.55037e-70 0 0)
(3.75777e-74 0 0)
(2.0573e-78 0 0)
(0.00199398 0 0)
(1.00129e-06 0 0)
(3.3698e-10 0 0)
(8.54894e-14 0 0)
(1.74371e-17 0 0)
(2.97848e-21 0 0)
(4.3822e-25 0 0)
(5.66901e-29 0 0)
(6.55041e-33 0 0)
(6.84476e-37 0 0)
(6.53327e-41 0 0)
(5.74354e-45 0 0)
(4.68298e-49 0 0)
(3.56225e-53 0 0)
(2.54097e-57 0 0)
(1.70714e-61 0 0)
(1.0845e-65 0 0)
(6.53687e-70 0 0)
(3.74997e-74 0 0)
(2.053e-78 0 0)
)
;

boundaryField
{
    leftRightWallsright
    {
        type            cyclicAMI;
        value           nonuniform List<vector> 
40
(
(6.84524e-79 0 0)
(6.84525e-79 0 0)
(6.85959e-79 0 0)
(6.85959e-79 0 0)
(6.85959e-79 0 0)
(6.85959e-79 0 0)
(6.85959e-79 0 0)
(6.85959e-79 0 0)
(6.85959e-79 0 0)
(6.85959e-79 0 0)
(6.85959e-79 0 0)
(6.85959e-79 0 0)
(6.85959e-79 0 0)
(6.85959e-79 0 0)
(6.85959e-79 0 0)
(6.85959e-79 0 0)
(6.85959e-79 0 0)
(6.85959e-79 0 0)
(6.85959e-79 0 0)
(6.85959e-79 0 0)
(6.85959e-79 0 0)
(6.85959e-79 0 0)
(6.85959e-79 0 0)
(6.85959e-79 0 0)
(6.85959e-79 0 0)
(6.85959e-79 0 0)
(6.85959e-79 0 0)
(6.85959e-79 0 0)
(6.85959e-79 0 0)
(6.85959e-79 0 0)
(6.85959e-79 0 0)
(6.85959e-79 0 0)
(6.85959e-79 0 0)
(6.85959e-79 0 0)
(6.85959e-79 0 0)
(6.85959e-79 0 0)
(6.85959e-79 0 0)
(6.85959e-79 0 0)
(6.84525e-79 0 0)
(6.84525e-79 0 0)
)
;
    }
    outlet
    {
        type            zeroGradient;
    }
    channelWallsright
    {
        type            noSlip;
    }
    destinationFaceright
    {
        type            noSlip;
    }
    sourceFaceright
    {
        type            noSlip;
    }
    sourceFaceleft
    {
        type            noSlip;
    }
    destinationFaceleft
    {
        type            noSlip;
    }
    channelWallsleft
    {
        type            noSlip;
    }
    leftRightWallleft
    {
        type            cyclicAMI;
        value           nonuniform List<vector> 
20
(
(6.84525e-79 0 0)
(6.85959e-79 0 0)
(6.85959e-79 0 0)
(6.85959e-79 0 0)
(6.85959e-79 0 0)
(6.85959e-79 0 0)
(6.85959e-79 0 0)
(6.85959e-79 0 0)
(6.85959e-79 0 0)
(6.85959e-79 0 0)
(6.85959e-79 0 0)
(6.85959e-79 0 0)
(6.85959e-79 0 0)
(6.85959e-79 0 0)
(6.85959e-79 0 0)
(6.85959e-79 0 0)
(6.85959e-79 0 0)
(6.85959e-79 0 0)
(6.85959e-79 0 0)
(6.84525e-79 0 0)
)
;
    }
    inlet
    {
        type            fixedValue;
        value           uniform (1 0 0);
    }
}


// ************************************************************************* //
