/*--------------------------------*- C++ -*----------------------------------*\
| =========                 |                                                 |
| \\      /  F ield         | OpenFOAM: The Open Source CFD Toolbox           |
|  \\    /   O peration     | Version:  4.1                                   |
|   \\  /    A nd           | Web:      www.OpenFOAM.org                      |
|    \\/     M anipulation  |                                                 |
\*---------------------------------------------------------------------------*/
FoamFile
{
    version     2.0;
    format      ascii;
    class       volVectorField;
    location    "3";
    object      U;
}
// * * * * * * * * * * * * * * * * * * * * * * * * * * * * * * * * * * * * * //

dimensions      [0 1 -1 0 0 0 0];

internalField   nonuniform List<vector> 
1705
(
(-3.56131e-62 -2.90131e-28 -1.46648e-30)
(-7.30308e-61 -4.34576e-29 6.47067e-30)
(-1.73635e-62 -2.93617e-28 1.13157e-29)
(4.25742e-59 -5.33404e-28 3.38217e-30)
(3.16667e-56 -2.78034e-28 -6.30922e-30)
(1.62045e-53 -5.29573e-29 2.93404e-29)
(7.57661e-52 -3.27414e-28 7.1234e-30)
(4.11961e-49 -5.43086e-28 -8.11299e-30)
(1.06738e-46 -2.684e-28 -1.09736e-29)
(4.73421e-44 -6.98015e-29 5.39896e-29)
(1.05975e-46 -3.67403e-28 1.82702e-30)
(3.22814e-49 -2.89003e-28 -2.82507e-30)
(6.61443e-51 -9.75653e-29 7.48442e-29)
(3.17875e-53 -4.02598e-28 1.62198e-29)
(1.23644e-50 -5.86951e-28 -1.3268e-30)
(5.84183e-48 -3.04811e-28 -9.31257e-30)
(5.50172e-47 -1.4093e-28 1.09074e-28)
(8.42669e-44 -4.73399e-28 1.0941e-29)
(5.37487e-46 -3.5328e-28 -3.184e-31)
(5.59595e-48 -1.96383e-28 1.48687e-28)
(5.53893e-49 -5.42507e-28 3.17187e-29)
(3.55043e-46 -6.88121e-28 7.15876e-30)
(1.00126e-43 -4.03736e-28 -9.57678e-30)
(3.69267e-47 -2.71179e-28 2.05258e-28)
(2.94212e-48 -6.53951e-28 2.60326e-29)
(-1.40643e-45 -7.68673e-28 -8.37394e-30)
(-2.53648e-43 -4.7127e-28 -2.21154e-29)
(1.24092e-44 -3.61956e-28 2.7713e-28)
(-1.10054e-43 -7.88488e-28 1.61813e-29)
(-7.93221e-46 -5.84693e-28 -9.70089e-30)
(-9.91481e-47 -4.7292e-28 3.77604e-28)
(-2.45688e-43 -9.3862e-28 5.15628e-29)
(-1.79597e-45 -1.02728e-27 1.78916e-30)
(-2.44227e-43 -7.13909e-28 -2.81203e-29)
(-9.12778e-47 -6.19309e-28 5.05135e-28)
(8.61269e-47 -1.16234e-27 4.04165e-29)
(2.05037e-43 -9.05982e-28 -6.90705e-30)
(2.25668e-40 -8.00937e-28 6.92076e-28)
(1.28839e-38 -1.42712e-27 9.83557e-29)
(1.89291e-35 -1.53725e-27 3.28611e-29)
(1.81085e-34 -1.69925e-27 2.9443e-27)
(1.66815e-34 -2.08263e-27 2.91193e-27)
(8.17722e-35 -1.95068e-27 2.87944e-27)
(-1.84389e-32 1.81477e-26 4.81564e-27)
(3.5738e-33 -4.61748e-28 3.20954e-27)
(-1.83908e-32 -1.98901e-26 4.49081e-27)
(5.89166e-35 -4.28843e-28 2.97337e-27)
(8.70187e-35 -2.94319e-28 2.95597e-27)
(-9.6825e-34 -6.62637e-28 3.34083e-27)
(-9.26543e-34 -8.61815e-28 3.33208e-27)
(-9.40785e-34 -1.2476e-27 3.28937e-27)
(-1.20913e-33 -1.13385e-27 3.27846e-27)
(-5.34583e-32 1.89607e-26 5.13355e-27)
(9.93697e-33 1.80084e-28 3.39448e-27)
(-5.32359e-32 -1.92425e-26 4.93842e-27)
(2.251e-34 2.70907e-28 3.35572e-27)
(2.18356e-33 3.82579e-28 3.63205e-27)
(8.44902e-34 -7.17411e-30 3.6588e-27)
(8.39463e-34 -2.17653e-28 3.65513e-27)
(8.45319e-34 -6.14223e-28 3.63224e-27)
(1.83913e-33 -5.08932e-28 3.63851e-27)
(2.01432e-31 1.9515e-26 5.40055e-27)
(-3.83085e-32 5.90373e-28 3.45437e-27)
(1.98913e-31 -1.87398e-26 5.3597e-27)
(-9.2439e-34 8.20019e-28 3.73562e-27)
(5.15094e-34 8.93479e-28 3.7495e-27)
(5.38042e-34 4.75952e-28 3.78019e-27)
(5.53468e-34 2.42395e-28 3.79096e-27)
(5.67011e-34 -1.79101e-28 3.78247e-27)
(2.0582e-34 -9.57942e-29 3.79956e-27)
(-7.14936e-32 1.96202e-26 5.44067e-27)
(1.20338e-32 2.42707e-27 3.23356e-27)
(-5.3564e-32 -1.66042e-26 4.96283e-27)
(-8.41768e-34 8.68811e-28 3.394e-27)
(-5.98438e-34 8.32616e-28 3.40401e-27)
(-6.04891e-34 3.24166e-28 3.43602e-27)
(-6.12478e-34 -4.53677e-30 3.44287e-27)
(-6.20691e-34 -4.28146e-28 3.42976e-27)
(-7.69753e-34 -6.03383e-28 3.41681e-27)
(-3.08162e-32 8.8577e-27 4.11258e-27)
(1.958e-33 7.27866e-27 4.8428e-28)
(5.36504e-38 -2.26934e-28 -8.3006e-29)
(2.65929e-39 -1.83258e-28 6.07385e-30)
(5.19884e-43 -1.19403e-28 -7.5052e-29)
(4.24833e-45 -1.33646e-28 -1.02576e-30)
(5.3564e-48 -1.20703e-28 -6.98847e-29)
(4.18714e-48 -1.25126e-28 -5.36125e-29)
(6.09324e-47 -7.92593e-29 5.16481e-31)
(2.35244e-43 -9.71752e-29 -5.14479e-29)
(-2.29763e-43 -8.68118e-29 -4.02618e-29)
(-1.04723e-46 -6.63523e-29 3.51393e-31)
(-2.94705e-48 -4.7207e-29 -4.04896e-29)
(4.31745e-48 -6.1349e-29 -2.88479e-30)
(9.84914e-44 -8.57021e-29 -4.02302e-29)
(-2.22011e-43 -5.0471e-29 -3.21948e-29)
(-1.06119e-46 -5.33625e-29 -2.64388e-30)
(-8.63324e-48 -4.11122e-29 -3.20328e-29)
(-5.62739e-44 -5.46818e-29 -5.17821e-30)
(2.00375e-43 -7.59313e-29 -3.22482e-29)
(-2.10351e-43 -2.69355e-29 -2.59276e-29)
(-9.93746e-47 -4.80993e-29 -4.1656e-30)
(-3.876e-48 -7.13929e-29 -2.54001e-29)
(-3.86972e-48 -2.14204e-29 -2.11192e-29)
(-9.52931e-47 -4.25792e-29 -2.37146e-30)
(-2.03875e-43 -3.55811e-29 -2.04929e-29)
(-9.53695e-47 -4.5578e-29 -4.07909e-30)
(-3.89224e-48 -5.52422e-29 -1.9707e-29)
(-3.87819e-48 -1.26281e-29 -1.61138e-29)
(-9.79163e-47 -3.011e-29 -2.16081e-30)
(-2.02806e-43 -2.65768e-29 -1.58157e-29)
(-1.93044e-46 -3.175e-29 -3.12745e-30)
(-1.92395e-43 -3.46793e-29 -1.52982e-29)
(-3.38622e-47 -7.87944e-30 -1.26481e-29)
(-1.0226e-46 -1.84726e-29 -1.39417e-30)
(-1.99147e-43 -2.21068e-29 -1.2388e-29)
(-3.17613e-47 -7.68017e-30 -1.08777e-29)
(-1.81488e-48 -8.6066e-31 1.577e-31)
(-3.77159e-48 -4.88032e-30 -1.12521e-29)
(-9.4339e-47 -1.63904e-31 8.50894e-31)
(-1.84084e-43 5.29621e-30 -1.13746e-29)
(-1.56477e-291 1.50805e-33 -7.54028e-33)
(-7.1217e-285 1.55352e-33 -2.40422e-32)
(-3.19227e-278 1.69422e-33 -4.26799e-32)
(-1.40848e-271 1.92274e-33 -6.32908e-32)
(-6.11323e-265 2.23728e-33 -8.69008e-32)
(-2.60846e-258 2.64699e-33 -1.14502e-31)
(-1.09343e-251 3.16597e-33 -1.47164e-31)
(-4.49963e-245 3.81341e-33 -1.86078e-31)
(-1.81634e-238 4.61437e-33 -2.32611e-31)
(-7.18606e-232 5.60059e-33 -2.8837e-31)
(-2.78399e-225 6.81158e-33 -3.55283e-31)
(-1.05514e-218 8.29568e-33 -4.35699e-31)
(-3.90806e-212 1.01113e-32 -5.32493e-31)
(-1.41299e-205 1.23284e-32 -6.49188e-31)
(-4.98095e-199 1.50302e-32 -7.90091e-31)
(-1.70966e-192 1.83155e-32 -9.60433e-31)
(-5.70568e-186 2.23013e-32 -1.16653e-30)
(-1.84852e-179 2.71273e-32 -1.41596e-30)
(-5.80382e-173 3.29608e-32 -1.71777e-30)
(-1.76262e-166 4.00034e-32 -2.08275e-30)
(-5.16712e-160 4.85001e-32 -2.52375e-30)
(-1.45876e-153 5.87487e-32 -3.05616e-30)
(-3.9559e-147 7.1111e-32 -3.69841e-30)
(-1.0275e-140 8.60258e-32 -4.47278e-30)
(-2.54788e-134 1.04018e-31 -5.40621e-30)
(-6.00949e-128 1.25694e-31 -6.53141e-30)
(-1.34255e-121 1.51726e-31 -7.8878e-30)
(-2.82711e-115 1.82765e-31 -9.52216e-30)
(-5.57988e-109 2.19282e-31 -1.14881e-29)
(-1.02537e-102 2.61216e-31 -1.38433e-29)
(-1.74046e-96 3.07307e-31 -1.66406e-29)
(-2.70259e-90 3.53843e-31 -1.99109e-29)
(-3.79363e-84 3.92494e-31 -2.36265e-29)
(-4.7417e-78 4.06821e-31 -2.76371e-29)
(-5.17443e-72 3.67662e-31 -3.15631e-29)
(-4.80009e-66 2.2943e-31 -3.46473e-29)
(-3.64371e-60 -6.38684e-32 -3.56197e-29)
(-2.13447e-54 -5.45749e-31 -3.27558e-29)
(-8.71767e-49 -1.19597e-30 -2.54024e-29)
(-3.01402e-295 4.27244e-33 -7.53311e-33)
(-1.35949e-288 4.40188e-33 -2.40113e-32)
(-6.03826e-282 4.79738e-33 -4.26174e-32)
(-2.6394e-275 5.44406e-33 -6.31984e-32)
(-1.13472e-268 6.34647e-33 -8.67769e-32)
(-4.79495e-262 7.53677e-33 -1.14342e-31)
(-1.99015e-255 9.06161e-33 -1.46962e-31)
(-8.10729e-249 1.09822e-32 -1.85828e-31)
(-3.23899e-242 1.3376e-32 -2.32303e-31)
(-1.268e-235 1.63396e-32 -2.87991e-31)
(-4.85976e-229 1.9991e-32 -3.54818e-31)
(-1.82167e-222 2.44738e-32 -4.3513e-31)
(-6.67154e-216 2.99616e-32 -5.31796e-31)
(-2.38448e-209 3.66628e-32 -6.48337e-31)
(-8.30691e-203 4.48275e-32 -7.89055e-31)
(-2.81697e-196 5.47558e-32 -9.59175e-31)
(-9.28524e-190 6.68073e-32 -1.16501e-30)
(-2.97017e-183 8.1414e-32 -1.41411e-30)
(-9.20435e-177 9.90955e-32 -1.71554e-30)
(-2.75801e-170 1.20478e-31 -2.08006e-30)
(-7.97396e-164 1.46315e-31 -2.52051e-30)
(-2.21925e-157 1.77516e-31 -3.05226e-30)
(-5.93006e-151 2.15169e-31 -3.69371e-30)
(-1.51689e-144 2.60573e-31 -4.46711e-30)
(-3.70217e-138 3.15248e-31 -5.3994e-30)
(-8.5887e-132 3.80923e-31 -6.52323e-30)
(-1.8858e-125 4.5946e-31 -7.87803e-30)
(-3.89932e-119 5.52626e-31 -9.51064e-30)
(-7.54879e-113 6.61617e-31 -1.14749e-29)
(-1.35881e-106 7.86053e-31 -1.38285e-29)
(-2.25542e-100 9.22048e-31 -1.66256e-29)
(-3.41721e-94 1.05856e-30 -1.9898e-29)
(-4.66625e-88 1.17098e-30 -2.36208e-29)
(-5.64939e-82 1.21066e-30 -2.76478e-29)
(-5.93273e-76 1.09084e-30 -3.1605e-29)
(-5.2397e-70 6.75166e-31 -3.47407e-29)
(-3.71279e-64 -2.05418e-31 -3.57819e-29)
(-1.94505e-58 -1.65296e-30 -3.29888e-29)
(-6.26804e-53 -3.42582e-30 -2.53043e-29)
(1.09972e-292 6.79093e-33 -7.51632e-33)
(4.97867e-286 7.00992e-33 -2.39436e-32)
(2.21912e-279 7.63989e-33 -4.24828e-32)
(9.73258e-273 8.66932e-33 -6.29972e-32)
(4.19748e-266 1.01218e-32 -8.65032e-32)
(1.779e-259 1.2057e-32 -1.13985e-31)
(7.40438e-253 1.45581e-32 -1.46507e-31)
(3.02413e-246 1.77314e-32 -1.85255e-31)
(1.21107e-239 2.17089e-32 -2.31588e-31)
(4.75139e-233 2.66525e-32 -2.87107e-31)
(1.82458e-226 3.27583e-32 -3.53731e-31)
(6.8512e-220 4.02637e-32 -4.33796e-31)
(2.51291e-213 4.9455e-32 -5.30165e-31)
(8.99289e-207 6.06781e-32 -6.46347e-31)
(3.13616e-200 7.43505e-32 -7.86633e-31)
(1.06438e-193 9.09768e-32 -9.56233e-31)
(3.51042e-187 1.11166e-31 -1.16144e-30)
(1.12332e-180 1.35655e-31 -1.40979e-30)
(3.48156e-174 1.65331e-31 -1.7103e-30)
(1.04315e-167 2.01261e-31 -2.07372e-30)
(3.01513e-161 2.44728e-31 -2.51286e-30)
(8.38772e-155 2.97263e-31 -3.04301e-30)
(2.23993e-148 3.60685e-31 -3.68256e-30)
(5.72557e-142 4.37129e-31 -4.45368e-30)
(1.3963e-135 5.29065e-31 -5.38326e-30)
(3.23674e-129 6.39258e-31 -6.50393e-30)
(7.10185e-123 7.70632e-31 -7.85511e-30)
(1.46777e-116 9.25909e-31 -9.48372e-30)
(2.84124e-110 1.10684e-30 -1.14439e-29)
(5.11723e-104 1.31259e-30 -1.37941e-29)
(8.50733e-98 1.53668e-30 -1.65896e-29)
(1.29305e-91 1.761e-30 -1.98652e-29)
(1.77565e-85 1.94532e-30 -2.3601e-29)
(2.17033e-79 2.00982e-30 -2.76588e-29)
(2.31567e-73 1.81109e-30 -3.16766e-29)
(2.10092e-67 1.122e-30 -3.49137e-29)
(1.56137e-61 -3.43378e-31 -3.60925e-29)
(8.97613e-56 -2.76713e-30 -3.34064e-29)
(3.61283e-50 -5.64782e-30 -2.51468e-29)
(-1.50502e-291 9.31811e-33 -7.48933e-33)
(-6.85221e-285 9.64622e-33 -2.38416e-32)
(-3.07262e-278 1.052e-32 -4.22856e-32)
(-1.35622e-271 1.19376e-32 -6.2702e-32)
(-5.88882e-265 1.39451e-32 -8.60993e-32)
(-2.51377e-258 1.66299e-32 -1.13455e-31)
(-1.05421e-251 2.01104e-32 -1.45827e-31)
(-4.3402e-245 2.45372e-32 -1.84398e-31)
(-1.75282e-238 3.00962e-32 -2.30518e-31)
(-6.93821e-232 3.70136e-32 -2.85781e-31)
(-2.68935e-225 4.55632e-32 -3.52096e-31)
(-1.01981e-218 5.60756e-32 -4.3179e-31)
(-3.77931e-212 6.89501e-32 -5.27713e-31)
(-1.36722e-205 8.46695e-32 -6.43358e-31)
(-4.82245e-199 1.03818e-31 -7.82995e-31)
(-1.65626e-192 1.27104e-31 -9.51812e-31)
(-5.53096e-186 1.55384e-31 -1.15607e-30)
(-1.79308e-179 1.89696e-31 -1.40328e-30)
(-5.63352e-173 2.31292e-31 -1.70242e-30)
(-1.71207e-166 2.81677e-31 -2.06418e-30)
(-5.02254e-160 3.42654e-31 -2.50131e-30)
(-1.41899e-153 4.16375e-31 -3.02906e-30)
(-3.85097e-147 5.05381e-31 -3.66574e-30)
(-1.00103e-140 6.1265e-31 -4.43344e-30)
(-2.48428e-134 7.41605e-31 -5.35897e-30)
(-5.86451e-128 8.96066e-31 -6.47492e-30)
(-1.31134e-121 1.08005e-30 -7.8207e-30)
(-2.76406e-115 1.2973e-30 -9.4434e-30)
(-5.46109e-109 1.55021e-30 -1.13975e-29)
(-1.00469e-102 1.83769e-30 -1.37426e-29)
(-1.70755e-96 2.15088e-30 -1.65359e-29)
(-2.65547e-90 2.4651e-30 -1.98162e-29)
(-3.73426e-84 2.72516e-30 -2.3571e-29)
(-4.67817e-78 2.82099e-30 -2.76746e-29)
(-5.12055e-72 2.55332e-30 -3.17826e-29)
(-4.77001e-66 1.60313e-30 -3.51716e-29)
(-3.64285e-60 -4.38951e-31 -3.65598e-29)
(-2.15325e-54 -3.85856e-30 -3.40497e-29)
(-8.90795e-49 -8.21634e-30 -2.5877e-29)
(4.57943e-293 1.18472e-32 -7.45071e-33)
(2.07261e-286 1.22949e-32 -2.37032e-32)
(9.23529e-280 1.34171e-32 -4.20246e-32)
(4.04911e-273 1.52254e-32 -6.23122e-32)
(1.74572e-266 1.779e-32 -8.55647e-32)
(7.39622e-260 2.12253e-32 -1.12752e-31)
(3.07724e-253 2.56846e-32 -1.44925e-31)
(1.25634e-246 3.1362e-32 -1.83257e-31)
(5.02917e-240 3.84963e-32 -2.29093e-31)
(1.97226e-233 4.73777e-32 -2.84014e-31)
(7.57024e-227 5.83571e-32 -3.49918e-31)
(2.84125e-220 7.18578e-32 -4.29118e-31)
(1.0416e-213 8.83914e-32 -5.24446e-31)
(3.7256e-207 1.08577e-31 -6.39374e-31)
(1.29854e-200 1.33165e-31 -7.78147e-31)
(4.4045e-194 1.63066e-31 -9.4592e-31)
(1.45175e-187 1.99383e-31 -1.14892e-30)
(4.64249e-181 2.43452e-31 -1.39461e-30)
(1.43787e-174 2.96885e-31 -1.69191e-30)
(4.30498e-168 3.61621e-31 -2.05145e-30)
(1.24334e-161 4.39981e-31 -2.48592e-30)
(3.45594e-155 5.34729e-31 -3.01046e-30)
(9.22082e-149 6.49131e-31 -3.6433e-30)
(2.35473e-142 7.87003e-31 -4.40643e-30)
(5.73665e-136 9.52729e-31 -5.32658e-30)
(1.32835e-129 1.1512e-30 -6.43624e-30)
(2.91116e-123 1.38756e-30 -7.77486e-30)
(6.00898e-117 1.66663e-30 -9.38969e-30)
(1.16159e-110 1.99156e-30 -1.13358e-29)
(2.08896e-104 2.3612e-30 -1.36739e-29)
(3.46718e-98 2.76469e-30 -1.64641e-29)
(5.26031e-92 3.17134e-30 -1.97504e-29)
(7.20905e-86 3.512e-30 -2.35298e-29)
(8.79139e-80 3.64773e-30 -2.76932e-29)
(9.35561e-74 3.32455e-30 -3.19202e-29)
(8.46198e-68 2.13034e-30 -3.55121e-29)
(6.26614e-62 -4.76302e-31 -3.71849e-29)
(3.58821e-56 -4.909e-30 -3.49619e-29)
(1.44126e-50 -1.07306e-29 -2.71774e-29)
(-3.69708e-292 1.43709e-32 -7.3998e-33)
(-1.79094e-285 1.49424e-32 -2.35276e-32)
(-8.52365e-279 1.63141e-32 -4.16994e-32)
(-3.98405e-272 1.85137e-32 -6.18274e-32)
(-1.82806e-265 2.16347e-32 -8.48994e-32)
(-8.23004e-259 2.58184e-32 -1.11876e-31)
(-3.63346e-252 3.12527e-32 -1.438e-31)
(-1.57207e-245 3.81744e-32 -1.81835e-31)
(-6.66137e-239 4.68746e-32 -2.27315e-31)
(-2.76227e-232 5.77069e-32 -2.81809e-31)
(-1.12001e-225 7.10985e-32 -3.472e-31)
(-4.43653e-219 8.7565e-32 -4.25784e-31)
(-1.71515e-212 1.0773e-31 -5.20369e-31)
(-6.46452e-206 1.32347e-31 -6.34403e-31)
(-2.37267e-199 1.62332e-31 -7.72097e-31)
(-8.46935e-193 1.98797e-31 -9.38568e-31)
(-2.93608e-186 2.43088e-31 -1.13999e-30)
(-9.87023e-180 2.96837e-31 -1.38378e-30)
(-3.21213e-173 3.62013e-31 -1.67879e-30)
(-1.01009e-166 4.40986e-31 -2.03556e-30)
(-3.0629e-160 5.36589e-31 -2.46669e-30)
(-8.93549e-154 6.52196e-31 -2.98723e-30)
(-2.50155e-147 7.9179e-31 -3.61528e-30)
(-6.70134e-141 9.60028e-31 -4.37272e-30)
(-1.71228e-134 1.16226e-30 -5.28613e-30)
(-4.15772e-128 1.40446e-30 -6.38795e-30)
(-9.55398e-122 1.69294e-30 -7.71762e-30)
(-2.06758e-115 2.03365e-30 -9.3226e-30)
(-4.19034e-109 2.43066e-30 -1.12586e-29)
(-7.90065e-103 2.88294e-30 -1.3588e-29)
(-1.3749e-96 3.37808e-30 -1.63738e-29)
(-2.1873e-90 3.88013e-30 -1.96668e-29)
(-3.14364e-84 4.30726e-30 -2.34758e-29)
(-4.02097e-78 4.49349e-30 -2.77121e-29)
(-4.48875e-72 4.1318e-30 -3.2086e-29)
(-4.25937e-66 2.71585e-30 -3.59318e-29)
(-3.30876e-60 -4.38159e-31 -3.79676e-29)
(-1.98665e-54 -5.90115e-30 -3.61005e-29)
(-8.35331e-49 -1.34838e-29 -2.81624e-29)
(-4.23245e-292 1.68822e-32 -7.33643e-33)
(-2.03639e-285 1.75779e-32 -2.33146e-32)
(-9.63213e-279 1.91982e-32 -4.13103e-32)
(-4.4769e-272 2.17877e-32 -6.12481e-32)
(-2.04367e-265 2.54623e-32 -8.41038e-32)
(-9.15754e-259 3.039e-32 -1.10828e-31)
(-4.02552e-252 3.67928e-32 -1.42454e-31)
(-1.73481e-245 4.49496e-32 -1.80133e-31)
(-7.32414e-239 5.52033e-32 -2.25187e-31)
(-3.0269e-232 6.79702e-32 -2.79169e-31)
(-1.22351e-225 8.3753e-32 -3.43947e-31)
(-4.83264e-219 1.03159e-31 -4.21792e-31)
(-1.86336e-212 1.26922e-31 -5.15489e-31)
(-7.00602e-206 1.55931e-31 -6.28453e-31)
(-2.56564e-199 1.91265e-31 -7.64857e-31)
(-9.13919e-193 2.34233e-31 -9.29769e-31)
(-3.16226e-186 2.86426e-31 -1.12931e-30)
(-1.06119e-179 3.49768e-31 -1.37082e-30)
(-3.44795e-173 4.26582e-31 -1.66308e-30)
(-1.08265e-166 5.19662e-31 -2.01654e-30)
(-3.2785e-160 6.32351e-31 -2.44367e-30)
(-9.55279e-154 7.68628e-31 -2.95942e-30)
(-2.67141e-147 9.33191e-31 -3.58173e-30)
(-7.14923e-141 1.13154e-30 -4.33234e-30)
(-1.82508e-134 1.36999e-30 -5.23769e-30)
(-4.4281e-128 1.65561e-30 -6.33011e-30)
(-1.01681e-121 1.99591e-30 -7.64902e-30)
(-2.19911e-115 2.39807e-30 -9.24215e-30)
(-4.45445e-109 2.86716e-30 -1.11659e-29)
(-8.39451e-103 3.4026e-30 -1.34844e-29)
(-1.4602e-96 3.9909e-30 -1.62647e-29)
(-2.32207e-90 4.59177e-30 -1.95645e-29)
(-3.33602e-84 5.11224e-30 -2.34071e-29)
(-4.26536e-78 5.36157e-30 -2.77283e-29)
(-4.75957e-72 4.98209e-30 -3.22757e-29)
(-4.51418e-66 3.3723e-30 -3.64261e-29)
(-3.50454e-60 -3.0559e-31 -3.89083e-29)
(-2.10185e-54 -6.80622e-30 -3.7571e-29)
(-8.81383e-49 -1.61772e-29 -3.05203e-29)
(-8.24457e-296 1.93748e-32 -7.2607e-33)
(-3.94157e-289 2.01928e-32 -2.30644e-32)
(-1.8517e-282 2.20597e-32 -4.08575e-32)
(-8.54449e-276 2.50364e-32 -6.05746e-32)
(-3.87087e-269 2.92602e-32 -8.31789e-32)
(-1.72069e-262 3.49256e-32 -1.0961e-31)
(-7.50086e-256 4.22879e-32 -1.40888e-31)
(-3.20444e-249 5.16682e-32 -1.78153e-31)
(-1.34066e-242 6.34602e-32 -2.22711e-31)
(-5.48868e-236 7.81422e-32 -2.76099e-31)
(-2.19704e-229 9.62918e-32 -3.40162e-31)
(-8.59072e-223 1.18607e-31 -4.1715e-31)
(-3.27798e-216 1.4593e-31 -5.09815e-31)
(-1.21926e-209 1.79285e-31 -6.21534e-31)
(-4.41552e-203 2.19911e-31 -7.56437e-31)
(-1.5549e-196 2.69317e-31 -9.19536e-31)
(-5.31668e-190 3.29329e-31 -1.11689e-30)
(-1.76247e-183 4.02164e-31 -1.35575e-30)
(-5.65463e-177 4.90494e-31 -1.64481e-30)
(-1.75254e-170 5.97535e-31 -1.99441e-30)
(-5.23611e-164 7.27134e-31 -2.4169e-30)
(-1.50458e-157 8.83869e-31 -2.92707e-30)
(-4.14732e-151 1.07315e-30 -3.5427e-30)
(-1.09345e-144 1.30132e-30 -4.28536e-30)
(-2.7484e-138 1.57566e-30 -5.18132e-30)
(-6.56134e-132 1.90435e-30 -6.26277e-30)
(-1.48141e-125 2.29615e-30 -7.56913e-30)
(-3.14758e-119 2.75951e-30 -9.14835e-30)
(-6.25723e-113 3.3007e-30 -1.10577e-29)
(-1.1559e-106 3.91983e-30 -1.33632e-29)
(-1.96797e-100 4.60294e-30 -1.6136e-29)
(-3.05713e-94 5.30644e-30 -1.94425e-29)
(-4.27917e-88 5.92805e-30 -2.33218e-29)
(-5.31078e-82 6.25507e-30 -2.77381e-29)
(-5.72e-76 5.88228e-30 -3.24839e-29)
(-5.18838e-70 4.11271e-30 -3.69893e-29)
(-3.78807e-64 -5.82032e-32 -4.00033e-29)
(-2.06139e-58 -7.59436e-30 -3.92749e-29)
(-7.08919e-53 -1.84108e-29 -3.26278e-29)
(3.93809e-295 2.18426e-32 -7.17285e-33)
(1.70572e-288 2.27804e-32 -2.27776e-32)
(7.25759e-282 2.4891e-32 -4.03416e-32)
(3.03102e-275 2.8251e-32 -5.9808e-32)
(1.24141e-268 3.30183e-32 -8.2126e-32)
(4.98133e-262 3.94133e-32 -1.08222e-31)
(1.95623e-255 4.77247e-32 -1.39105e-31)
(7.50979e-249 5.83144e-32 -1.75899e-31)
(2.81444e-242 7.16269e-32 -2.19892e-31)
(1.02817e-235 8.82015e-32 -2.72603e-31)
(3.65513e-229 1.0869e-31 -3.35854e-31)
(1.26198e-222 1.33879e-31 -4.11864e-31)
(4.22178e-216 1.64721e-31 -5.03354e-31)
(1.36463e-209 2.02369e-31 -6.13657e-31)
(4.24708e-203 2.48225e-31 -7.4685e-31)
(1.26701e-196 3.0399e-31 -9.07886e-31)
(3.60139e-190 3.71729e-31 -1.10274e-30)
(9.67011e-184 4.53943e-31 -1.33859e-30)
(2.42042e-177 5.53653e-31 -1.624e-30)
(5.51849e-171 6.74489e-31 -1.96921e-30)
(1.09244e-164 8.208e-31 -2.38641e-30)
(1.63686e-158 9.97758e-31 -2.89022e-30)
(6.17579e-153 1.21148e-30 -3.49824e-30)
(-8.03501e-146 1.46914e-30 -4.23184e-30)
(-4.30715e-139 1.77901e-30 -5.11709e-30)
(-1.54293e-132 2.15038e-30 -6.18601e-30)
(-4.5794e-126 2.59329e-30 -7.47799e-30)
(-1.19269e-119 3.11756e-30 -9.04124e-30)
(-2.78341e-113 3.73081e-30 -1.09339e-29)
(-5.86163e-107 4.4342e-30 -1.3224e-29)
(-1.11386e-100 5.21388e-30 -1.59873e-29)
(-1.90072e-94 6.02416e-30 -1.92995e-29)
(-2.88655e-88 6.75555e-30 -2.32174e-29)
(-3.84877e-82 7.17675e-30 -2.77374e-29)
(-4.41834e-76 6.83895e-30 -3.27042e-29)
(-4.24432e-70 4.95035e-30 -3.76142e-29)
(-3.26503e-64 3.25702e-31 -4.12497e-29)
(-1.8651e-58 -8.24924e-30 -4.12415e-29)
(-6.72515e-53 -2.08123e-29 -3.46433e-29)
(1.78874e-291 2.42803e-32 -7.07317e-33)
(7.81697e-285 2.5335e-32 -2.24548e-32)
(3.35556e-278 2.76858e-32 -3.97634e-32)
(1.41373e-271 3.14245e-32 -5.89492e-32)
(5.84035e-265 3.67283e-32 -8.09465e-32)
(2.36346e-258 4.38436e-32 -1.06668e-31)
(9.35846e-252 5.30915e-32 -1.37108e-31)
(3.62131e-245 6.48748e-32 -1.73373e-31)
(1.36747e-238 7.96875e-32 -2.16734e-31)
(5.03107e-232 9.81294e-32 -2.68686e-31)
(1.80003e-225 1.20925e-31 -3.31027e-31)
(6.24906e-219 1.48949e-31 -4.05944e-31)
(2.09949e-212 1.83262e-31 -4.96117e-31)
(6.80373e-206 2.25145e-31 -6.04834e-31)
(2.11777e-199 2.76159e-31 -7.36113e-31)
(6.29586e-193 3.38197e-31 -8.94835e-31)
(1.77333e-186 4.13558e-31 -1.0869e-30)
(4.67444e-180 5.05025e-31 -1.31937e-30)
(1.12903e-173 6.15962e-31 -1.6007e-30)
(2.39427e-167 7.5041e-31 -1.94098e-30)
(3.9708e-161 9.13211e-31 -2.35224e-30)
(2.57221e-155 1.11013e-30 -2.84893e-30)
(-1.65123e-148 1.34798e-30 -3.44843e-30)
(-1.03989e-141 1.63478e-30 -4.17186e-30)
(-4.09426e-135 1.97975e-30 -5.04507e-30)
(-1.3229e-128 2.39337e-30 -6.09991e-30)
(-3.75197e-122 2.88696e-30 -7.37569e-30)
(-9.57329e-116 3.47179e-30 -8.92085e-30)
(-2.21828e-109 4.15701e-30 -1.07944e-29)
(-4.67772e-103 4.94519e-30 -1.30666e-29)
(-8.95512e-97 5.82328e-30 -1.5818e-29)
(-1.54731e-90 6.74479e-30 -1.91342e-29)
(-2.39081e-84 7.59535e-30 -2.30913e-29)
(-3.26069e-78 8.12895e-30 -2.77215e-29)
(-3.8551e-72 7.85824e-30 -3.29292e-29)
(-3.85274e-66 5.89864e-30 -3.8292e-29)
(-3.13775e-60 8.69624e-31 -4.26433e-29)
(-1.96779e-54 -8.7425e-30 -4.35024e-29)
(-8.61883e-49 -2.3017e-29 -3.80888e-29)
(3.87947e-295 2.6683e-32 -6.96196e-33)
(1.68298e-288 2.78515e-32 -2.20966e-32)
(7.17186e-282 3.04389e-32 -3.91237e-32)
(2.99973e-275 3.45507e-32 -5.79995e-32)
(1.2304e-268 4.03832e-32 -7.96421e-32)
(4.94427e-262 4.82081e-32 -1.0495e-31)
(1.94442e-255 5.83785e-32 -1.34899e-31)
(7.47478e-249 7.13374e-32 -1.70579e-31)
(2.80514e-242 8.76276e-32 -2.13241e-31)
(1.02615e-235 1.07908e-31 -2.64355e-31)
(3.65286e-229 1.32976e-31 -3.2569e-31)
(1.26289e-222 1.63793e-31 -3.99397e-31)
(4.23063e-216 2.01522e-31 -4.88115e-31)
(1.36942e-209 2.47577e-31 -5.95078e-31)
(4.26839e-203 3.0367e-31 -7.2424e-31)
(1.27545e-196 3.71886e-31 -8.80406e-31)
(3.63217e-190 4.54752e-31 -1.06938e-30)
(9.77486e-184 5.55333e-31 -1.29811e-30)
(2.45394e-177 6.77326e-31 -1.57493e-30)
(5.6196e-171 8.25182e-31 -1.90976e-30)
(1.12123e-164 1.00423e-30 -2.31446e-30)
(1.71412e-158 1.22081e-30 -2.80326e-30)
(8.125e-153 1.48245e-30 -3.39331e-30)
(-7.57507e-146 1.79798e-30 -4.10549e-30)
(-4.20639e-139 2.17762e-30 -4.96537e-30)
(-1.52267e-132 2.63298e-30 -6.00457e-30)
(-4.54274e-126 3.17674e-30 -7.26231e-30)
(-1.18695e-119 3.82173e-30 -8.78723e-30)
(-2.7763e-113 4.57879e-30 -1.06392e-29)
(-5.85708e-107 5.45226e-30 -1.28907e-29)
(-1.11469e-100 6.43062e-30 -1.56274e-29)
(-1.90486e-94 7.46798e-30 -1.89451e-29)
(-2.89703e-88 8.44769e-30 -2.29406e-29)
(-3.86896e-82 9.11347e-30 -2.76849e-29)
(-4.45022e-76 8.94572e-30 -3.31503e-29)
(-4.28619e-70 6.97099e-30 -3.90119e-29)
(-3.31034e-64 1.59903e-30 -4.41779e-29)
(-1.90437e-58 -9.0471e-30 -4.60189e-29)
(-6.98397e-53 -2.54994e-29 -4.11991e-29)
(-5.63737e-295 2.90462e-32 -6.83952e-33)
(-2.51514e-288 3.03255e-32 -2.17037e-32)
(-1.10472e-281 3.31453e-32 -3.84235e-32)
(-4.77408e-275 3.76241e-32 -5.69603e-32)
(-2.02867e-268 4.39765e-32 -7.8215e-32)
(-8.47096e-262 5.2499e-32 -1.03069e-31)
(-3.47337e-255 6.35765e-32 -1.32482e-31)
(-1.39747e-248 7.76911e-32 -1.67523e-31)
(-5.51275e-242 9.54339e-32 -2.09419e-31)
(-2.13038e-235 1.17522e-31 -2.59616e-31)
(-8.05777e-229 1.44823e-31 -3.1985e-31)
(-2.98001e-222 1.78385e-31 -3.92234e-31)
(-1.07649e-215 2.19474e-31 -4.7936e-31)
(-3.79404e-209 2.69628e-31 -5.84404e-31)
(-1.30304e-202 3.30714e-31 -7.11251e-31)
(-4.35512e-196 4.05003e-31 -8.64619e-31)
(-1.41449e-189 4.95248e-31 -1.05021e-30)
(-4.45732e-183 6.04787e-31 -1.27485e-30)
(-1.3604e-176 7.37652e-31 -1.54673e-30)
(-4.01374e-170 8.9869e-31 -1.8756e-30)
(-1.14238e-163 1.09371e-30 -2.27312e-30)
(-3.12925e-157 1.32964e-30 -2.75328e-30)
(-8.22816e-151 1.61469e-30 -3.33299e-30)
(-2.07078e-144 1.9585e-30 -4.03282e-30)
(-4.97166e-138 2.3723e-30 -4.87807e-30)
(-1.13444e-131 2.86886e-30 -5.90008e-30)
(-2.44972e-125 3.46224e-30 -7.13794e-30)
(-4.98139e-119 4.1669e-30 -8.64044e-30)
(-9.4836e-113 4.99559e-30 -1.04683e-29)
(-1.67885e-106 5.95478e-30 -1.26962e-29)
(-2.74091e-100 7.03526e-30 -1.54149e-29)
(-4.08568e-94 8.19319e-30 -1.87308e-29)
(-5.49122e-88 9.31245e-30 -2.27622e-29)
(-6.54792e-82 1.01315e-29 -2.76218e-29)
(-6.7799e-76 1.01062e-29 -3.33577e-29)
(-5.91435e-70 8.18063e-30 -3.97613e-29)
(-4.15218e-64 2.54174e-30 -4.58469e-29)
(-2.16878e-58 -9.11723e-30 -4.89221e-29)
(-7.09417e-53 -2.77505e-29 -4.48174e-29)
(-2.63278e-291 3.13657e-32 -6.70615e-33)
(-1.18738e-284 3.27528e-32 -2.12768e-32)
(-5.27266e-278 3.58006e-32 -3.76639e-32)
(-2.30399e-271 4.06395e-32 -5.58332e-32)
(-9.90102e-265 4.75022e-32 -7.66672e-32)
(-4.18163e-258 5.67094e-32 -1.0103e-31)
(-1.73451e-251 6.86769e-32 -1.29861e-31)
(-7.06086e-245 8.39256e-32 -1.64208e-31)
(-2.81867e-238 1.03094e-31 -2.05275e-31)
(-1.10249e-231 1.26956e-31 -2.54477e-31)
(-4.22139e-225 1.56448e-31 -3.13517e-31)
(-1.58077e-218 1.92703e-31 -3.84467e-31)
(-5.78313e-212 2.37088e-31 -4.69866e-31)
(-2.06467e-205 2.91264e-31 -5.72829e-31)
(-7.18461e-199 3.5725e-31 -6.97165e-31)
(-2.43361e-192 4.37497e-31 -8.47499e-31)
(-8.01255e-186 5.34982e-31 -1.02942e-30)
(-2.56027e-179 6.53313e-31 -1.24963e-30)
(-7.92593e-173 7.96846e-31 -1.51615e-30)
(-2.37274e-166 9.70823e-31 -1.83855e-30)
(-6.85461e-160 1.18153e-30 -2.22827e-30)
(-1.90656e-153 1.43646e-30 -2.69907e-30)
(-5.09262e-147 1.74449e-30 -3.26754e-30)
(-1.3026e-140 2.11611e-30 -3.95396e-30)
(-3.1802e-134 2.56351e-30 -4.78329e-30)
(-7.38385e-128 3.10065e-30 -5.78658e-30)
(-1.6236e-121 3.74302e-30 -7.0027e-30)
(-3.36475e-115 4.5068e-30 -8.48056e-30)
(-6.53528e-109 5.40682e-30 -1.02816e-29)
(-1.18181e-102 6.45208e-30 -1.24828e-29)
(-1.97418e-96 7.63645e-30 -1.51797e-29)
(-3.01743e-90 8.91964e-30 -1.84897e-29)
(-4.17047e-84 1.01891e-29 -2.25529e-29)
(-5.13529e-78 1.11835e-29 -2.75261e-29)
(-5.52538e-72 1.13434e-29 -3.35404e-29)
(-5.06061e-66 9.54032e-30 -4.05248e-29)
(-3.80132e-60 3.72779e-30 -4.76375e-29)
(-2.21327e-54 -8.90611e-30 -5.20773e-29)
(-9.09319e-49 -2.98792e-29 -4.8426e-29)
(-6.11417e-291 3.36375e-32 -6.56215e-33)
(-2.70751e-284 3.51296e-32 -2.08167e-32)
(-1.17921e-277 3.84005e-32 -3.68462e-32)
(-5.04789e-271 4.35921e-32 -5.462e-32)
(-2.12237e-264 5.09546e-32 -7.5001e-32)
(-8.7579e-258 6.08323e-32 -9.88344e-32)
(-3.54399e-251 7.36715e-32 -1.27039e-31)
(-1.40514e-244 9.00308e-32 -1.6064e-31)
(-5.45357e-238 1.10595e-31 -2.00813e-31)
(-2.06982e-231 1.36194e-31 -2.48945e-31)
(-7.67367e-225 1.67833e-31 -3.06701e-31)
(-2.77571e-218 2.06724e-31 -3.76106e-31)
(-9.78327e-212 2.54337e-31 -4.59647e-31)
(-3.35518e-205 3.12452e-31 -5.60372e-31)
(-1.11787e-198 3.83236e-31 -6.82004e-31)
(-3.61212e-192 4.69318e-31 -8.29073e-31)
(-1.12978e-185 5.73893e-31 -1.00704e-30)
(-3.41307e-179 7.00834e-31 -1.22248e-30)
(-9.93491e-173 8.54817e-31 -1.48323e-30)
(-2.77869e-166 1.04147e-30 -1.79866e-30)
(-7.44355e-160 1.26754e-30 -2.17999e-30)
(-1.90259e-153 1.54109e-30 -2.64069e-30)
(-4.61931e-147 1.87167e-30 -3.19706e-30)
(-1.05944e-140 2.27057e-30 -3.86902e-30)
(-2.27933e-134 2.75097e-30 -4.68116e-30)
(-4.55771e-128 3.32802e-30 -5.66418e-30)
(-8.36061e-122 4.01868e-30 -6.85671e-30)
(-1.37898e-115 4.84093e-30 -8.30768e-30)
(-1.97359e-109 5.81187e-30 -1.00792e-29)
(-2.26337e-103 6.94344e-30 -1.22503e-29)
(-1.55059e-97 8.23331e-30 -1.49214e-29)
(1.109e-91 9.64634e-30 -1.82202e-29)
(6.42817e-85 1.10766e-29 -2.23094e-29)
(1.40342e-78 1.22691e-29 -2.7391e-29)
(2.17592e-72 1.266e-29 -3.36863e-29)
(2.60689e-66 1.1062e-29 -4.12844e-29)
(2.4197e-60 5.18941e-30 -4.95362e-29)
(1.67515e-54 -8.35914e-30 -5.56436e-29)
(7.93839e-49 -3.11534e-29 -5.31303e-29)
(-1.63674e-294 3.58578e-32 -6.40779e-33)
(-7.14555e-288 3.74519e-32 -2.03243e-32)
(-3.06607e-281 4.09408e-32 -3.59714e-32)
(-1.29211e-274 4.64772e-32 -5.33224e-32)
(-5.34374e-268 5.43282e-32 -7.32191e-32)
(-2.16693e-261 6.48612e-32 -9.64865e-32)
(-8.60781e-255 7.85525e-32 -1.24021e-31)
(-3.34619e-248 9.59972e-32 -1.56823e-31)
(-1.27155e-241 1.17925e-31 -1.96042e-31)
(-4.71749e-235 1.45222e-31 -2.4303e-31)
(-1.70644e-228 1.78958e-31 -2.99411e-31)
(-6.00912e-222 2.20427e-31 -3.67166e-31)
(-2.05648e-215 2.71194e-31 -4.4872e-31)
(-6.82613e-209 3.33159e-31 -5.4705e-31)
(-2.19265e-202 4.08631e-31 -6.65792e-31)
(-6.79722e-196 5.00416e-31 -8.09368e-31)
(-2.02693e-189 6.11922e-31 -9.83115e-31)
(-5.79052e-183 7.47279e-31 -1.19344e-30)
(-1.57641e-176 9.11476e-31 -1.44802e-30)
(-4.0603e-170 1.11052e-30 -1.756e-30)
(-9.79068e-164 1.35162e-30 -2.12835e-30)
(-2.17322e-157 1.64337e-30 -2.57824e-30)
(-4.30453e-151 1.99601e-30 -3.12165e-30)
(-7.08213e-145 2.42163e-30 -3.7781e-30)
(-7.44324e-139 2.93437e-30 -4.5718e-30)
(6.29898e-133 3.55061e-30 -5.53303e-30)
(6.76519e-126 4.28878e-30 -6.70012e-30)
(2.56834e-119 5.16877e-30 -8.12192e-30)
(7.38361e-113 6.21012e-30 -9.86111e-30)
(1.7996e-106 7.42806e-30 -1.19985e-29)
(3.85279e-100 8.82486e-30 -1.46392e-29)
(7.33327e-94 1.03721e-29 -1.7921e-29)
(1.24283e-87 1.19735e-29 -2.20284e-29)
(1.86646e-81 1.33871e-29 -2.72094e-29)
(2.45953e-75 1.40571e-29 -3.37818e-29)
(2.80253e-69 1.27565e-29 -4.20189e-29)
(2.70611e-63 6.96098e-30 -5.15217e-29)
(2.15035e-57 -7.44017e-30 -5.93458e-29)
(1.32972e-51 -3.17409e-29 -5.74721e-29)
(-2.57857e-291 3.80229e-32 -6.24338e-33)
(-1.1628e-284 3.97162e-32 -1.98002e-32)
(-5.16286e-278 4.34177e-32 -3.50411e-32)
(-2.25575e-271 4.92903e-32 -5.19425e-32)
(-9.69256e-265 5.76177e-32 -7.13242e-32)
(-4.09311e-258 6.87899e-32 -9.39896e-32)
(-1.69761e-251 8.33121e-32 -1.20812e-31)
(-6.90986e-245 1.01815e-31 -1.52765e-31)
(-2.7581e-238 1.25074e-31 -1.90968e-31)
(-1.07868e-231 1.54027e-31 -2.36739e-31)
(-4.12983e-225 1.89808e-31 -2.9166e-31)
(-1.54634e-218 2.3379e-31 -3.57659e-31)
(-5.65666e-212 2.87633e-31 -4.37101e-31)
(-2.01935e-205 3.53353e-31 -5.32884e-31)
(-7.0264e-199 4.33398e-31 -6.48553e-31)
(-2.37986e-192 5.30745e-31 -7.88414e-31)
(-7.83516e-186 6.49009e-31 -9.57671e-31)
(-2.50347e-179 7.92574e-31 -1.16257e-30)
(-7.74988e-173 9.66736e-31 -1.41058e-30)
(-2.32e-166 1.17787e-30 -1.71063e-30)
(-6.70227e-160 1.43363e-30 -2.07342e-30)
(-1.86424e-153 1.74316e-30 -2.51181e-30)
(-4.97982e-147 2.11735e-30 -3.04141e-30)
(-1.27385e-140 2.56906e-30 -3.68135e-30)
(-3.1104e-134 3.11345e-30 -4.45536e-30)
(-7.22304e-128 3.76808e-30 -5.3933e-30)
(-1.58862e-121 4.55291e-30 -6.53308e-30)
(-3.29331e-115 5.48979e-30 -7.92341e-30)
(-6.39928e-109 6.60091e-30 -9.62736e-30)
(-1.15789e-102 7.90511e-30 -1.17274e-29)
(-1.93575e-96 9.41001e-30 -1.43326e-29)
(-2.96192e-90 1.10953e-29 -1.75905e-29)
(-4.09998e-84 1.28778e-29 -2.17064e-29)
(-5.05954e-78 1.45352e-29 -2.69742e-29)
(-5.46155e-72 1.55342e-29 -3.38124e-29)
(-5.02729e-66 1.46327e-29 -4.27037e-29)
(-3.80703e-60 9.07983e-30 -5.35755e-29)
(-2.24671e-54 -6.12318e-30 -6.33839e-29)
(-9.42892e-49 -3.49464e-29 -6.17931e-29)
(-1.79958e-290 4.01294e-32 -6.0692e-33)
(-8.01377e-284 4.19189e-32 -1.92454e-32)
(-3.51126e-277 4.58272e-32 -3.40566e-32)
(-1.51279e-270 5.2027e-32 -5.04824e-32)
(-6.40469e-264 6.0818e-32 -6.93192e-32)
(-2.66266e-257 7.26122e-32 -9.13476e-32)
(-1.08619e-250 8.7943e-32 -1.17416e-31)
(-4.3443e-244 1.07477e-31 -1.48471e-31)
(-1.70211e-237 1.3203e-31 -1.856e-31)
(-6.52691e-231 1.62593e-31 -2.30083e-31)
(-2.44712e-224 2.00365e-31 -2.83459e-31)
(-8.96119e-218 2.46793e-31 -3.47601e-31)
(-3.20142e-211 3.0363e-31 -4.24808e-31)
(-1.11442e-204 3.73002e-31 -5.17897e-31)
(-3.77482e-198 4.57497e-31 -6.30314e-31)
(-1.24237e-191 5.60255e-31 -7.66245e-31)
(-3.96661e-185 6.85097e-31 -9.30749e-31)
(-1.22642e-178 8.36651e-31 -1.1299e-30)
(-3.66499e-172 1.02051e-30 -1.37096e-30)
(-1.05632e-165 1.24341e-30 -1.66262e-30)
(-2.92942e-159 1.51345e-30 -2.01529e-30)
(-7.79629e-153 1.8403e-30 -2.4415e-30)
(-1.98531e-146 2.23547e-30 -2.95647e-30)
(-4.8212e-140 2.71264e-30 -3.57888e-30)
(-1.11229e-133 3.28792e-30 -4.332e-30)
(-2.42731e-127 3.98007e-30 -5.24514e-30)
(-4.98526e-121 4.81063e-30 -6.35578e-30)
(-9.5794e-115 5.80347e-30 -7.71232e-30)
(-1.71014e-108 6.98355e-30 -9.37805e-30)
(-2.81253e-102 8.37371e-30 -1.14367e-29)
(-4.2171e-96 9.98755e-30 -1.40011e-29)
(-5.68954e-90 1.18144e-29 -1.72274e-29)
(-6.78965e-84 1.3787e-29 -2.13404e-29)
(-7.00109e-78 1.571e-29 -2.66782e-29)
(-6.02837e-72 1.70883e-29 -3.37624e-29)
(-4.10041e-66 1.66969e-29 -4.33098e-29)
(-1.97339e-60 1.15879e-29 -5.56729e-29)
(-4.72456e-55 -4.2596e-30 -6.81511e-29)
(1.05687e-49 -3.66427e-29 -6.96731e-29)
(-4.38413e-294 4.2174e-32 -5.88556e-33)
(-1.93789e-287 4.40567e-32 -1.86607e-32)
(-8.42786e-281 4.81657e-32 -3.30195e-32)
(-3.60395e-274 5.46832e-32 -4.89443e-32)
(-1.51437e-267 6.39242e-32 -6.72072e-32)
(-6.24843e-261 7.63223e-32 -8.85646e-32)
(-2.52976e-254 9.2438e-32 -1.13839e-31)
(-1.00418e-247 1.12972e-31 -1.43948e-31)
(-3.90482e-241 1.38782e-31 -1.79945e-31)
(-1.48613e-234 1.70909e-31 -2.23072e-31)
(-5.53041e-228 2.10613e-31 -2.7482e-31)
(-2.01026e-221 2.59415e-31 -3.37006e-31)
(-7.12936e-215 3.19158e-31 -4.11859e-31)
(-2.46393e-208 3.92077e-31 -5.02111e-31)
(-8.28733e-202 4.80891e-31 -6.11102e-31)
(-2.70888e-195 5.88904e-31 -7.42894e-31)
(-8.5917e-189 7.20131e-31 -9.02391e-31)
(-2.63964e-182 8.79441e-31 -1.09548e-30)
(-7.84114e-176 1.07272e-30 -1.32923e-30)
(-2.24745e-169 1.30705e-30 -1.61204e-30)
(-6.20145e-163 1.59096e-30 -1.95405e-30)
(-1.64321e-156 1.93462e-30 -2.36741e-30)
(-4.16935e-150 2.3502e-30 -2.86694e-30)
(-1.00982e-143 2.85214e-30 -3.47086e-30)
(-2.32632e-137 3.45749e-30 -4.20188e-30)
(-5.07662e-131 4.18626e-30 -5.08876e-30)
(-1.04455e-124 5.06152e-30 -6.1684e-30)
(-2.01547e-118 6.10926e-30 -7.48883e-30)
(-3.62376e-112 7.35736e-30 -9.11331e-30)
(-6.02557e-106 8.83293e-30 -1.11266e-29)
(-9.18211e-100 1.05562e-29 -1.36444e-29)
(-1.26806e-93 1.25273e-29 -1.68306e-29)
(-1.5649e-87 1.46982e-29 -2.09273e-29)
(-1.69469e-81 1.69071e-29 -2.6314e-29)
(-1.57157e-75 1.87146e-29 -3.36151e-29)
(-1.2055e-69 1.89519e-29 -4.38037e-29)
(-7.25225e-64 1.45288e-29 -5.77668e-29)
(-3.11718e-58 -1.7332e-30 -7.303e-29)
(-7.72295e-53 -3.71222e-29 -7.51228e-29)
(-2.73813e-291 4.41534e-32 -5.69274e-33)
(-1.23516e-284 4.61261e-32 -1.80471e-32)
(-5.48598e-278 5.04295e-32 -3.19313e-32)
(-2.39773e-271 5.72546e-32 -4.73307e-32)
(-1.03061e-264 6.69315e-32 -6.49914e-32)
(-4.35369e-258 7.99143e-32 -8.56449e-32)
(-1.80629e-251 9.67901e-32 -1.10086e-31)
(-7.35476e-245 1.18292e-31 -1.39202e-31)
(-2.93669e-238 1.45319e-31 -1.74012e-31)
(-1.14892e-231 1.78962e-31 -2.15717e-31)
(-4.40026e-225 2.20537e-31 -2.65757e-31)
(-1.64816e-218 2.71638e-31 -3.25892e-31)
(-6.03122e-212 3.34194e-31 -3.98275e-31)
(-2.1538e-205 4.10547e-31 -4.8555e-31)
(-7.49679e-199 5.03544e-31 -5.90948e-31)
(-2.54005e-192 6.16645e-31 -7.18397e-31)
(-8.36535e-186 7.54056e-31 -8.72641e-31)
(-2.67377e-179 9.20878e-31 -1.05938e-30)
(-8.27974e-173 1.12328e-30 -1.28544e-30)
(-2.47941e-166 1.36868e-30 -1.55897e-30)
(-7.16497e-160 1.66602e-30 -1.88978e-30)
(-1.99351e-153 2.026e-30 -2.28965e-30)
(-5.32656e-147 2.46137e-30 -2.77296e-30)
(-1.36287e-140 2.98734e-30 -3.35743e-30)
(-3.32837e-134 3.62191e-30 -4.06518e-30)
(-7.73022e-128 4.38629e-30 -4.92434e-30)
(-1.70024e-121 5.30515e-30 -5.97118e-30)
(-3.52443e-115 6.40662e-30 -7.25315e-30)
(-6.84675e-109 7.72163e-30 -8.83331e-30)
(-1.23828e-102 9.2818e-30 -1.07969e-29)
(-2.06853e-96 1.11145e-29 -1.32622e-29)
(-3.1612e-90 1.3232e-29 -1.6399e-29)
(-4.36779e-84 1.56079e-29 -2.04644e-29)
(-5.37546e-78 1.81208e-29 -2.58749e-29)
(-5.77998e-72 2.0405e-29 -3.33534e-29)
(-5.29116e-66 2.13955e-29 -4.4147e-29)
(-3.97712e-60 1.79466e-29 -5.98099e-29)
(-2.32643e-54 1.55918e-30 -7.84813e-29)
(-9.7064e-49 -4.25109e-29 -8.13309e-29)
(-3.17612e-290 4.60645e-32 -5.49108e-33)
(-1.41247e-283 4.81241e-32 -1.74056e-32)
(-6.18001e-277 5.26152e-32 -3.07938e-32)
(-2.65863e-270 5.97373e-32 -4.56439e-32)
(-1.12382e-263 6.98352e-32 -6.26752e-32)
(-4.66435e-257 8.33828e-32 -8.25929e-32)
(-1.89941e-250 1.00993e-31 -1.06163e-31)
(-7.5827e-244 1.2343e-31 -1.34242e-31)
(-2.96505e-237 1.51633e-31 -1.67811e-31)
(-1.13459e-230 1.86738e-31 -2.08028e-31)
(-4.24432e-224 2.3012e-31 -2.56285e-31)
(-1.55051e-217 2.83442e-31 -3.14275e-31)
(-5.52499e-211 3.48715e-31 -3.84077e-31)
(-1.91792e-204 4.28385e-31 -4.68241e-31)
(-6.47708e-198 5.25421e-31 -5.69883e-31)
(-2.12484e-191 6.43436e-31 -6.92792e-31)
(-6.76025e-185 7.8682e-31 -8.41545e-31)
(-2.08215e-178 9.60898e-31 -1.02164e-30)
(-6.19603e-172 1.17211e-30 -1.23966e-30)
(-1.77754e-165 1.42821e-30 -1.50349e-30)
(-4.90427e-159 1.73854e-30 -1.82258e-30)
(-1.29776e-152 2.11428e-30 -2.20834e-30)
(-3.28357e-146 2.56879e-30 -2.67467e-30)
(-7.91629e-140 3.11801e-30 -3.23875e-30)
(-1.81132e-133 3.7809e-30 -3.92209e-30)
(-3.91535e-127 4.57985e-30 -4.75211e-30)
(-7.95287e-121 5.54112e-30 -5.76434e-30)
(-1.50835e-114 6.69503e-30 -7.00553e-30)
(-2.65091e-108 8.07564e-30 -8.53827e-30)
(-4.27705e-102 9.71932e-30 -1.0448e-29)
(-6.2609e-96 1.16611e-29 -1.28544e-29)
(-8.18861e-90 1.39262e-29 -1.59319e-29)
(-9.37027e-84 1.65121e-29 -1.99495e-29)
(-9.09637e-78 1.93442e-29 -2.53546e-29)
(-7.11917e-72 2.21486e-29 -3.29601e-29)
(-4.04619e-66 2.4019e-29 -4.42954e-29)
(-1.16481e-60 2.18854e-29 -6.17341e-29)
(4.17505e-55 5.95904e-30 -8.51215e-29)
(6.18407e-49 -4.60065e-29 -9.34392e-29)
(-6.72923e-294 4.79043e-32 -5.28089e-33)
(-2.96642e-287 5.00476e-32 -1.6737e-32)
(-1.28637e-280 5.47194e-32 -2.96087e-32)
(-5.48393e-274 6.21276e-32 -4.38867e-32)
(-2.29679e-267 7.26309e-32 -6.02623e-32)
(-9.4437e-261 8.67223e-32 -7.94133e-32)
(-3.80914e-254 1.05039e-31 -1.02076e-31)
(-1.50599e-247 1.28378e-31 -1.29074e-31)
(-5.83112e-241 1.57712e-31 -1.61351e-31)
(-2.20907e-234 1.94226e-31 -2.00019e-31)
(-8.18017e-228 2.39348e-31 -2.46417e-31)
(-2.95761e-221 2.94808e-31 -3.02173e-31)
(-1.0429e-214 3.62699e-31 -3.69287e-31)
(-3.58191e-208 4.45562e-31 -4.50209e-31)
(-1.19665e-201 5.46488e-31 -5.47938e-31)
(-3.88286e-195 6.69236e-31 -6.66117e-31)
(-1.22169e-188 8.18373e-31 -8.09149e-31)
(-3.72064e-182 9.99439e-31 -9.82323e-31)
(-1.09464e-175 1.21914e-30 -1.19198e-30)
(-3.10437e-169 1.48555e-30 -1.44569e-30)
(-8.46595e-163 1.80839e-30 -1.75256e-30)
(-2.21414e-156 2.19932e-30 -2.1236e-30)
(-5.53658e-150 2.67229e-30 -2.57222e-30)
(-1.31915e-143 3.24397e-30 -3.115e-30)
(-2.98301e-137 3.93421e-30 -3.77281e-30)
(-6.37335e-131 4.7666e-30 -4.5723e-30)
(-1.27983e-124 5.769e-30 -5.54814e-30)
(-2.40063e-118 6.97393e-30 -6.74624e-30)
(-4.17524e-112 8.41866e-30 -8.22845e-30)
(-6.67314e-106 1.01445e-29 -1.00799e-29)
(-9.69246e-100 1.21943e-29 -1.24209e-29)
(-1.2613e-93 1.46073e-29 -1.54288e-29)
(-1.44313e-87 1.74066e-29 -1.93808e-29)
(-1.41415e-81 2.05694e-29 -2.47476e-29)
(-1.14093e-75 2.3931e-29 -3.24184e-29)
(-7.08793e-70 2.68049e-29 -4.41996e-29)
(-2.93872e-64 2.63793e-29 -6.34219e-29)
(-4.59332e-59 1.17998e-29 -9.20597e-29)
(2.06425e-53 -4.79863e-29 -1.01743e-28)
(-1.46e-293 4.96701e-32 -5.06251e-33)
(-6.43192e-287 5.18936e-32 -1.60426e-32)
(-2.78762e-280 5.67389e-32 -2.83778e-32)
(-1.18784e-273 6.44217e-32 -4.20616e-32)
(-4.97316e-267 7.53142e-32 -5.77563e-32)
(-2.0443e-260 8.99278e-32 -7.61112e-32)
(-8.24456e-254 1.08924e-31 -9.78321e-32)
(-3.25952e-247 1.33127e-31 -1.23707e-31)
(-1.2622e-240 1.63548e-31 -1.54641e-31)
(-4.78286e-234 2.01414e-31 -1.91701e-31)
(-1.77176e-227 2.48208e-31 -2.36168e-31)
(-6.40939e-221 3.0572e-31 -2.89605e-31)
(-2.26163e-214 3.76123e-31 -3.53926e-31)
(-7.77459e-208 4.62053e-31 -4.31483e-31)
(-2.60016e-201 5.66714e-31 -5.25148e-31)
(-8.44798e-195 6.94005e-31 -6.38415e-31)
(-2.66219e-188 8.48664e-31 -7.75504e-31)
(-8.12268e-182 1.03644e-30 -9.41488e-31)
(-2.39497e-175 1.26429e-30 -1.14244e-30)
(-6.80968e-169 1.5406e-30 -1.38564e-30)
(-1.8628e-162 1.87546e-30 -1.67983e-30)
(-4.88994e-156 2.281e-30 -2.03556e-30)
(-1.22829e-149 2.77171e-30 -2.46574e-30)
(-2.943e-143 3.36499e-30 -2.98637e-30)
(-6.70288e-137 4.08157e-30 -3.61756e-30)
(-1.44564e-130 4.94623e-30 -4.38515e-30)
(-2.94046e-124 5.98839e-30 -5.32287e-30)
(-5.61681e-118 7.24279e-30 -6.4756e-30)
(-1.00357e-111 8.74996e-30 -7.90417e-30)
(-1.67221e-105 1.05562e-29 -9.69285e-30)
(-2.59703e-99 1.27127e-29 -1.19618e-29)
(-3.77586e-93 1.52728e-29 -1.48895e-29)
(-5.20235e-87 1.82867e-29 -1.87571e-29)
(-6.9286e-81 2.17873e-29 -2.40497e-29)
(-9.0724e-75 2.57347e-29 -3.1713e-29)
(-1.15757e-68 2.97251e-29 -4.38058e-29)
(-1.36142e-62 3.14427e-29 -6.47351e-29)
(-1.31352e-56 1.94471e-29 -9.99946e-29)
(-7.93785e-51 -4.77644e-29 -1.18283e-28)
(-6.71329e-290 5.13589e-32 -4.83627e-33)
(-2.98743e-283 5.36592e-32 -1.53234e-32)
(-1.30799e-276 5.86706e-32 -2.7103e-32)
(-5.63101e-270 6.66162e-32 -4.01716e-32)
(-2.38206e-263 7.7881e-32 -5.51611e-32)
(-9.89454e-257 9.29943e-32 -7.26915e-32)
(-4.03265e-250 1.1264e-31 -9.34367e-32)
(-1.61134e-243 1.3767e-31 -1.18149e-31)
(-6.3068e-237 1.69132e-31 -1.47693e-31)
(-2.41578e-230 2.08292e-31 -1.83087e-31)
(-9.04695e-224 2.56684e-31 -2.25555e-31)
(-3.30886e-217 3.16161e-31 -2.7659e-31)
(-1.18055e-210 3.88968e-31 -3.3802e-31)
(-4.10379e-204 4.77831e-31 -4.12091e-31)
(-1.388e-197 5.86065e-31 -5.01548e-31)
(-4.56105e-191 7.17704e-31 -6.09727e-31)
(-1.45385e-184 8.77649e-31 -7.40662e-31)
(-4.48747e-178 1.07185e-30 -8.99198e-31)
(-1.33872e-171 1.3075e-30 -1.09114e-30)
(-3.85205e-165 1.59328e-30 -1.32345e-30)
(-1.06668e-158 1.93965e-30 -1.60449e-30)
(-2.83573e-152 2.35917e-30 -1.94435e-30)
(-7.21869e-146 2.8669e-30 -2.35542e-30)
(-1.75483e-139 3.48088e-30 -2.85303e-30)
(-4.06271e-133 4.22275e-30 -3.45656e-30)
(-8.93542e-127 5.11842e-30 -4.19093e-30)
(-1.8636e-120 6.19888e-30 -5.08883e-30)
(-3.6849e-114 7.50109e-30 -6.19393e-30)
(-6.92686e-108 9.06883e-30 -7.56577e-30)
(-1.24769e-101 1.09535e-29 -9.28731e-30)
(-2.18572e-95 1.32145e-29 -1.14775e-29)
(-3.80189e-89 1.59199e-29 -1.4314e-29)
(-6.6866e-83 1.91475e-29 -1.80779e-29)
(-1.19078e-76 2.29881e-29 -2.3258e-29)
(-2.09766e-70 2.75383e-29 -3.08309e-29)
(-3.50272e-64 3.27386e-29 -4.3058e-29)
(-5.24783e-58 3.7058e-29 -6.54775e-29)
(-6.5142e-52 2.92998e-29 -1.07901e-28)
(-5.50347e-46 -4.47921e-29 -1.33367e-28)
(4.21508e-289 5.29682e-32 -4.60253e-33)
(2.05146e-282 5.53418e-32 -1.45804e-32)
(9.8392e-276 6.05115e-32 -2.57864e-32)
(4.64738e-269 6.87076e-32 -3.82195e-32)
(2.1602e-262 8.03275e-32 -5.24807e-32)
(9.87358e-256 9.5917e-32 -6.91595e-32)
(4.43366e-249 1.16182e-31 -8.88969e-32)
(1.95401e-242 1.42001e-31 -1.12409e-31)
(8.44264e-236 1.74454e-31 -1.40517e-31)
(3.57154e-229 2.14848e-31 -1.74191e-31)
(1.47708e-222 2.64764e-31 -2.14595e-31)
(5.96134e-216 3.26114e-31 -2.63148e-31)
(2.34279e-209 4.01212e-31 -3.21592e-31)
(8.94114e-203 4.92872e-31 -3.92063e-31)
(3.30221e-196 6.04514e-31 -4.77173e-31)
(1.17469e-189 7.40297e-31 -5.80098e-31)
(3.99799e-183 9.05281e-31 -7.04675e-31)
(1.28863e-176 1.1056e-30 -8.55519e-31)
(3.8666e-170 1.34869e-30 -1.03816e-30)
(1.04466e-163 1.64351e-30 -1.25921e-30)
(2.34109e-157 2.00087e-30 -1.52665e-30)
(3.08265e-151 2.43373e-30 -1.85011e-30)
(-7.47341e-145 2.95769e-30 -2.2414e-30)
(-8.59789e-138 3.59146e-30 -2.7152e-30)
(-4.77913e-131 4.35751e-30 -3.29005e-30)
(-2.12808e-124 5.28288e-30 -3.98992e-30)
(-8.36186e-118 6.40009e-30 -4.84634e-30)
(-3.00183e-111 7.74829e-30 -5.90161e-30)
(-9.99847e-105 9.37455e-30 -7.21368e-30)
(-3.11229e-98 1.13353e-29 -8.86371e-30)
(-9.0808e-92 1.36983e-29 -1.09685e-29)
(-2.48458e-85 1.65461e-29 -1.37029e-29)
(-6.36612e-79 1.9984e-29 -1.73435e-29)
(-1.52325e-72 2.41614e-29 -2.23715e-29)
(-3.38952e-66 2.93176e-29 -2.97629e-29)
(-6.97544e-60 3.57896e-29 -4.19018e-29)
(-1.31819e-53 4.31596e-29 -6.54228e-29)
(-2.26685e-47 4.18008e-29 -1.16365e-28)
(-3.50661e-41 -4.57947e-29 -1.54339e-28)
(-1.35364e-287 5.44956e-32 -4.36164e-33)
(-6.4433e-281 5.69387e-32 -1.38148e-32)
(-3.02058e-274 6.22588e-32 -2.44299e-32)
(-1.39361e-267 7.06928e-32 -3.62084e-32)
(-6.32301e-261 8.26497e-32 -4.97192e-32)
(-2.81879e-254 9.86916e-32 -6.55207e-32)
(-1.2335e-247 1.19544e-31 -8.42198e-32)
(-5.29267e-241 1.46113e-31 -1.06495e-31)
(-2.22398e-234 1.79508e-31 -1.33124e-31)
(-9.13849e-228 2.21073e-31 -1.65025e-31)
(-3.66574e-221 2.72436e-31 -2.03302e-31)
(-1.43249e-214 3.35564e-31 -2.493e-31)
(-5.43942e-208 4.12838e-31 -3.04668e-31)
(-2.00041e-201 5.07154e-31 -3.71431e-31)
(-7.09403e-195 6.2203e-31 -4.52063e-31)
(-2.41112e-188 7.61749e-31 -5.49574e-31)
(-7.78248e-182 9.31518e-31 -6.67601e-31)
(-2.35001e-175 1.13765e-30 -8.10516e-31)
(-6.45524e-169 1.38781e-30 -9.83562e-31)
(-1.51258e-162 1.69121e-30 -1.19302e-30)
(-2.41495e-156 2.059e-30 -1.44644e-30)
(1.76905e-150 2.50455e-30 -1.75299e-30)
(3.95157e-143 3.04395e-30 -2.12387e-30)
(2.36677e-136 3.69654e-30 -2.57307e-30)
(1.08214e-129 4.48562e-30 -3.11828e-30)
(4.30525e-123 5.43931e-30 -3.78242e-30)
(1.55611e-116 6.59164e-30 -4.59574e-30)
(5.20558e-110 7.98391e-30 -5.59904e-30)
(1.62586e-103 9.6664e-30 -6.84837e-30)
(4.75955e-97 1.17006e-29 -8.42256e-30)
(1.30734e-90 1.41624e-29 -1.04354e-29)
(3.36663e-84 1.71487e-29 -1.30569e-29)
(8.10973e-78 2.07913e-29 -1.65548e-29)
(1.82089e-71 2.52964e-29 -2.13913e-29)
(3.79264e-65 3.10461e-29 -2.85052e-29)
(7.28289e-59 3.8807e-29 -4.02896e-29)
(1.27936e-52 4.96136e-29 -6.42753e-29)
(2.03595e-46 5.77461e-29 -1.25692e-28)
(2.8991e-40 -5.10759e-29 -1.81835e-28)
(1.8231e-286 5.59386e-32 -4.11399e-33)
(9.23204e-280 5.84476e-32 -1.30278e-32)
(4.61652e-273 6.39098e-32 -2.30356e-32)
(2.27868e-266 7.25687e-32 -3.41414e-32)
(1.10971e-259 8.48442e-32 -4.68809e-32)
(5.32964e-253 1.01314e-31 -6.17806e-32)
(2.52309e-246 1.22722e-31 -7.94126e-32)
(1.17677e-239 1.49999e-31 -1.00416e-31)
(5.40423e-233 1.84284e-31 -1.25525e-31)
(2.44237e-226 2.26957e-31 -1.55605e-31)
(1.08557e-219 2.79688e-31 -1.91696e-31)
(4.74225e-213 3.44496e-31 -2.35068e-31)
(2.03467e-206 4.23828e-31 -2.87274e-31)
(8.56761e-200 5.20654e-31 -3.50225e-31)
(3.53786e-193 6.38588e-31 -4.26254e-31)
(1.43142e-186 7.82027e-31 -5.18201e-31)
(5.66946e-180 9.56319e-31 -6.29495e-31)
(2.19605e-173 1.16795e-30 -7.64261e-31)
(8.31018e-167 1.42479e-30 -9.27444e-31)
(3.06869e-160 1.73631e-30 -1.12497e-30)
(1.10442e-153 2.11396e-30 -1.36398e-30)
(3.86883e-147 2.57151e-30 -1.65312e-30)
(1.3172e-140 3.12553e-30 -2.003e-30)
(4.3518e-134 3.79595e-30 -2.42686e-30)
(1.39275e-127 4.60686e-30 -2.9415e-30)
(4.30959e-121 5.58744e-30 -3.56872e-30)
(1.2866e-114 6.77316e-30 -4.33742e-30)
(3.69728e-108 8.20744e-30 -5.28666e-30)
(1.02005e-101 9.9437e-30 -6.47035e-30)
(2.69397e-95 1.20483e-29 -7.9645e-30)
(6.78849e-89 1.46053e-29 -9.87891e-30)
(1.62608e-82 1.77249e-29 -1.23771e-29)
(3.68674e-76 2.15643e-29 -1.57139e-29)
(7.87304e-70 2.63825e-29 -2.03206e-29)
(1.57452e-63 3.2696e-29 -2.70608e-29)
(2.92901e-57 4.17047e-29 -3.81883e-29)
(5.02744e-51 5.61778e-29 -6.1635e-29)
(7.88414e-45 7.83633e-29 -1.36513e-28)
(1.11594e-38 2.58319e-29 -6.03725e-28)
(-4.41784e-286 5.7295e-32 -3.85994e-33)
(-2.24e-279 5.98661e-32 -1.22206e-32)
(-1.1218e-272 6.5462e-32 -2.16057e-32)
(-5.54668e-266 7.43324e-32 -3.20215e-32)
(-2.70651e-259 8.69076e-32 -4.39702e-32)
(-1.3027e-252 1.03779e-31 -5.79451e-32)
(-6.18203e-246 1.2571e-31 -7.44827e-32)
(-2.89097e-239 1.53654e-31 -9.41823e-32)
(-1.33151e-232 1.88776e-31 -1.17732e-31)
(-6.03654e-226 2.3249e-31 -1.45944e-31)
(-2.69219e-219 2.86508e-31 -1.79795e-31)
(-1.18036e-212 3.52897e-31 -2.20472e-31)
(-5.08414e-206 4.34163e-31 -2.69437e-31)
(-2.14977e-199 5.3335e-31 -3.28479e-31)
(-8.91652e-193 6.5416e-31 -3.99788e-31)
(-3.62462e-186 8.01099e-31 -4.86027e-31)
(-1.44278e-179 9.79645e-31 -5.90416e-31)
(-5.61805e-173 1.19645e-30 -7.16823e-31)
(-2.13779e-166 1.45957e-30 -8.6989e-31)
(-7.94053e-160 1.77873e-30 -1.05518e-30)
(-2.87546e-153 2.16567e-30 -1.2794e-30)
(-1.01382e-146 2.63452e-30 -1.55067e-30)
(-3.47525e-140 3.20229e-30 -1.87899e-30)
(-1.15637e-133 3.88952e-30 -2.2768e-30)
(-3.7286e-127 4.72102e-30 -2.75998e-30)
(-1.16281e-120 5.72698e-30 -3.34916e-30)
(-3.50004e-114 6.9443e-30 -4.07174e-30)
(-1.01446e-107 8.4184e-30 -4.96493e-30)
(-2.824e-101 1.02058e-29 -6.08019e-30)
(-7.52847e-95 1.23776e-29 -7.49024e-30)
(-1.91575e-88 1.50254e-29 -9.30007e-30)
(-4.63607e-82 1.82724e-29 -1.16651e-29)
(-1.06241e-75 2.22986e-29 -1.48233e-29)
(-2.29426e-69 2.74098e-29 -1.9165e-29)
(-4.6421e-63 3.42398e-29 -2.54408e-29)
(-8.74139e-57 4.4386e-29 -3.55932e-29)
(-1.51963e-50 6.24367e-29 -5.69436e-29)
(-2.41503e-44 1.01959e-28 -1.31764e-28)
(-3.46614e-38 1.8119e-28 -5.63394e-28)
(8.21718e-287 5.85627e-32 -3.59987e-33)
(4.15459e-280 6.1192e-32 -1.13945e-32)
(2.07582e-273 6.69131e-32 -2.01423e-32)
(1.02456e-266 7.59812e-32 -2.98522e-32)
(4.99325e-260 8.88367e-32 -4.09916e-32)
(2.40179e-253 1.06084e-31 -5.40201e-32)
(1.13969e-246 1.28505e-31 -6.94377e-32)
(5.33237e-240 1.57071e-31 -8.7803e-32)
(2.45869e-233 1.92976e-31 -1.09758e-31)
(1.11658e-226 2.37665e-31 -1.36059e-31)
(4.99132e-220 2.92886e-31 -1.67615e-31)
(2.19485e-213 3.60754e-31 -2.05537e-31)
(9.48763e-207 4.4383e-31 -2.51184e-31)
(4.02863e-200 5.45225e-31 -3.06226e-31)
(1.67904e-193 6.68725e-31 -3.72705e-31)
(6.8629e-187 8.18936e-31 -4.53104e-31)
(2.74854e-180 1.00146e-30 -5.50424e-31)
(1.07752e-173 1.2231e-30 -6.68276e-31)
(4.13067e-167 1.4921e-30 -8.10988e-31)
(1.54667e-160 1.81841e-30 -9.83753e-31)
(5.6497e-154 2.21404e-30 -1.19283e-30)
(2.01061e-147 2.69347e-30 -1.4458e-30)
(6.96104e-141 3.27413e-30 -1.75201e-30)
(2.34088e-134 3.97709e-30 -2.12311e-30)
(7.63296e-128 4.82791e-30 -2.574e-30)
(2.40872e-121 5.8577e-30 -3.12406e-30)
(7.34086e-115 7.10472e-30 -3.79913e-30)
(2.15558e-108 8.61635e-30 -4.63436e-30)
(6.08285e-102 1.0452e-29 -5.67851e-30)
(1.6448e-95 1.26874e-29 -7.00058e-30)
(4.24776e-89 1.54213e-29 -8.69995e-30)
(1.04383e-82 1.87887e-29 -1.09225e-29)
(2.43035e-76 2.299e-29 -1.38864e-29)
(5.33516e-70 2.83693e-29 -1.79323e-29)
(1.09794e-63 3.56528e-29 -2.36656e-29)
(2.10391e-57 4.6753e-29 -3.2549e-29)
(3.72378e-51 6.78397e-29 -5.01204e-29)
(6.02816e-45 1.2396e-28 -1.12762e-28)
(8.8172e-39 3.34111e-28 -5.55123e-28)
(-2.00951e-287 5.97398e-32 -3.33419e-33)
(-9.33673e-281 6.24233e-32 -1.05507e-32)
(-4.24915e-274 6.82608e-32 -1.86478e-32)
(-1.89006e-267 7.75127e-32 -2.76368e-32)
(-8.1941e-261 9.06286e-32 -3.79496e-32)
(-3.44939e-254 1.08226e-31 -5.00115e-32)
(-1.40245e-247 1.311e-31 -6.42853e-32)
(-5.46339e-241 1.60246e-31 -8.1288e-32)
(-2.01274e-234 1.96878e-31 -1.01614e-31)
(-6.84601e-228 2.42473e-31 -1.25962e-31)
(-2.03891e-221 2.98813e-31 -1.55177e-31)
(-4.50257e-215 3.68054e-31 -1.90284e-31)
(-3.32079e-210 4.52811e-31 -2.32543e-31)
(7.89678e-202 5.56258e-31 -2.835e-31)
(6.59851e-195 6.82257e-31 -3.45046e-31)
(4.02864e-188 8.3551e-31 -4.1948e-31)
(2.13752e-181 1.02173e-30 -5.09582e-31)
(1.0394e-174 1.24787e-30 -6.18695e-31)
(4.73971e-168 1.52233e-30 -7.50828e-31)
(2.05056e-161 1.85529e-30 -9.10794e-31)
(8.4707e-155 2.259e-30 -1.10439e-30)
(3.3531e-148 2.74826e-30 -1.33866e-30)
(1.27433e-141 3.34091e-30 -1.62226e-30)
(4.65341e-135 4.05853e-30 -1.96604e-30)
(1.6328e-128 4.92733e-30 -2.38386e-30)
(5.50201e-122 5.97935e-30 -2.89379e-30)
(1.77859e-115 7.25411e-30 -3.52001e-30)
(5.50733e-109 8.80084e-30 -4.29547e-30)
(1.63036e-102 1.06818e-29 -5.26598e-30)
(4.60335e-96 1.29769e-29 -6.49638e-30)
(1.2362e-89 1.57917e-29 -8.0798e-30)
(3.14683e-83 1.92718e-29 -1.01513e-29)
(7.56348e-77 2.36348e-29 -1.29072e-29)
(1.70852e-70 2.92537e-29 -1.66324e-29)
(3.60735e-64 3.69149e-29 -2.17641e-29)
(7.07261e-58 4.87224e-29 -2.91558e-29)
(1.27752e-51 7.18443e-29 -4.15022e-29)
(2.1055e-45 1.39793e-28 -7.85103e-29)
(3.12832e-39 5.1487e-28 -6.14055e-28)
(-4.0334e-291 6.08243e-32 -3.06327e-33)
(-1.86529e-284 6.35581e-32 -9.6904e-33)
(-8.45833e-278 6.9503e-32 -1.71244e-32)
(-3.75433e-271 7.89244e-32 -2.53787e-32)
(-1.6276e-264 9.22804e-32 -3.4849e-32)
(-6.8726e-258 1.102e-31 -4.59257e-32)
(-2.81596e-251 1.33494e-31 -5.90336e-32)
(-1.11374e-244 1.63173e-31 -7.46473e-32)
(-4.21883e-238 2.00477e-31 -9.33123e-32)
(-1.51128e-231 2.46907e-31 -1.15672e-31)
(-5.00321e-225 3.04278e-31 -1.42499e-31)
(-1.45617e-218 3.74787e-31 -1.74737e-31)
(-3.20281e-212 4.61094e-31 -2.13543e-31)
(-1.03213e-206 5.66434e-31 -2.60336e-31)
(4.56027e-199 6.94738e-31 -3.16854e-31)
(3.79715e-192 8.50796e-31 -3.85208e-31)
(2.25017e-185 1.04043e-30 -4.67952e-31)
(1.14977e-178 1.27071e-30 -5.68156e-31)
(5.36037e-172 1.55022e-30 -6.89505e-31)
(2.33541e-165 1.8893e-30 -8.3642e-31)
(9.6225e-159 2.30047e-30 -1.01423e-30)
(3.77339e-152 2.7988e-30 -1.22942e-30)
(1.41309e-145 3.40252e-30 -1.48995e-30)
(5.06178e-139 4.13368e-30 -1.80583e-30)
(1.73504e-132 5.01911e-30 -2.18984e-30)
(5.68829e-126 6.0917e-30 -2.65871e-30)
(1.78156e-119 7.39215e-30 -3.23483e-30)
(5.3206e-113 8.97147e-30 -3.94883e-30)
(1.51135e-106 1.08945e-29 -4.84331e-30)
(4.07009e-100 1.32452e-29 -5.97859e-30)
(1.0349e-93 1.61353e-29 -7.44096e-30)
(2.47171e-87 1.97198e-29 -9.35386e-30)
(5.50826e-81 2.42299e-29 -1.18901e-29)
(1.13537e-74 3.00574e-29 -1.52763e-29)
(2.1384e-68 3.80127e-29 -1.97718e-29)
(3.61431e-62 5.02409e-29 -2.55631e-29)
(5.31955e-56 7.40582e-29 -3.19064e-29)
(6.41567e-50 1.43341e-28 -2.41522e-29)
(5.31122e-44 5.1145e-28 5.04167e-28)
(-2.71654e-293 6.18147e-32 -2.78753e-33)
(-1.22985e-286 6.45948e-32 -8.81503e-33)
(-5.48169e-280 7.0638e-32 -1.55745e-32)
(-2.40403e-273 8.02143e-32 -2.30813e-32)
(-1.03671e-266 9.37897e-32 -3.16945e-32)
(-4.39309e-260 1.12004e-31 -4.17689e-32)
(-1.82796e-253 1.35681e-31 -5.36906e-32)
(-7.46288e-247 1.65849e-31 -6.78913e-32)
(-2.98695e-240 2.03766e-31 -8.48669e-32)
(-1.17095e-233 2.5096e-31 -1.05202e-31)
(-4.49165e-227 3.09274e-31 -1.29601e-31)
(-1.6841e-220 3.80941e-31 -1.5892e-31)
(-6.16467e-214 4.68667e-31 -1.94213e-31)
(-2.20022e-207 5.75736e-31 -2.36771e-31)
(-7.64546e-201 7.06147e-31 -2.88173e-31)
(-2.58233e-194 8.64769e-31 -3.50342e-31)
(-8.46209e-188 1.05752e-30 -4.25598e-31)
(-2.68451e-181 1.2916e-30 -5.16737e-31)
(-8.22372e-175 1.57571e-30 -6.27111e-31)
(-2.42525e-168 1.9204e-30 -7.60744e-31)
(-6.85926e-162 2.33839e-30 -9.22489e-31)
(-1.85143e-155 2.84503e-30 -1.11825e-30)
(-4.73788e-149 3.45888e-30 -1.35528e-30)
(-1.13864e-142 4.20243e-30 -1.64273e-30)
(-2.53199e-136 5.10309e-30 -1.99225e-30)
(-5.07425e-130 6.19454e-30 -2.41918e-30)
(-8.65868e-124 7.51859e-30 -2.94406e-30)
(-1.05352e-117 9.12786e-30 -3.595e-30)
(4.41717e-113 1.10896e-29 -4.41124e-30)
(5.66922e-105 1.34916e-29 -5.44822e-30)
(2.35591e-98 1.6451e-29 -6.78488e-30)
(6.92617e-92 2.01309e-29 -8.53242e-30)
(1.68565e-85 2.47729e-29 -1.08397e-29)
(3.5382e-79 3.07771e-29 -1.38758e-29)
(6.45195e-73 3.89413e-29 -1.77274e-29)
(1.0098e-66 5.12974e-29 -2.19468e-29)
(1.31091e-60 7.44555e-29 -2.28822e-29)
(1.30491e-54 1.34943e-28 8.97374e-30)
(7.92734e-49 3.33727e-28 4.05533e-28)
(-3.64557e-293 6.27092e-32 -2.50735e-33)
(-1.65006e-286 6.55317e-32 -7.92585e-33)
(-7.35327e-280 7.16639e-32 -1.40005e-32)
(-3.22443e-273 8.13803e-32 -2.07483e-32)
(-1.39044e-266 9.51542e-32 -2.84911e-32)
(-5.89245e-260 1.13635e-31 -3.75475e-32)
(-2.45235e-253 1.37658e-31 -4.82646e-32)
(-1.00159e-246 1.68268e-31 -6.10302e-32)
(-4.01128e-240 2.06741e-31 -7.62902e-32)
(-1.57394e-233 2.54625e-31 -9.45701e-32)
(-6.04532e-227 3.13793e-31 -1.16503e-31)
(-2.27067e-220 3.86508e-31 -1.42858e-31)
(-8.33187e-214 4.75516e-31 -1.74584e-31)
(-2.9833e-207 5.8415e-31 -2.1284e-31)
(-1.0411e-200 7.16467e-31 -2.59048e-31)
(-3.53637e-194 8.77408e-31 -3.14933e-31)
(-1.16755e-187 1.07298e-30 -3.82586e-31)
(-3.74088e-181 1.31049e-30 -4.64518e-31)
(-1.16122e-174 1.59877e-30 -5.63744e-31)
(-3.48566e-168 1.94853e-30 -6.83885e-31)
(-1.00971e-161 2.37269e-30 -8.29306e-31)
(-2.81624e-155 2.88685e-30 -1.00532e-30)
(-7.544e-149 3.50987e-30 -1.21847e-30)
(-1.9354e-142 4.26465e-30 -1.47699e-30)
(-4.74027e-136 5.17912e-30 -1.79142e-30)
(-1.10443e-129 6.28767e-30 -2.17561e-30)
(-2.43784e-123 7.63314e-30 -2.64817e-30)
(-5.07412e-117 9.26965e-30 -3.23462e-30)
(-9.90465e-111 1.12667e-29 -3.97056e-30)
(-1.80162e-104 1.37153e-29 -4.90632e-30)
(-3.03062e-98 1.67378e-29 -6.11309e-30)
(-4.67156e-92 2.05039e-29 -7.68948e-30)
(-6.52473e-86 2.52621e-29 -9.76082e-30)
(-8.14125e-80 3.14115e-29 -1.24426e-29)
(-8.91091e-74 3.97037e-29 -1.56678e-29)
(-8.34943e-68 5.19231e-29 -1.84602e-29)
(-6.47181e-62 7.33615e-29 -1.51773e-29)
(-3.9422e-56 1.21021e-28 2.7702e-29)
(-1.73449e-50 2.11169e-28 3.12652e-28)
(-6.84395e-293 6.35066e-32 -2.22314e-33)
(-3.09929e-286 6.63674e-32 -7.0242e-33)
(-1.38184e-279 7.25792e-32 -1.24048e-32)
(-6.06228e-273 8.24207e-32 -1.83833e-32)
(-2.61536e-266 9.63718e-32 -2.52437e-32)
(-1.10882e-259 1.1509e-31 -3.32681e-32)
(-4.61653e-253 1.39423e-31 -4.27639e-32)
(-1.88614e-246 1.70428e-31 -5.40747e-32)
(-7.556e-240 2.09397e-31 -6.75955e-32)
(-2.96549e-233 2.57898e-31 -8.37918e-32)
(-1.13918e-226 3.17828e-31 -1.03224e-31)
(-4.27908e-220 3.91479e-31 -1.26576e-31)
(-1.57005e-213 4.81631e-31 -1.54685e-31)
(-5.62064e-207 5.91662e-31 -1.88581e-31)
(-1.96078e-200 7.25682e-31 -2.29522e-31)
(-6.65675e-194 8.88694e-31 -2.79039e-31)
(-2.19608e-187 1.08679e-30 -3.38982e-31)
(-7.02905e-181 1.32736e-30 -4.11579e-31)
(-2.17895e-174 1.61936e-30 -4.99502e-31)
(-6.52922e-168 1.97365e-30 -6.05961e-31)
(-1.88719e-161 2.40333e-30 -7.34825e-31)
(-5.24913e-155 2.92421e-30 -8.90809e-31)
(-1.40129e-148 3.55543e-30 -1.07972e-30)
(-3.57975e-142 4.32025e-30 -1.30888e-30)
(-8.72187e-136 5.24706e-30 -1.58765e-30)
(-2.01905e-129 6.37092e-30 -1.92838e-30)
(-4.42153e-123 7.73559e-30 -2.34766e-30)
(-9.11368e-117 9.39652e-30 -2.86829e-30)
(-1.75772e-110 1.14252e-29 -3.5221e-30)
(-3.15002e-104 1.39158e-29 -4.354e-30)
(-5.20171e-98 1.69948e-29 -5.42718e-30)
(-7.83451e-92 2.08374e-29 -6.82755e-30)
(-1.06259e-85 2.56964e-29 -8.65814e-30)
(-1.27667e-79 3.19613e-29 -1.09875e-29)
(-1.32893e-73 4.03104e-29 -1.36251e-29)
(-1.16001e-67 5.21812e-29 -1.52152e-29)
(-8.02401e-62 7.12202e-29 -9.06263e-30)
(-3.83649e-56 1.05413e-28 3.65351e-29)
(-5.72093e-51 1.28274e-28 2.49739e-28)
(4.82197e-295 6.42055e-32 -1.93529e-33)
(2.18177e-288 6.71008e-32 -6.11143e-33)
(9.71928e-282 7.33826e-32 -1.07899e-32)
(4.26039e-275 8.33338e-32 -1.59898e-32)
(1.8365e-268 9.74406e-32 -2.19572e-32)
(7.77986e-262 1.16368e-31 -2.89372e-32)
(3.23665e-255 1.40973e-31 -3.7197e-32)
(1.32142e-248 1.72325e-31 -4.70355e-32)
(5.29017e-242 2.11729e-31 -5.87962e-32)
(2.07498e-235 2.60773e-31 -7.2884e-32)
(7.96683e-229 3.21372e-31 -8.97864e-32)
(2.99134e-222 3.95845e-31 -1.10098e-31)
(1.09725e-215 4.87004e-31 -1.34547e-31)
(3.92755e-209 5.98263e-31 -1.6403e-31)
(1.37022e-202 7.33778e-31 -1.99641e-31)
(4.65313e-196 8.98609e-31 -2.42712e-31)
(1.53594e-189 1.09892e-30 -2.94854e-31)
(4.92048e-183 1.34218e-30 -3.58003e-31)
(1.52727e-176 1.63746e-30 -4.34485e-31)
(4.58457e-170 1.99573e-30 -5.27092e-31)
(1.32824e-163 2.43025e-30 -6.39196e-31)
(3.70574e-157 2.95703e-30 -7.74897e-31)
(9.93154e-151 3.59547e-30 -9.39263e-31)
(2.54974e-144 4.36911e-30 -1.13866e-30)
(6.25118e-138 5.30679e-30 -1.38128e-30)
(1.45844e-131 6.44413e-30 -1.6779e-30)
(3.22506e-125 7.82571e-30 -2.04305e-30)
(6.72851e-119 9.50818e-30 -2.49669e-30)
(1.31743e-112 1.15649e-29 -3.06671e-30)
(2.4058e-106 1.40924e-29 -3.79241e-30)
(4.06737e-100 1.72211e-29 -4.72877e-30)
(6.31006e-94 2.11306e-29 -5.94915e-30)
(8.88558e-88 2.60753e-29 -7.53604e-30)
(1.12031e-81 3.24289e-29 -9.51983e-30)
(1.24265e-75 4.07775e-29 -1.16238e-29)
(1.18455e-69 5.21538e-29 -1.22783e-29)
(9.39632e-64 6.84737e-29 -4.53095e-30)
(5.92542e-58 9.02701e-29 3.91127e-29)
(2.78745e-52 7.30174e-29 1.89418e-28)
(-1.74112e-295 6.48047e-32 -1.64418e-33)
(-7.87551e-289 6.77308e-32 -5.18888e-33)
(-3.50712e-282 7.40729e-32 -9.15823e-33)
(-1.5367e-275 8.41184e-32 -1.35717e-32)
(-6.62109e-269 9.83589e-32 -1.86368e-32)
(-2.80338e-262 1.17466e-31 -2.45615e-32)
(-1.16558e-255 1.42306e-31 -3.15726e-32)
(-4.75544e-249 1.73955e-31 -3.99235e-32)
(-1.90229e-242 2.13735e-31 -4.99058e-32)
(-7.45469e-236 2.63245e-31 -6.18633e-32)
(-2.85927e-229 3.2442e-31 -7.62097e-32)
(-1.07232e-222 3.99601e-31 -9.34494e-32)
(-3.92809e-216 4.91625e-31 -1.14202e-31)
(-1.40388e-209 6.0394e-31 -1.39226e-31)
(-4.88917e-203 7.40741e-31 -1.69452e-31)
(-1.65697e-196 9.07138e-31 -2.06011e-31)
(-5.45683e-190 1.10935e-30 -2.50269e-31)
(-1.7435e-183 1.35492e-30 -3.03871e-31)
(-5.39516e-177 1.65302e-30 -3.68792e-31)
(-1.61384e-170 2.01472e-30 -4.47402e-31)
(-4.65666e-164 2.45341e-30 -5.42565e-31)
(-1.29311e-157 2.98528e-30 -6.57765e-31)
(-3.44677e-151 3.62992e-30 -7.97309e-31)
(-8.79317e-145 4.41117e-30 -9.66612e-31)
(-2.13998e-138 5.35821e-30 -1.17265e-30)
(-4.94984e-132 6.50717e-30 -1.4246e-30)
(-1.08355e-125 7.90332e-30 -1.73485e-30)
(-2.23383e-119 9.60437e-30 -2.12047e-30)
(-4.31247e-113 1.16852e-29 -2.60526e-30)
(-7.74386e-107 1.42447e-29 -3.22274e-30)
(-1.28311e-100 1.74163e-29 -4.01953e-30)
(-1.94278e-94 2.13829e-29 -5.05672e-30)
(-2.65588e-88 2.63987e-29 -6.3985e-30)
(-3.22851e-82 3.28178e-29 -8.04706e-30)
(-3.42104e-76 4.11247e-29 -9.68007e-30)
(-3.07571e-70 5.19295e-29 -9.67597e-30)
(-2.25722e-64 6.55085e-29 -1.43936e-30)
(-1.27401e-58 7.66989e-29 3.74437e-29)
(-4.98958e-53 3.36767e-29 1.40749e-28)
(-8.83313e-294 6.53032e-32 -1.35018e-33)
(-3.99927e-287 6.82565e-32 -4.2579e-33)
(-1.78284e-280 7.4649e-32 -7.51236e-33)
(-7.82097e-274 8.47733e-32 -1.11326e-32)
(-3.37413e-267 9.91255e-32 -1.52876e-32)
(-1.43066e-260 1.18383e-31 -2.01479e-32)
(-5.95778e-254 1.43418e-31 -2.58992e-32)
(-2.43496e-247 1.75317e-31 -3.27496e-32)
(-9.75927e-241 2.15411e-31 -4.09382e-32)
(-3.83267e-234 2.65311e-31 -5.07469e-32)
(-1.47353e-227 3.26968e-31 -6.25151e-32)
(-5.54079e-221 4.02741e-31 -7.66567e-32)
(-2.03562e-214 4.95488e-31 -9.36795e-32)
(-7.2988e-208 6.08686e-31 -1.14207e-31)
(-2.55105e-201 7.46562e-31 -1.39002e-31)
(-8.68037e-195 9.14267e-31 -1.68991e-31)
(-2.87143e-188 1.11807e-30 -2.05297e-31)
(-9.2201e-182 1.36558e-30 -2.49268e-31)
(-2.86897e-175 1.66603e-30 -3.02525e-31)
(-8.63517e-169 2.0306e-30 -3.67014e-31)
(-2.50898e-162 2.47278e-30 -4.45084e-31)
(-7.02156e-156 3.0089e-30 -5.39596e-31)
(-1.88802e-149 3.65873e-30 -6.54085e-31)
(-4.86421e-143 4.44634e-30 -7.93004e-31)
(-1.19702e-136 5.40122e-30 -9.62083e-31)
(-2.80382e-130 6.55989e-30 -1.16888e-30)
(-6.22616e-124 7.96825e-30 -1.42361e-30)
(-1.30473e-117 9.68487e-30 -1.74032e-30)
(-2.56649e-111 1.17859e-29 -2.13865e-30)
(-4.7096e-105 1.43722e-29 -2.6462e-30)
(-8.00314e-99 1.75796e-29 -3.30113e-30)
(-1.24835e-92 2.15935e-29 -4.15266e-30)
(-1.76827e-86 2.66668e-29 -5.24905e-30)
(-2.24435e-80 3.31323e-29 -6.57461e-30)
(-2.50929e-74 4.13731e-29 -7.80144e-30)
(-2.41623e-68 5.15952e-29 -7.40154e-30)
(-1.94162e-62 6.26388e-29 4.22923e-31)
(-1.24072e-56 6.53047e-29 3.27462e-29)
(-5.78122e-51 8.34707e-30 1.09288e-28)
(2.61257e-294 6.57e-32 -1.05363e-33)
(1.15174e-287 6.86772e-32 -3.31983e-33)
(4.99538e-281 7.51101e-32 -5.85486e-33)
(2.13028e-274 8.52973e-32 -8.67638e-33)
(8.92638e-268 9.9739e-32 -1.19149e-32)
(3.67264e-261 1.19117e-31 -1.5703e-32)
(1.48259e-254 1.44309e-31 -2.01857e-32)
(5.86753e-248 1.76409e-31 -2.55249e-32)
(2.27464e-241 2.16754e-31 -3.19071e-32)
(8.62967e-235 2.66968e-31 -3.95519e-32)
(3.20092e-228 3.29012e-31 -4.87238e-32)
(1.15956e-221 4.05259e-31 -5.97454e-32)
(4.09788e-215 4.98587e-31 -7.30126e-32)
(1.41102e-208 6.12492e-31 -8.90113e-32)
(4.72755e-202 7.51231e-31 -1.08336e-31)
(1.539e-195 9.19985e-31 -1.3171e-31)
(4.86016e-189 1.12506e-30 -1.60006e-31)
(1.48635e-182 1.37413e-30 -1.94278e-31)
(4.39361e-176 1.67647e-30 -2.35788e-31)
(1.25269e-169 2.04333e-30 -2.86053e-31)
(3.43694e-163 2.48832e-30 -3.46905e-31)
(9.05085e-157 3.02785e-30 -4.20574e-31)
(2.28106e-150 3.68185e-30 -5.0982e-31)
(5.48399e-144 4.47457e-30 -6.18115e-31)
(1.25305e-137 5.43573e-30 -7.49936e-31)
(2.70971e-131 6.60221e-30 -9.1119e-31)
(5.51888e-125 8.02038e-30 -1.10986e-30)
(1.0527e-118 9.7495e-30 -1.35694e-30)
(1.86813e-112 1.18668e-29 -1.6678e-30)
(3.06002e-106 1.44745e-29 -2.06401e-30)
(4.58255e-100 1.77106e-29 -2.57526e-30)
(6.20068e-94 2.17623e-29 -3.23927e-30)
(7.46895e-88 2.68802e-29 -4.09073e-30)
(7.8555e-82 3.33771e-29 -5.1058e-30)
(7.02813e-76 4.15432e-29 -5.98749e-30)
(5.15346e-70 5.12289e-29 -5.42283e-30)
(2.92422e-64 6.01034e-29 1.30252e-30)
(1.16e-58 5.63026e-29 2.65853e-29)
(2.52479e-53 -7.43292e-30 7.66827e-29)
(1.21323e-290 6.59944e-32 -7.54849e-34)
(5.40435e-284 6.89925e-32 -2.37599e-33)
(2.36874e-277 7.54555e-32 -4.18833e-33)
(1.02093e-270 8.56899e-32 -6.20681e-33)
(4.32408e-264 1.00199e-31 -8.52369e-33)
(1.79849e-257 1.19667e-31 -1.12338e-32)
(7.34031e-251 1.44978e-31 -1.44408e-32)
(2.93743e-244 1.77228e-31 -1.82606e-32)
(1.15159e-237 2.17763e-31 -2.28264e-32)
(4.41887e-231 2.68213e-31 -2.82954e-32)
(1.65799e-224 3.30548e-31 -3.48569e-32)
(6.07646e-218 4.07152e-31 -4.27417e-32)
(2.17283e-211 5.00916e-31 -5.22328e-32)
(7.57137e-205 6.15354e-31 -6.36781e-32)
(2.56754e-198 7.54741e-31 -7.7503e-32)
(8.46112e-192 9.24284e-31 -9.42246e-32)
(2.70532e-185 1.13032e-30 -1.14468e-31)
(8.378e-179 1.38055e-30 -1.38987e-31)
(2.50824e-172 1.68432e-30 -1.68684e-31)
(7.24432e-166 2.05291e-30 -2.04645e-31)
(2.01382e-159 2.5e-30 -2.48181e-31)
(5.37423e-153 3.04211e-30 -3.00888e-31)
(1.37289e-146 3.69925e-30 -3.64741e-31)
(3.34635e-140 4.49581e-30 -4.42228e-31)
(7.75403e-134 5.4617e-30 -5.36554e-31)
(1.70093e-127 6.63405e-30 -6.51954e-31)
(3.51525e-121 8.05958e-30 -7.94152e-31)
(6.80628e-115 9.79809e-30 -9.71039e-31)
(1.22658e-108 1.19276e-29 -1.19364e-30)
(2.04142e-102 1.45515e-29 -1.47742e-30)
(3.10837e-96 1.78091e-29 -1.84358e-30)
(4.28049e-90 2.18889e-29 -2.31876e-30)
(5.25473e-84 2.70394e-29 -2.92609e-30)
(5.64499e-78 3.35563e-29 -3.64201e-30)
(5.17857e-72 4.16534e-29 -4.23108e-30)
(3.92311e-66 5.08957e-29 -3.68948e-30)
(2.33936e-60 5.80739e-29 1.43767e-30)
(1.02219e-54 4.97042e-29 1.92388e-29)
(2.94662e-49 -1.59996e-29 5.5823e-29)
(2.5586e-294 6.61864e-32 -4.54114e-34)
(1.1296e-287 6.9203e-32 -1.42771e-33)
(4.90632e-281 7.56855e-32 -2.51539e-33)
(2.09517e-274 8.59508e-32 -3.72775e-33)
(8.79088e-268 1.00504e-31 -5.11937e-33)
(3.6215e-261 1.20033e-31 -6.74723e-33)
(1.46373e-254 1.45422e-31 -8.67351e-33)
(5.79971e-248 1.77774e-31 -1.09678e-32)
(2.25087e-241 2.18436e-31 -1.37102e-32)
(8.54866e-235 2.69044e-31 -1.6995e-32)
(3.1741e-228 3.31573e-31 -2.0936e-32)
(1.15096e-221 4.08417e-31 -2.56717e-32)
(4.07118e-215 5.02473e-31 -3.13722e-32)
(1.40303e-208 6.17266e-31 -3.82465e-32)
(4.70459e-202 7.57086e-31 -4.655e-32)
(1.53268e-195 9.27157e-31 -5.65935e-32)
(4.84361e-189 1.13384e-30 -6.87525e-32)
(1.48225e-182 1.38485e-30 -8.34792e-32)
(4.38415e-176 1.68956e-30 -1.01316e-31)
(1.25068e-169 2.05932e-30 -1.22916e-31)
(3.43318e-163 2.50782e-30 -1.49066e-31)
(9.04513e-157 3.05164e-30 -1.80725e-31)
(2.28057e-150 3.71088e-30 -2.1908e-31)
(5.48492e-144 4.51001e-30 -2.65625e-31)
(1.2537e-137 5.47907e-30 -3.22288e-31)
(2.71197e-131 6.65533e-30 -3.91614e-31)
(5.5251e-125 8.08577e-30 -4.77048e-31)
(1.05418e-118 9.83055e-30 -5.83339e-31)
(1.87124e-112 1.19682e-29 -7.17124e-31)
(3.06593e-106 1.46028e-29 -8.87696e-31)
(4.59269e-100 1.78748e-29 -1.10778e-30)
(6.21634e-94 2.19731e-29 -1.39322e-30)
(7.49058e-88 2.71449e-29 -1.75725e-30)
(7.88189e-82 3.36735e-29 -2.18301e-30)
(7.0561e-76 4.17185e-29 -2.51962e-30)
(5.17846e-70 5.06457e-29 -2.13873e-30)
(2.94225e-64 5.66644e-29 1.06423e-30)
(1.16963e-58 4.54049e-29 1.17705e-29)
(2.55525e-53 -1.91893e-29 3.10566e-29)
(2.72123e-298 6.62722e-32 -1.51682e-34)
(1.19091e-291 6.93017e-32 -4.76407e-34)
(5.1266e-285 7.57932e-32 -8.38992e-34)
(2.16944e-278 8.60734e-32 -1.24341e-33)
(9.01872e-272 1.00648e-31 -1.70763e-33)
(3.68056e-265 1.20207e-31 -2.25066e-33)
(1.47343e-258 1.45636e-31 -2.89325e-33)
(5.78151e-252 1.78038e-31 -3.6586e-33)
(2.22166e-245 2.18764e-31 -4.57342e-33)
(8.35292e-239 2.69451e-31 -5.6692e-33)
(3.0697e-232 3.32079e-31 -6.98383e-33)
(1.10152e-225 4.09043e-31 -8.56355e-33)
(3.855e-219 5.03247e-31 -1.04651e-32)
(1.31419e-212 6.1822e-31 -1.27582e-32)
(4.35828e-206 7.58258e-31 -1.5528e-32)
(1.40397e-199 9.28593e-31 -1.88782e-32)
(4.38631e-193 1.1356e-30 -2.29343e-32)
(1.32673e-186 1.387e-30 -2.78469e-32)
(3.87777e-180 1.6922e-30 -3.37972e-32)
(1.09291e-173 2.06254e-30 -4.10027e-32)
(2.96327e-167 2.51175e-30 -4.97261e-32)
(7.70947e-161 3.05645e-30 -6.02874e-32)
(1.91903e-154 3.71675e-30 -7.30822e-32)
(4.55536e-148 4.51718e-30 -8.86094e-32)
(1.02741e-141 5.48783e-30 -1.07512e-31)
(2.19233e-135 6.66607e-30 -1.3064e-31)
(4.40454e-129 8.09897e-30 -1.59142e-31)
(8.28447e-123 9.84686e-30 -1.94604e-31)
(1.44913e-116 1.19885e-29 -2.39243e-31)
(2.33869e-110 1.46285e-29 -2.9616e-31)
(3.4489e-104 1.79075e-29 -3.69599e-31)
(4.59258e-98 2.2015e-29 -4.64822e-31)
(5.43935e-92 2.71973e-29 -5.86131e-31)
(5.61812e-86 3.37313e-29 -7.27464e-31)
(4.92642e-80 4.17488e-29 -8.36833e-31)
(3.52826e-74 5.05126e-29 -7.00488e-31)
(1.94207e-68 5.59439e-29 3.8949e-31)
(7.35653e-63 4.32438e-29 4.06868e-30)
(1.46252e-57 -2.32457e-29 8.01283e-30)
(1.93291e-05 5.63429e-22 1.72822e-22)
(6.00071e-06 8.30987e-22 3.96359e-22)
(5.99906e-06 5.31739e-22 2.55885e-22)
(5.9975e-06 2.41724e-22 1.21631e-22)
(-7.33394e-06 -2.24599e-23 -3.42784e-23)
(1.12507e-10 3.32346e-23 -1.42311e-22)
(-3.45493e-11 5.08505e-23 -5.91603e-23)
(9.13403e-12 2.50745e-23 -3.93866e-23)
(-3.45687e-11 9.73384e-24 -1.3957e-23)
(-6.80238e-12 2.27896e-24 -2.12099e-23)
(2.83777e-16 1.84711e-24 -8.07885e-24)
(-2.5784e-16 2.69146e-24 -3.28441e-24)
(9.38928e-18 1.20765e-24 -1.85705e-24)
(-6.99861e-17 5.90103e-25 -1.24758e-24)
(8.18633e-17 2.27009e-25 -1.16242e-24)
(2.64719e-22 9.5982e-26 -4.35812e-25)
(-6.37889e-22 1.38499e-25 -1.71516e-25)
(3.04917e-22 6.36101e-26 -1.04968e-25)
(5.96323e-23 3.39354e-26 -7.47436e-26)
(4.5772e-23 1.28529e-26 -5.71567e-26)
(-2.95045e-28 2.4402e-27 -2.03392e-26)
(-3.59068e-28 2.13322e-27 -8.05695e-27)
(1.06407e-27 -1.65845e-27 -4.76915e-27)
(-2.84187e-28 -3.16922e-27 -2.95877e-27)
(-1.01953e-28 -1.81708e-27 -5.34631e-28)
)
;

boundaryField
{
    fixedWallsLeftTop
    {
        type            noSlip;
    }
    backFaceLeftTop
    {
        type            noSlip;
    }
    frontFaceLeftTop
    {
        type            noSlip;
    }
    symmetryWallLeftTop
    {
        type            zeroGradient;
    }
    topToBottom
    {
        type            noSlip;
    }
    plug
    {
        type            cyclicAMI;
        value           nonuniform List<vector> 
40
(
(-3.39841e-29 -1.73853e-27 1.78466e-27)
(-3.39841e-29 -1.99412e-27 1.76308e-27)
(-3.39842e-29 -1.90615e-27 1.74142e-27)
(-3.39965e-29 1.14928e-26 3.03222e-27)
(-4.96977e-29 -1.12244e-27 1.38435e-27)
(-3.39965e-29 -1.38658e-26 2.81566e-27)
(-3.39842e-29 -8.9159e-28 1.80404e-27)
(-3.39842e-29 -8.01907e-28 1.79244e-27)
(-9.47295e-29 -1.49816e-27 1.24096e-27)
(-9.47295e-29 -1.63095e-27 1.23513e-27)
(-9.47295e-29 -1.88814e-27 1.20666e-27)
(-9.47297e-29 -1.81231e-27 1.19938e-27)
(-9.47645e-29 1.1584e-26 2.43611e-27)
(-1.38529e-28 -1.45262e-27 2.97422e-28)
(-9.47643e-29 -1.38847e-26 2.30602e-27)
(-9.47287e-29 -8.75801e-28 1.25089e-27)
(3.5469e-28 -2.97766e-28 8.31647e-28)
(3.54689e-28 -5.57601e-28 8.49483e-28)
(3.54689e-28 -6.9792e-28 8.47034e-28)
(3.54689e-28 -9.623e-28 8.31777e-28)
(3.5469e-28 -8.92106e-28 8.35953e-28)
(3.54823e-28 1.24572e-26 2.01065e-27)
(5.18687e-28 -5.05876e-28 -5.54397e-28)
(3.54821e-28 -1.3046e-26 1.98342e-27)
(-1.1969e-28 1.25775e-27 -1.95237e-28)
(-1.19689e-28 1.30673e-27 -1.85987e-28)
(-1.19689e-28 1.02837e-27 -1.65524e-28)
(-1.19689e-28 8.72669e-28 -1.58343e-28)
(-1.19689e-28 5.91672e-28 -1.64001e-28)
(-1.19689e-28 6.4721e-28 -1.52614e-28)
(-1.19737e-28 1.37912e-26 9.41464e-28)
(-1.75031e-28 2.28383e-27 -2.27029e-27)
(-9.83841e-29 -1.02561e-26 -3.47116e-27)
(-9.83489e-29 1.39261e-27 -4.51705e-27)
(-9.83487e-29 1.36848e-27 -4.51038e-27)
(-9.83487e-29 1.02951e-27 -4.48904e-27)
(-9.83488e-29 8.10376e-28 -4.48447e-27)
(-9.83488e-29 5.2797e-28 -4.49321e-27)
(-9.83489e-29 4.11145e-28 -4.50185e-27)
(-9.83689e-29 6.71853e-27 -4.038e-27)
)
;
    }
    fixedWallsChannel
    {
        type            noSlip;
    }
    inlet
    {
        type            fixedValue;
        value           uniform (1 0 0);
    }
    outlet
    {
        type            cyclicAMI;
        value           nonuniform List<vector> 5((-3.64495e-29 -1.3451e-27 1.99189e-27) (-1.01601e-28 -1.43307e-27 1.35675e-27) (3.80421e-28 -5.60734e-28 8.99777e-28) (-1.28367e-28 2.70654e-27 -3.65429e-28) (-9.83557e-29 2.50319e-28 -4.31315e-27));
    }
    backFaceInletChannel
    {
        type            noSlip;
    }
    frontFaceInletChannel
    {
        type            noSlip;
    }
}


// ************************************************************************* //
