/*--------------------------------*- C++ -*----------------------------------*\
| =========                 |                                                 |
| \\      /  F ield         | OpenFOAM: The Open Source CFD Toolbox           |
|  \\    /   O peration     | Version:  4.1                                   |
|   \\  /    A nd           | Web:      www.OpenFOAM.org                      |
|    \\/     M anipulation  |                                                 |
\*---------------------------------------------------------------------------*/
FoamFile
{
    version     2.0;
    format      ascii;
    class       faceList;
    location    "constant/polyMesh";
    object      faces;
}
// * * * * * * * * * * * * * * * * * * * * * * * * * * * * * * * * * * * * * //


1640
(
4(65 84 521 502)
4(8 445 521 84)
4(66 85 522 503)
4(84 521 522 85)
4(67 86 523 504)
4(85 522 523 86)
4(68 87 524 505)
4(86 523 524 87)
4(69 88 525 506)
4(87 524 525 88)
4(70 89 526 507)
4(88 525 526 89)
4(71 90 527 508)
4(89 526 527 90)
4(72 91 528 509)
4(90 527 528 91)
4(73 92 529 510)
4(91 528 529 92)
4(74 93 530 511)
4(92 529 530 93)
4(75 94 531 512)
4(93 530 531 94)
4(76 95 532 513)
4(94 531 532 95)
4(77 96 533 514)
4(95 532 533 96)
4(78 97 534 515)
4(96 533 534 97)
4(79 98 535 516)
4(97 534 535 98)
4(80 99 536 517)
4(98 535 536 99)
4(81 100 537 518)
4(99 536 537 100)
4(82 101 538 519)
4(100 537 538 101)
4(83 102 539 520)
4(101 538 539 102)
4(102 539 483 46)
4(84 103 540 521)
4(9 446 540 103)
4(85 104 541 522)
4(103 540 541 104)
4(86 105 542 523)
4(104 541 542 105)
4(87 106 543 524)
4(105 542 543 106)
4(88 107 544 525)
4(106 543 544 107)
4(89 108 545 526)
4(107 544 545 108)
4(90 109 546 527)
4(108 545 546 109)
4(91 110 547 528)
4(109 546 547 110)
4(92 111 548 529)
4(110 547 548 111)
4(93 112 549 530)
4(111 548 549 112)
4(94 113 550 531)
4(112 549 550 113)
4(95 114 551 532)
4(113 550 551 114)
4(96 115 552 533)
4(114 551 552 115)
4(97 116 553 534)
4(115 552 553 116)
4(98 117 554 535)
4(116 553 554 117)
4(99 118 555 536)
4(117 554 555 118)
4(100 119 556 537)
4(118 555 556 119)
4(101 120 557 538)
4(119 556 557 120)
4(102 121 558 539)
4(120 557 558 121)
4(121 558 484 47)
4(103 122 559 540)
4(10 447 559 122)
4(104 123 560 541)
4(122 559 560 123)
4(105 124 561 542)
4(123 560 561 124)
4(106 125 562 543)
4(124 561 562 125)
4(107 126 563 544)
4(125 562 563 126)
4(108 127 564 545)
4(126 563 564 127)
4(109 128 565 546)
4(127 564 565 128)
4(110 129 566 547)
4(128 565 566 129)
4(111 130 567 548)
4(129 566 567 130)
4(112 131 568 549)
4(130 567 568 131)
4(113 132 569 550)
4(131 568 569 132)
4(114 133 570 551)
4(132 569 570 133)
4(115 134 571 552)
4(133 570 571 134)
4(116 135 572 553)
4(134 571 572 135)
4(117 136 573 554)
4(135 572 573 136)
4(118 137 574 555)
4(136 573 574 137)
4(119 138 575 556)
4(137 574 575 138)
4(120 139 576 557)
4(138 575 576 139)
4(121 140 577 558)
4(139 576 577 140)
4(140 577 485 48)
4(122 141 578 559)
4(11 448 578 141)
4(123 142 579 560)
4(141 578 579 142)
4(124 143 580 561)
4(142 579 580 143)
4(125 144 581 562)
4(143 580 581 144)
4(126 145 582 563)
4(144 581 582 145)
4(127 146 583 564)
4(145 582 583 146)
4(128 147 584 565)
4(146 583 584 147)
4(129 148 585 566)
4(147 584 585 148)
4(130 149 586 567)
4(148 585 586 149)
4(131 150 587 568)
4(149 586 587 150)
4(132 151 588 569)
4(150 587 588 151)
4(133 152 589 570)
4(151 588 589 152)
4(134 153 590 571)
4(152 589 590 153)
4(135 154 591 572)
4(153 590 591 154)
4(136 155 592 573)
4(154 591 592 155)
4(137 156 593 574)
4(155 592 593 156)
4(138 157 594 575)
4(156 593 594 157)
4(139 158 595 576)
4(157 594 595 158)
4(140 159 596 577)
4(158 595 596 159)
4(159 596 486 49)
4(141 160 597 578)
4(12 449 597 160)
4(142 161 598 579)
4(160 597 598 161)
4(143 162 599 580)
4(161 598 599 162)
4(144 163 600 581)
4(162 599 600 163)
4(145 164 601 582)
4(163 600 601 164)
4(146 165 602 583)
4(164 601 602 165)
4(147 166 603 584)
4(165 602 603 166)
4(148 167 604 585)
4(166 603 604 167)
4(149 168 605 586)
4(167 604 605 168)
4(150 169 606 587)
4(168 605 606 169)
4(151 170 607 588)
4(169 606 607 170)
4(152 171 608 589)
4(170 607 608 171)
4(153 172 609 590)
4(171 608 609 172)
4(154 173 610 591)
4(172 609 610 173)
4(155 174 611 592)
4(173 610 611 174)
4(156 175 612 593)
4(174 611 612 175)
4(157 176 613 594)
4(175 612 613 176)
4(158 177 614 595)
4(176 613 614 177)
4(159 178 615 596)
4(177 614 615 178)
4(178 615 487 50)
4(160 179 616 597)
4(13 450 616 179)
4(161 180 617 598)
4(179 616 617 180)
4(162 181 618 599)
4(180 617 618 181)
4(163 182 619 600)
4(181 618 619 182)
4(164 183 620 601)
4(182 619 620 183)
4(165 184 621 602)
4(183 620 621 184)
4(166 185 622 603)
4(184 621 622 185)
4(167 186 623 604)
4(185 622 623 186)
4(168 187 624 605)
4(186 623 624 187)
4(169 188 625 606)
4(187 624 625 188)
4(170 189 626 607)
4(188 625 626 189)
4(171 190 627 608)
4(189 626 627 190)
4(172 191 628 609)
4(190 627 628 191)
4(173 192 629 610)
4(191 628 629 192)
4(174 193 630 611)
4(192 629 630 193)
4(175 194 631 612)
4(193 630 631 194)
4(176 195 632 613)
4(194 631 632 195)
4(177 196 633 614)
4(195 632 633 196)
4(178 197 634 615)
4(196 633 634 197)
4(197 634 488 51)
4(179 198 635 616)
4(14 451 635 198)
4(180 199 636 617)
4(198 635 636 199)
4(181 200 637 618)
4(199 636 637 200)
4(182 201 638 619)
4(200 637 638 201)
4(183 202 639 620)
4(201 638 639 202)
4(184 203 640 621)
4(202 639 640 203)
4(185 204 641 622)
4(203 640 641 204)
4(186 205 642 623)
4(204 641 642 205)
4(187 206 643 624)
4(205 642 643 206)
4(188 207 644 625)
4(206 643 644 207)
4(189 208 645 626)
4(207 644 645 208)
4(190 209 646 627)
4(208 645 646 209)
4(191 210 647 628)
4(209 646 647 210)
4(192 211 648 629)
4(210 647 648 211)
4(193 212 649 630)
4(211 648 649 212)
4(194 213 650 631)
4(212 649 650 213)
4(195 214 651 632)
4(213 650 651 214)
4(196 215 652 633)
4(214 651 652 215)
4(197 216 653 634)
4(215 652 653 216)
4(216 653 489 52)
4(198 217 654 635)
4(15 452 654 217)
4(199 218 655 636)
4(217 654 655 218)
4(200 219 656 637)
4(218 655 656 219)
4(201 220 657 638)
4(219 656 657 220)
4(202 221 658 639)
4(220 657 658 221)
4(203 222 659 640)
4(221 658 659 222)
4(204 223 660 641)
4(222 659 660 223)
4(205 224 661 642)
4(223 660 661 224)
4(206 225 662 643)
4(224 661 662 225)
4(207 226 663 644)
4(225 662 663 226)
4(208 227 664 645)
4(226 663 664 227)
4(209 228 665 646)
4(227 664 665 228)
4(210 229 666 647)
4(228 665 666 229)
4(211 230 667 648)
4(229 666 667 230)
4(212 231 668 649)
4(230 667 668 231)
4(213 232 669 650)
4(231 668 669 232)
4(214 233 670 651)
4(232 669 670 233)
4(215 234 671 652)
4(233 670 671 234)
4(216 235 672 653)
4(234 671 672 235)
4(235 672 490 53)
4(217 236 673 654)
4(16 453 673 236)
4(218 237 674 655)
4(236 673 674 237)
4(219 238 675 656)
4(237 674 675 238)
4(220 239 676 657)
4(238 675 676 239)
4(221 240 677 658)
4(239 676 677 240)
4(222 241 678 659)
4(240 677 678 241)
4(223 242 679 660)
4(241 678 679 242)
4(224 243 680 661)
4(242 679 680 243)
4(225 244 681 662)
4(243 680 681 244)
4(226 245 682 663)
4(244 681 682 245)
4(227 246 683 664)
4(245 682 683 246)
4(228 247 684 665)
4(246 683 684 247)
4(229 248 685 666)
4(247 684 685 248)
4(230 249 686 667)
4(248 685 686 249)
4(231 250 687 668)
4(249 686 687 250)
4(232 251 688 669)
4(250 687 688 251)
4(233 252 689 670)
4(251 688 689 252)
4(234 253 690 671)
4(252 689 690 253)
4(235 254 691 672)
4(253 690 691 254)
4(254 691 491 54)
4(236 255 692 673)
4(17 454 692 255)
4(237 256 693 674)
4(255 692 693 256)
4(238 257 694 675)
4(256 693 694 257)
4(239 258 695 676)
4(257 694 695 258)
4(240 259 696 677)
4(258 695 696 259)
4(241 260 697 678)
4(259 696 697 260)
4(242 261 698 679)
4(260 697 698 261)
4(243 262 699 680)
4(261 698 699 262)
4(244 263 700 681)
4(262 699 700 263)
4(245 264 701 682)
4(263 700 701 264)
4(246 265 702 683)
4(264 701 702 265)
4(247 266 703 684)
4(265 702 703 266)
4(248 267 704 685)
4(266 703 704 267)
4(249 268 705 686)
4(267 704 705 268)
4(250 269 706 687)
4(268 705 706 269)
4(251 270 707 688)
4(269 706 707 270)
4(252 271 708 689)
4(270 707 708 271)
4(253 272 709 690)
4(271 708 709 272)
4(254 273 710 691)
4(272 709 710 273)
4(273 710 492 55)
4(255 274 711 692)
4(18 455 711 274)
4(256 275 712 693)
4(274 711 712 275)
4(257 276 713 694)
4(275 712 713 276)
4(258 277 714 695)
4(276 713 714 277)
4(259 278 715 696)
4(277 714 715 278)
4(260 279 716 697)
4(278 715 716 279)
4(261 280 717 698)
4(279 716 717 280)
4(262 281 718 699)
4(280 717 718 281)
4(263 282 719 700)
4(281 718 719 282)
4(264 283 720 701)
4(282 719 720 283)
4(265 284 721 702)
4(283 720 721 284)
4(266 285 722 703)
4(284 721 722 285)
4(267 286 723 704)
4(285 722 723 286)
4(268 287 724 705)
4(286 723 724 287)
4(269 288 725 706)
4(287 724 725 288)
4(270 289 726 707)
4(288 725 726 289)
4(271 290 727 708)
4(289 726 727 290)
4(272 291 728 709)
4(290 727 728 291)
4(273 292 729 710)
4(291 728 729 292)
4(292 729 493 56)
4(274 293 730 711)
4(19 456 730 293)
4(275 294 731 712)
4(293 730 731 294)
4(276 295 732 713)
4(294 731 732 295)
4(277 296 733 714)
4(295 732 733 296)
4(278 297 734 715)
4(296 733 734 297)
4(279 298 735 716)
4(297 734 735 298)
4(280 299 736 717)
4(298 735 736 299)
4(281 300 737 718)
4(299 736 737 300)
4(282 301 738 719)
4(300 737 738 301)
4(283 302 739 720)
4(301 738 739 302)
4(284 303 740 721)
4(302 739 740 303)
4(285 304 741 722)
4(303 740 741 304)
4(286 305 742 723)
4(304 741 742 305)
4(287 306 743 724)
4(305 742 743 306)
4(288 307 744 725)
4(306 743 744 307)
4(289 308 745 726)
4(307 744 745 308)
4(290 309 746 727)
4(308 745 746 309)
4(291 310 747 728)
4(309 746 747 310)
4(292 311 748 729)
4(310 747 748 311)
4(311 748 494 57)
4(293 312 749 730)
4(20 457 749 312)
4(294 313 750 731)
4(312 749 750 313)
4(295 314 751 732)
4(313 750 751 314)
4(296 315 752 733)
4(314 751 752 315)
4(297 316 753 734)
4(315 752 753 316)
4(298 317 754 735)
4(316 753 754 317)
4(299 318 755 736)
4(317 754 755 318)
4(300 319 756 737)
4(318 755 756 319)
4(301 320 757 738)
4(319 756 757 320)
4(302 321 758 739)
4(320 757 758 321)
4(303 322 759 740)
4(321 758 759 322)
4(304 323 760 741)
4(322 759 760 323)
4(305 324 761 742)
4(323 760 761 324)
4(306 325 762 743)
4(324 761 762 325)
4(307 326 763 744)
4(325 762 763 326)
4(308 327 764 745)
4(326 763 764 327)
4(309 328 765 746)
4(327 764 765 328)
4(310 329 766 747)
4(328 765 766 329)
4(311 330 767 748)
4(329 766 767 330)
4(330 767 495 58)
4(312 331 768 749)
4(21 458 768 331)
4(313 332 769 750)
4(331 768 769 332)
4(314 333 770 751)
4(332 769 770 333)
4(315 334 771 752)
4(333 770 771 334)
4(316 335 772 753)
4(334 771 772 335)
4(317 336 773 754)
4(335 772 773 336)
4(318 337 774 755)
4(336 773 774 337)
4(319 338 775 756)
4(337 774 775 338)
4(320 339 776 757)
4(338 775 776 339)
4(321 340 777 758)
4(339 776 777 340)
4(322 341 778 759)
4(340 777 778 341)
4(323 342 779 760)
4(341 778 779 342)
4(324 343 780 761)
4(342 779 780 343)
4(325 344 781 762)
4(343 780 781 344)
4(326 345 782 763)
4(344 781 782 345)
4(327 346 783 764)
4(345 782 783 346)
4(328 347 784 765)
4(346 783 784 347)
4(329 348 785 766)
4(347 784 785 348)
4(330 349 786 767)
4(348 785 786 349)
4(349 786 496 59)
4(331 350 787 768)
4(22 459 787 350)
4(332 351 788 769)
4(350 787 788 351)
4(333 352 789 770)
4(351 788 789 352)
4(334 353 790 771)
4(352 789 790 353)
4(335 354 791 772)
4(353 790 791 354)
4(336 355 792 773)
4(354 791 792 355)
4(337 356 793 774)
4(355 792 793 356)
4(338 357 794 775)
4(356 793 794 357)
4(339 358 795 776)
4(357 794 795 358)
4(340 359 796 777)
4(358 795 796 359)
4(341 360 797 778)
4(359 796 797 360)
4(342 361 798 779)
4(360 797 798 361)
4(343 362 799 780)
4(361 798 799 362)
4(344 363 800 781)
4(362 799 800 363)
4(345 364 801 782)
4(363 800 801 364)
4(346 365 802 783)
4(364 801 802 365)
4(347 366 803 784)
4(365 802 803 366)
4(348 367 804 785)
4(366 803 804 367)
4(349 368 805 786)
4(367 804 805 368)
4(368 805 497 60)
4(350 369 806 787)
4(23 460 806 369)
4(351 370 807 788)
4(369 806 807 370)
4(352 371 808 789)
4(370 807 808 371)
4(353 372 809 790)
4(371 808 809 372)
4(354 373 810 791)
4(372 809 810 373)
4(355 374 811 792)
4(373 810 811 374)
4(356 375 812 793)
4(374 811 812 375)
4(357 376 813 794)
4(375 812 813 376)
4(358 377 814 795)
4(376 813 814 377)
4(359 378 815 796)
4(377 814 815 378)
4(360 379 816 797)
4(378 815 816 379)
4(361 380 817 798)
4(379 816 817 380)
4(362 381 818 799)
4(380 817 818 381)
4(363 382 819 800)
4(381 818 819 382)
4(364 383 820 801)
4(382 819 820 383)
4(365 384 821 802)
4(383 820 821 384)
4(366 385 822 803)
4(384 821 822 385)
4(367 386 823 804)
4(385 822 823 386)
4(368 387 824 805)
4(386 823 824 387)
4(387 824 498 61)
4(369 388 825 806)
4(24 461 825 388)
4(370 389 826 807)
4(388 825 826 389)
4(371 390 827 808)
4(389 826 827 390)
4(372 391 828 809)
4(390 827 828 391)
4(373 392 829 810)
4(391 828 829 392)
4(374 393 830 811)
4(392 829 830 393)
4(375 394 831 812)
4(393 830 831 394)
4(376 395 832 813)
4(394 831 832 395)
4(377 396 833 814)
4(395 832 833 396)
4(378 397 834 815)
4(396 833 834 397)
4(379 398 835 816)
4(397 834 835 398)
4(380 399 836 817)
4(398 835 836 399)
4(381 400 837 818)
4(399 836 837 400)
4(382 401 838 819)
4(400 837 838 401)
4(383 402 839 820)
4(401 838 839 402)
4(384 403 840 821)
4(402 839 840 403)
4(385 404 841 822)
4(403 840 841 404)
4(386 405 842 823)
4(404 841 842 405)
4(387 406 843 824)
4(405 842 843 406)
4(406 843 499 62)
4(388 407 844 825)
4(25 462 844 407)
4(389 408 845 826)
4(407 844 845 408)
4(390 409 846 827)
4(408 845 846 409)
4(391 410 847 828)
4(409 846 847 410)
4(392 411 848 829)
4(410 847 848 411)
4(393 412 849 830)
4(411 848 849 412)
4(394 413 850 831)
4(412 849 850 413)
4(395 414 851 832)
4(413 850 851 414)
4(396 415 852 833)
4(414 851 852 415)
4(397 416 853 834)
4(415 852 853 416)
4(398 417 854 835)
4(416 853 854 417)
4(399 418 855 836)
4(417 854 855 418)
4(400 419 856 837)
4(418 855 856 419)
4(401 420 857 838)
4(419 856 857 420)
4(402 421 858 839)
4(420 857 858 421)
4(403 422 859 840)
4(421 858 859 422)
4(404 423 860 841)
4(422 859 860 423)
4(405 424 861 842)
4(423 860 861 424)
4(406 425 862 843)
4(424 861 862 425)
4(425 862 500 63)
4(407 426 863 844)
4(26 463 863 426)
4(408 427 864 845)
4(426 863 864 427)
4(409 428 865 846)
4(427 864 865 428)
4(410 429 866 847)
4(428 865 866 429)
4(411 430 867 848)
4(429 866 867 430)
4(412 431 868 849)
4(430 867 868 431)
4(413 432 869 850)
4(431 868 869 432)
4(414 433 870 851)
4(432 869 870 433)
4(415 434 871 852)
4(433 870 871 434)
4(416 435 872 853)
4(434 871 872 435)
4(417 436 873 854)
4(435 872 873 436)
4(418 437 874 855)
4(436 873 874 437)
4(419 438 875 856)
4(437 874 875 438)
4(420 439 876 857)
4(438 875 876 439)
4(421 440 877 858)
4(439 876 877 440)
4(422 441 878 859)
4(440 877 878 441)
4(423 442 879 860)
4(441 878 879 442)
4(424 443 880 861)
4(442 879 880 443)
4(425 444 881 862)
4(443 880 881 444)
4(444 881 501 64)
4(426 27 464 863)
4(427 28 465 864)
4(428 29 466 865)
4(429 30 467 866)
4(430 31 468 867)
4(431 32 469 868)
4(432 33 470 869)
4(433 34 471 870)
4(434 35 472 871)
4(435 36 473 872)
4(436 37 474 873)
4(437 38 475 874)
4(438 39 476 875)
4(439 40 477 876)
4(440 41 478 877)
4(441 42 479 878)
4(442 43 480 879)
4(443 44 481 880)
4(444 45 482 881)
4(0 8 84 65)
4(65 84 85 66)
4(66 85 86 67)
4(67 86 87 68)
4(68 87 88 69)
4(69 88 89 70)
4(70 89 90 71)
4(71 90 91 72)
4(72 91 92 73)
4(73 92 93 74)
4(74 93 94 75)
4(75 94 95 76)
4(76 95 96 77)
4(77 96 97 78)
4(78 97 98 79)
4(79 98 99 80)
4(80 99 100 81)
4(81 100 101 82)
4(82 101 102 83)
4(83 102 46 4)
4(8 9 103 84)
4(84 103 104 85)
4(85 104 105 86)
4(86 105 106 87)
4(87 106 107 88)
4(88 107 108 89)
4(89 108 109 90)
4(90 109 110 91)
4(91 110 111 92)
4(92 111 112 93)
4(93 112 113 94)
4(94 113 114 95)
4(95 114 115 96)
4(96 115 116 97)
4(97 116 117 98)
4(98 117 118 99)
4(99 118 119 100)
4(100 119 120 101)
4(101 120 121 102)
4(102 121 47 46)
4(9 10 122 103)
4(103 122 123 104)
4(104 123 124 105)
4(105 124 125 106)
4(106 125 126 107)
4(107 126 127 108)
4(108 127 128 109)
4(109 128 129 110)
4(110 129 130 111)
4(111 130 131 112)
4(112 131 132 113)
4(113 132 133 114)
4(114 133 134 115)
4(115 134 135 116)
4(116 135 136 117)
4(117 136 137 118)
4(118 137 138 119)
4(119 138 139 120)
4(120 139 140 121)
4(121 140 48 47)
4(10 11 141 122)
4(122 141 142 123)
4(123 142 143 124)
4(124 143 144 125)
4(125 144 145 126)
4(126 145 146 127)
4(127 146 147 128)
4(128 147 148 129)
4(129 148 149 130)
4(130 149 150 131)
4(131 150 151 132)
4(132 151 152 133)
4(133 152 153 134)
4(134 153 154 135)
4(135 154 155 136)
4(136 155 156 137)
4(137 156 157 138)
4(138 157 158 139)
4(139 158 159 140)
4(140 159 49 48)
4(11 12 160 141)
4(141 160 161 142)
4(142 161 162 143)
4(143 162 163 144)
4(144 163 164 145)
4(145 164 165 146)
4(146 165 166 147)
4(147 166 167 148)
4(148 167 168 149)
4(149 168 169 150)
4(150 169 170 151)
4(151 170 171 152)
4(152 171 172 153)
4(153 172 173 154)
4(154 173 174 155)
4(155 174 175 156)
4(156 175 176 157)
4(157 176 177 158)
4(158 177 178 159)
4(159 178 50 49)
4(12 13 179 160)
4(160 179 180 161)
4(161 180 181 162)
4(162 181 182 163)
4(163 182 183 164)
4(164 183 184 165)
4(165 184 185 166)
4(166 185 186 167)
4(167 186 187 168)
4(168 187 188 169)
4(169 188 189 170)
4(170 189 190 171)
4(171 190 191 172)
4(172 191 192 173)
4(173 192 193 174)
4(174 193 194 175)
4(175 194 195 176)
4(176 195 196 177)
4(177 196 197 178)
4(178 197 51 50)
4(13 14 198 179)
4(179 198 199 180)
4(180 199 200 181)
4(181 200 201 182)
4(182 201 202 183)
4(183 202 203 184)
4(184 203 204 185)
4(185 204 205 186)
4(186 205 206 187)
4(187 206 207 188)
4(188 207 208 189)
4(189 208 209 190)
4(190 209 210 191)
4(191 210 211 192)
4(192 211 212 193)
4(193 212 213 194)
4(194 213 214 195)
4(195 214 215 196)
4(196 215 216 197)
4(197 216 52 51)
4(14 15 217 198)
4(198 217 218 199)
4(199 218 219 200)
4(200 219 220 201)
4(201 220 221 202)
4(202 221 222 203)
4(203 222 223 204)
4(204 223 224 205)
4(205 224 225 206)
4(206 225 226 207)
4(207 226 227 208)
4(208 227 228 209)
4(209 228 229 210)
4(210 229 230 211)
4(211 230 231 212)
4(212 231 232 213)
4(213 232 233 214)
4(214 233 234 215)
4(215 234 235 216)
4(216 235 53 52)
4(15 16 236 217)
4(217 236 237 218)
4(218 237 238 219)
4(219 238 239 220)
4(220 239 240 221)
4(221 240 241 222)
4(222 241 242 223)
4(223 242 243 224)
4(224 243 244 225)
4(225 244 245 226)
4(226 245 246 227)
4(227 246 247 228)
4(228 247 248 229)
4(229 248 249 230)
4(230 249 250 231)
4(231 250 251 232)
4(232 251 252 233)
4(233 252 253 234)
4(234 253 254 235)
4(235 254 54 53)
4(16 17 255 236)
4(236 255 256 237)
4(237 256 257 238)
4(238 257 258 239)
4(239 258 259 240)
4(240 259 260 241)
4(241 260 261 242)
4(242 261 262 243)
4(243 262 263 244)
4(244 263 264 245)
4(245 264 265 246)
4(246 265 266 247)
4(247 266 267 248)
4(248 267 268 249)
4(249 268 269 250)
4(250 269 270 251)
4(251 270 271 252)
4(252 271 272 253)
4(253 272 273 254)
4(254 273 55 54)
4(17 18 274 255)
4(255 274 275 256)
4(256 275 276 257)
4(257 276 277 258)
4(258 277 278 259)
4(259 278 279 260)
4(260 279 280 261)
4(261 280 281 262)
4(262 281 282 263)
4(263 282 283 264)
4(264 283 284 265)
4(265 284 285 266)
4(266 285 286 267)
4(267 286 287 268)
4(268 287 288 269)
4(269 288 289 270)
4(270 289 290 271)
4(271 290 291 272)
4(272 291 292 273)
4(273 292 56 55)
4(18 19 293 274)
4(274 293 294 275)
4(275 294 295 276)
4(276 295 296 277)
4(277 296 297 278)
4(278 297 298 279)
4(279 298 299 280)
4(280 299 300 281)
4(281 300 301 282)
4(282 301 302 283)
4(283 302 303 284)
4(284 303 304 285)
4(285 304 305 286)
4(286 305 306 287)
4(287 306 307 288)
4(288 307 308 289)
4(289 308 309 290)
4(290 309 310 291)
4(291 310 311 292)
4(292 311 57 56)
4(19 20 312 293)
4(293 312 313 294)
4(294 313 314 295)
4(295 314 315 296)
4(296 315 316 297)
4(297 316 317 298)
4(298 317 318 299)
4(299 318 319 300)
4(300 319 320 301)
4(301 320 321 302)
4(302 321 322 303)
4(303 322 323 304)
4(304 323 324 305)
4(305 324 325 306)
4(306 325 326 307)
4(307 326 327 308)
4(308 327 328 309)
4(309 328 329 310)
4(310 329 330 311)
4(311 330 58 57)
4(20 21 331 312)
4(312 331 332 313)
4(313 332 333 314)
4(314 333 334 315)
4(315 334 335 316)
4(316 335 336 317)
4(317 336 337 318)
4(318 337 338 319)
4(319 338 339 320)
4(320 339 340 321)
4(321 340 341 322)
4(322 341 342 323)
4(323 342 343 324)
4(324 343 344 325)
4(325 344 345 326)
4(326 345 346 327)
4(327 346 347 328)
4(328 347 348 329)
4(329 348 349 330)
4(330 349 59 58)
4(21 22 350 331)
4(331 350 351 332)
4(332 351 352 333)
4(333 352 353 334)
4(334 353 354 335)
4(335 354 355 336)
4(336 355 356 337)
4(337 356 357 338)
4(338 357 358 339)
4(339 358 359 340)
4(340 359 360 341)
4(341 360 361 342)
4(342 361 362 343)
4(343 362 363 344)
4(344 363 364 345)
4(345 364 365 346)
4(346 365 366 347)
4(347 366 367 348)
4(348 367 368 349)
4(349 368 60 59)
4(22 23 369 350)
4(350 369 370 351)
4(351 370 371 352)
4(352 371 372 353)
4(353 372 373 354)
4(354 373 374 355)
4(355 374 375 356)
4(356 375 376 357)
4(357 376 377 358)
4(358 377 378 359)
4(359 378 379 360)
4(360 379 380 361)
4(361 380 381 362)
4(362 381 382 363)
4(363 382 383 364)
4(364 383 384 365)
4(365 384 385 366)
4(366 385 386 367)
4(367 386 387 368)
4(368 387 61 60)
4(23 24 388 369)
4(369 388 389 370)
4(370 389 390 371)
4(371 390 391 372)
4(372 391 392 373)
4(373 392 393 374)
4(374 393 394 375)
4(375 394 395 376)
4(376 395 396 377)
4(377 396 397 378)
4(378 397 398 379)
4(379 398 399 380)
4(380 399 400 381)
4(381 400 401 382)
4(382 401 402 383)
4(383 402 403 384)
4(384 403 404 385)
4(385 404 405 386)
4(386 405 406 387)
4(387 406 62 61)
4(24 25 407 388)
4(388 407 408 389)
4(389 408 409 390)
4(390 409 410 391)
4(391 410 411 392)
4(392 411 412 393)
4(393 412 413 394)
4(394 413 414 395)
4(395 414 415 396)
4(396 415 416 397)
4(397 416 417 398)
4(398 417 418 399)
4(399 418 419 400)
4(400 419 420 401)
4(401 420 421 402)
4(402 421 422 403)
4(403 422 423 404)
4(404 423 424 405)
4(405 424 425 406)
4(406 425 63 62)
4(25 26 426 407)
4(407 426 427 408)
4(408 427 428 409)
4(409 428 429 410)
4(410 429 430 411)
4(411 430 431 412)
4(412 431 432 413)
4(413 432 433 414)
4(414 433 434 415)
4(415 434 435 416)
4(416 435 436 417)
4(417 436 437 418)
4(418 437 438 419)
4(419 438 439 420)
4(420 439 440 421)
4(421 440 441 422)
4(422 441 442 423)
4(423 442 443 424)
4(424 443 444 425)
4(425 444 64 63)
4(26 2 27 426)
4(426 27 28 427)
4(427 28 29 428)
4(428 29 30 429)
4(429 30 31 430)
4(430 31 32 431)
4(431 32 33 432)
4(432 33 34 433)
4(433 34 35 434)
4(434 35 36 435)
4(435 36 37 436)
4(436 37 38 437)
4(437 38 39 438)
4(438 39 40 439)
4(439 40 41 440)
4(440 41 42 441)
4(441 42 43 442)
4(442 43 44 443)
4(443 44 45 444)
4(444 45 6 64)
4(1 502 521 445)
4(502 503 522 521)
4(503 504 523 522)
4(504 505 524 523)
4(505 506 525 524)
4(506 507 526 525)
4(507 508 527 526)
4(508 509 528 527)
4(509 510 529 528)
4(510 511 530 529)
4(511 512 531 530)
4(512 513 532 531)
4(513 514 533 532)
4(514 515 534 533)
4(515 516 535 534)
4(516 517 536 535)
4(517 518 537 536)
4(518 519 538 537)
4(519 520 539 538)
4(520 5 483 539)
4(445 521 540 446)
4(521 522 541 540)
4(522 523 542 541)
4(523 524 543 542)
4(524 525 544 543)
4(525 526 545 544)
4(526 527 546 545)
4(527 528 547 546)
4(528 529 548 547)
4(529 530 549 548)
4(530 531 550 549)
4(531 532 551 550)
4(532 533 552 551)
4(533 534 553 552)
4(534 535 554 553)
4(535 536 555 554)
4(536 537 556 555)
4(537 538 557 556)
4(538 539 558 557)
4(539 483 484 558)
4(446 540 559 447)
4(540 541 560 559)
4(541 542 561 560)
4(542 543 562 561)
4(543 544 563 562)
4(544 545 564 563)
4(545 546 565 564)
4(546 547 566 565)
4(547 548 567 566)
4(548 549 568 567)
4(549 550 569 568)
4(550 551 570 569)
4(551 552 571 570)
4(552 553 572 571)
4(553 554 573 572)
4(554 555 574 573)
4(555 556 575 574)
4(556 557 576 575)
4(557 558 577 576)
4(558 484 485 577)
4(447 559 578 448)
4(559 560 579 578)
4(560 561 580 579)
4(561 562 581 580)
4(562 563 582 581)
4(563 564 583 582)
4(564 565 584 583)
4(565 566 585 584)
4(566 567 586 585)
4(567 568 587 586)
4(568 569 588 587)
4(569 570 589 588)
4(570 571 590 589)
4(571 572 591 590)
4(572 573 592 591)
4(573 574 593 592)
4(574 575 594 593)
4(575 576 595 594)
4(576 577 596 595)
4(577 485 486 596)
4(448 578 597 449)
4(578 579 598 597)
4(579 580 599 598)
4(580 581 600 599)
4(581 582 601 600)
4(582 583 602 601)
4(583 584 603 602)
4(584 585 604 603)
4(585 586 605 604)
4(586 587 606 605)
4(587 588 607 606)
4(588 589 608 607)
4(589 590 609 608)
4(590 591 610 609)
4(591 592 611 610)
4(592 593 612 611)
4(593 594 613 612)
4(594 595 614 613)
4(595 596 615 614)
4(596 486 487 615)
4(449 597 616 450)
4(597 598 617 616)
4(598 599 618 617)
4(599 600 619 618)
4(600 601 620 619)
4(601 602 621 620)
4(602 603 622 621)
4(603 604 623 622)
4(604 605 624 623)
4(605 606 625 624)
4(606 607 626 625)
4(607 608 627 626)
4(608 609 628 627)
4(609 610 629 628)
4(610 611 630 629)
4(611 612 631 630)
4(612 613 632 631)
4(613 614 633 632)
4(614 615 634 633)
4(615 487 488 634)
4(450 616 635 451)
4(616 617 636 635)
4(617 618 637 636)
4(618 619 638 637)
4(619 620 639 638)
4(620 621 640 639)
4(621 622 641 640)
4(622 623 642 641)
4(623 624 643 642)
4(624 625 644 643)
4(625 626 645 644)
4(626 627 646 645)
4(627 628 647 646)
4(628 629 648 647)
4(629 630 649 648)
4(630 631 650 649)
4(631 632 651 650)
4(632 633 652 651)
4(633 634 653 652)
4(634 488 489 653)
4(451 635 654 452)
4(635 636 655 654)
4(636 637 656 655)
4(637 638 657 656)
4(638 639 658 657)
4(639 640 659 658)
4(640 641 660 659)
4(641 642 661 660)
4(642 643 662 661)
4(643 644 663 662)
4(644 645 664 663)
4(645 646 665 664)
4(646 647 666 665)
4(647 648 667 666)
4(648 649 668 667)
4(649 650 669 668)
4(650 651 670 669)
4(651 652 671 670)
4(652 653 672 671)
4(653 489 490 672)
4(452 654 673 453)
4(654 655 674 673)
4(655 656 675 674)
4(656 657 676 675)
4(657 658 677 676)
4(658 659 678 677)
4(659 660 679 678)
4(660 661 680 679)
4(661 662 681 680)
4(662 663 682 681)
4(663 664 683 682)
4(664 665 684 683)
4(665 666 685 684)
4(666 667 686 685)
4(667 668 687 686)
4(668 669 688 687)
4(669 670 689 688)
4(670 671 690 689)
4(671 672 691 690)
4(672 490 491 691)
4(453 673 692 454)
4(673 674 693 692)
4(674 675 694 693)
4(675 676 695 694)
4(676 677 696 695)
4(677 678 697 696)
4(678 679 698 697)
4(679 680 699 698)
4(680 681 700 699)
4(681 682 701 700)
4(682 683 702 701)
4(683 684 703 702)
4(684 685 704 703)
4(685 686 705 704)
4(686 687 706 705)
4(687 688 707 706)
4(688 689 708 707)
4(689 690 709 708)
4(690 691 710 709)
4(691 491 492 710)
4(454 692 711 455)
4(692 693 712 711)
4(693 694 713 712)
4(694 695 714 713)
4(695 696 715 714)
4(696 697 716 715)
4(697 698 717 716)
4(698 699 718 717)
4(699 700 719 718)
4(700 701 720 719)
4(701 702 721 720)
4(702 703 722 721)
4(703 704 723 722)
4(704 705 724 723)
4(705 706 725 724)
4(706 707 726 725)
4(707 708 727 726)
4(708 709 728 727)
4(709 710 729 728)
4(710 492 493 729)
4(455 711 730 456)
4(711 712 731 730)
4(712 713 732 731)
4(713 714 733 732)
4(714 715 734 733)
4(715 716 735 734)
4(716 717 736 735)
4(717 718 737 736)
4(718 719 738 737)
4(719 720 739 738)
4(720 721 740 739)
4(721 722 741 740)
4(722 723 742 741)
4(723 724 743 742)
4(724 725 744 743)
4(725 726 745 744)
4(726 727 746 745)
4(727 728 747 746)
4(728 729 748 747)
4(729 493 494 748)
4(456 730 749 457)
4(730 731 750 749)
4(731 732 751 750)
4(732 733 752 751)
4(733 734 753 752)
4(734 735 754 753)
4(735 736 755 754)
4(736 737 756 755)
4(737 738 757 756)
4(738 739 758 757)
4(739 740 759 758)
4(740 741 760 759)
4(741 742 761 760)
4(742 743 762 761)
4(743 744 763 762)
4(744 745 764 763)
4(745 746 765 764)
4(746 747 766 765)
4(747 748 767 766)
4(748 494 495 767)
4(457 749 768 458)
4(749 750 769 768)
4(750 751 770 769)
4(751 752 771 770)
4(752 753 772 771)
4(753 754 773 772)
4(754 755 774 773)
4(755 756 775 774)
4(756 757 776 775)
4(757 758 777 776)
4(758 759 778 777)
4(759 760 779 778)
4(760 761 780 779)
4(761 762 781 780)
4(762 763 782 781)
4(763 764 783 782)
4(764 765 784 783)
4(765 766 785 784)
4(766 767 786 785)
4(767 495 496 786)
4(458 768 787 459)
4(768 769 788 787)
4(769 770 789 788)
4(770 771 790 789)
4(771 772 791 790)
4(772 773 792 791)
4(773 774 793 792)
4(774 775 794 793)
4(775 776 795 794)
4(776 777 796 795)
4(777 778 797 796)
4(778 779 798 797)
4(779 780 799 798)
4(780 781 800 799)
4(781 782 801 800)
4(782 783 802 801)
4(783 784 803 802)
4(784 785 804 803)
4(785 786 805 804)
4(786 496 497 805)
4(459 787 806 460)
4(787 788 807 806)
4(788 789 808 807)
4(789 790 809 808)
4(790 791 810 809)
4(791 792 811 810)
4(792 793 812 811)
4(793 794 813 812)
4(794 795 814 813)
4(795 796 815 814)
4(796 797 816 815)
4(797 798 817 816)
4(798 799 818 817)
4(799 800 819 818)
4(800 801 820 819)
4(801 802 821 820)
4(802 803 822 821)
4(803 804 823 822)
4(804 805 824 823)
4(805 497 498 824)
4(460 806 825 461)
4(806 807 826 825)
4(807 808 827 826)
4(808 809 828 827)
4(809 810 829 828)
4(810 811 830 829)
4(811 812 831 830)
4(812 813 832 831)
4(813 814 833 832)
4(814 815 834 833)
4(815 816 835 834)
4(816 817 836 835)
4(817 818 837 836)
4(818 819 838 837)
4(819 820 839 838)
4(820 821 840 839)
4(821 822 841 840)
4(822 823 842 841)
4(823 824 843 842)
4(824 498 499 843)
4(461 825 844 462)
4(825 826 845 844)
4(826 827 846 845)
4(827 828 847 846)
4(828 829 848 847)
4(829 830 849 848)
4(830 831 850 849)
4(831 832 851 850)
4(832 833 852 851)
4(833 834 853 852)
4(834 835 854 853)
4(835 836 855 854)
4(836 837 856 855)
4(837 838 857 856)
4(838 839 858 857)
4(839 840 859 858)
4(840 841 860 859)
4(841 842 861 860)
4(842 843 862 861)
4(843 499 500 862)
4(462 844 863 463)
4(844 845 864 863)
4(845 846 865 864)
4(846 847 866 865)
4(847 848 867 866)
4(848 849 868 867)
4(849 850 869 868)
4(850 851 870 869)
4(851 852 871 870)
4(852 853 872 871)
4(853 854 873 872)
4(854 855 874 873)
4(855 856 875 874)
4(856 857 876 875)
4(857 858 877 876)
4(858 859 878 877)
4(859 860 879 878)
4(860 861 880 879)
4(861 862 881 880)
4(862 500 501 881)
4(463 863 464 3)
4(863 864 465 464)
4(864 865 466 465)
4(865 866 467 466)
4(866 867 468 467)
4(867 868 469 468)
4(868 869 470 469)
4(869 870 471 470)
4(870 871 472 471)
4(871 872 473 472)
4(872 873 474 473)
4(873 874 475 474)
4(874 875 476 475)
4(875 876 477 476)
4(876 877 478 477)
4(877 878 479 478)
4(878 879 480 479)
4(879 880 481 480)
4(880 881 482 481)
4(881 501 7 482)
4(0 65 502 1)
4(65 66 503 502)
4(66 67 504 503)
4(67 68 505 504)
4(68 69 506 505)
4(69 70 507 506)
4(70 71 508 507)
4(71 72 509 508)
4(72 73 510 509)
4(73 74 511 510)
4(74 75 512 511)
4(75 76 513 512)
4(76 77 514 513)
4(77 78 515 514)
4(78 79 516 515)
4(79 80 517 516)
4(80 81 518 517)
4(81 82 519 518)
4(82 83 520 519)
4(83 4 5 520)
4(45 482 7 6)
4(44 481 482 45)
4(43 480 481 44)
4(42 479 480 43)
4(41 478 479 42)
4(40 477 478 41)
4(39 476 477 40)
4(38 475 476 39)
4(37 474 475 38)
4(36 473 474 37)
4(35 472 473 36)
4(34 471 472 35)
4(33 470 471 34)
4(32 469 470 33)
4(31 468 469 32)
4(30 467 468 31)
4(29 466 467 30)
4(28 465 466 29)
4(27 464 465 28)
4(2 3 464 27)
4(4 46 483 5)
4(46 47 484 483)
4(47 48 485 484)
4(48 49 486 485)
4(49 50 487 486)
4(50 51 488 487)
4(51 52 489 488)
4(52 53 490 489)
4(53 54 491 490)
4(54 55 492 491)
4(55 56 493 492)
4(56 57 494 493)
4(57 58 495 494)
4(58 59 496 495)
4(59 60 497 496)
4(60 61 498 497)
4(61 62 499 498)
4(62 63 500 499)
4(63 64 501 500)
4(64 6 7 501)
4(0 1 445 8)
4(8 445 446 9)
4(9 446 447 10)
4(10 447 448 11)
4(11 448 449 12)
4(12 449 450 13)
4(13 450 451 14)
4(14 451 452 15)
4(15 452 453 16)
4(16 453 454 17)
4(17 454 455 18)
4(18 455 456 19)
4(19 456 457 20)
4(20 457 458 21)
4(21 458 459 22)
4(22 459 460 23)
4(23 460 461 24)
4(24 461 462 25)
4(25 462 463 26)
4(26 463 3 2)
)


// ************************************************************************* //
