/*--------------------------------*- C++ -*----------------------------------*\
| =========                 |                                                 |
| \\      /  F ield         | OpenFOAM: The Open Source CFD Toolbox           |
|  \\    /   O peration     | Version:  4.1                                   |
|   \\  /    A nd           | Web:      www.OpenFOAM.org                      |
|    \\/     M anipulation  |                                                 |
\*---------------------------------------------------------------------------*/
FoamFile
{
    version     2.0;
    format      ascii;
    class       vectorField;
    location    "constant/polyMesh";
    object      points;
}
// * * * * * * * * * * * * * * * * * * * * * * * * * * * * * * * * * * * * * //


882
(
(0 0 0)
(20 0 0)
(0 0 200)
(20 0 200)
(0 200 0)
(20 200 0)
(0 200 200)
(20 200 200)
(0 0 10)
(0 0 20)
(0 0 30)
(0 0 40)
(0 0 50)
(0 0 60)
(0 0 70)
(0 0 80)
(0 0 90)
(0 0 100)
(0 0 110)
(0 0 120)
(0 0 130)
(0 0 140)
(0 0 150)
(0 0 160)
(0 0 170)
(0 0 180)
(0 0 190)
(0 10 200)
(0 20 200)
(0 30 200)
(0 40 200)
(0 50 200)
(0 60 200)
(0 70 200)
(0 80 200)
(0 90 200)
(0 100 200)
(0 110 200)
(0 120 200)
(0 130 200)
(0 140 200)
(0 150 200)
(0 160 200)
(0 170 200)
(0 180 200)
(0 190 200)
(0 200 10)
(0 200 20)
(0 200 30)
(0 200 40)
(0 200 50)
(0 200 60)
(0 200 70)
(0 200 80)
(0 200 90)
(0 200 100)
(0 200 110)
(0 200 120)
(0 200 130)
(0 200 140)
(0 200 150)
(0 200 160)
(0 200 170)
(0 200 180)
(0 200 190)
(0 10 0)
(0 20 0)
(0 30 0)
(0 40 0)
(0 50 0)
(0 60 0)
(0 70 0)
(0 80 0)
(0 90 0)
(0 100 0)
(0 110 0)
(0 120 0)
(0 130 0)
(0 140 0)
(0 150 0)
(0 160 0)
(0 170 0)
(0 180 0)
(0 190 0)
(0 10 10)
(0 20 10)
(0 30 10)
(0 40 10)
(0 50 10)
(0 60 10)
(0 70 10)
(0 80 10)
(0 90 10)
(0 100 10)
(0 110 10)
(0 120 10)
(0 130 10)
(0 140 10)
(0 150 10)
(0 160 10)
(0 170 10)
(0 180 10)
(0 190 10)
(0 10 20)
(0 20 20)
(0 30 20)
(0 40 20)
(0 50 20)
(0 60 20)
(0 70 20)
(0 80 20)
(0 90 20)
(0 100 20)
(0 110 20)
(0 120 20)
(0 130 20)
(0 140 20)
(0 150 20)
(0 160 20)
(0 170 20)
(0 180 20)
(0 190 20)
(0 10 30)
(0 20 30)
(0 30 30)
(0 40 30)
(0 50 30)
(0 60 30)
(0 70 30)
(0 80 30)
(0 90 30)
(0 100 30)
(0 110 30)
(0 120 30)
(0 130 30)
(0 140 30)
(0 150 30)
(0 160 30)
(0 170 30)
(0 180 30)
(0 190 30)
(0 10 40)
(0 20 40)
(0 30 40)
(0 40 40)
(0 50 40)
(0 60 40)
(0 70 40)
(0 80 40)
(0 90 40)
(0 100 40)
(0 110 40)
(0 120 40)
(0 130 40)
(0 140 40)
(0 150 40)
(0 160 40)
(0 170 40)
(0 180 40)
(0 190 40)
(0 10 50)
(0 20 50)
(0 30 50)
(0 40 50)
(0 50 50)
(0 60 50)
(0 70 50)
(0 80 50)
(0 90 50)
(0 100 50)
(0 110 50)
(0 120 50)
(0 130 50)
(0 140 50)
(0 150 50)
(0 160 50)
(0 170 50)
(0 180 50)
(0 190 50)
(0 10 60)
(0 20 60)
(0 30 60)
(0 40 60)
(0 50 60)
(0 60 60)
(0 70 60)
(0 80 60)
(0 90 60)
(0 100 60)
(0 110 60)
(0 120 60)
(0 130 60)
(0 140 60)
(0 150 60)
(0 160 60)
(0 170 60)
(0 180 60)
(0 190 60)
(0 10 70)
(0 20 70)
(0 30 70)
(0 40 70)
(0 50 70)
(0 60 70)
(0 70 70)
(0 80 70)
(0 90 70)
(0 100 70)
(0 110 70)
(0 120 70)
(0 130 70)
(0 140 70)
(0 150 70)
(0 160 70)
(0 170 70)
(0 180 70)
(0 190 70)
(0 10 80)
(0 20 80)
(0 30 80)
(0 40 80)
(0 50 80)
(0 60 80)
(0 70 80)
(0 80 80)
(0 90 80)
(0 100 80)
(0 110 80)
(0 120 80)
(0 130 80)
(0 140 80)
(0 150 80)
(0 160 80)
(0 170 80)
(0 180 80)
(0 190 80)
(0 10 90)
(0 20 90)
(0 30 90)
(0 40 90)
(0 50 90)
(0 60 90)
(0 70 90)
(0 80 90)
(0 90 90)
(0 100 90)
(0 110 90)
(0 120 90)
(0 130 90)
(0 140 90)
(0 150 90)
(0 160 90)
(0 170 90)
(0 180 90)
(0 190 90)
(0 10 100)
(0 20 100)
(0 30 100)
(0 40 100)
(0 50 100)
(0 60 100)
(0 70 100)
(0 80 100)
(0 90 100)
(0 100 100)
(0 110 100)
(0 120 100)
(0 130 100)
(0 140 100)
(0 150 100)
(0 160 100)
(0 170 100)
(0 180 100)
(0 190 100)
(0 10 110)
(0 20 110)
(0 30 110)
(0 40 110)
(0 50 110)
(0 60 110)
(0 70 110)
(0 80 110)
(0 90 110)
(0 100 110)
(0 110 110)
(0 120 110)
(0 130 110)
(0 140 110)
(0 150 110)
(0 160 110)
(0 170 110)
(0 180 110)
(0 190 110)
(0 10 120)
(0 20 120)
(0 30 120)
(0 40 120)
(0 50 120)
(0 60 120)
(0 70 120)
(0 80 120)
(0 90 120)
(0 100 120)
(0 110 120)
(0 120 120)
(0 130 120)
(0 140 120)
(0 150 120)
(0 160 120)
(0 170 120)
(0 180 120)
(0 190 120)
(0 10 130)
(0 20 130)
(0 30 130)
(0 40 130)
(0 50 130)
(0 60 130)
(0 70 130)
(0 80 130)
(0 90 130)
(0 100 130)
(0 110 130)
(0 120 130)
(0 130 130)
(0 140 130)
(0 150 130)
(0 160 130)
(0 170 130)
(0 180 130)
(0 190 130)
(0 10 140)
(0 20 140)
(0 30 140)
(0 40 140)
(0 50 140)
(0 60 140)
(0 70 140)
(0 80 140)
(0 90 140)
(0 100 140)
(0 110 140)
(0 120 140)
(0 130 140)
(0 140 140)
(0 150 140)
(0 160 140)
(0 170 140)
(0 180 140)
(0 190 140)
(0 10 150)
(0 20 150)
(0 30 150)
(0 40 150)
(0 50 150)
(0 60 150)
(0 70 150)
(0 80 150)
(0 90 150)
(0 100 150)
(0 110 150)
(0 120 150)
(0 130 150)
(0 140 150)
(0 150 150)
(0 160 150)
(0 170 150)
(0 180 150)
(0 190 150)
(0 10 160)
(0 20 160)
(0 30 160)
(0 40 160)
(0 50 160)
(0 60 160)
(0 70 160)
(0 80 160)
(0 90 160)
(0 100 160)
(0 110 160)
(0 120 160)
(0 130 160)
(0 140 160)
(0 150 160)
(0 160 160)
(0 170 160)
(0 180 160)
(0 190 160)
(0 10 170)
(0 20 170)
(0 30 170)
(0 40 170)
(0 50 170)
(0 60 170)
(0 70 170)
(0 80 170)
(0 90 170)
(0 100 170)
(0 110 170)
(0 120 170)
(0 130 170)
(0 140 170)
(0 150 170)
(0 160 170)
(0 170 170)
(0 180 170)
(0 190 170)
(0 10 180)
(0 20 180)
(0 30 180)
(0 40 180)
(0 50 180)
(0 60 180)
(0 70 180)
(0 80 180)
(0 90 180)
(0 100 180)
(0 110 180)
(0 120 180)
(0 130 180)
(0 140 180)
(0 150 180)
(0 160 180)
(0 170 180)
(0 180 180)
(0 190 180)
(0 10 190)
(0 20 190)
(0 30 190)
(0 40 190)
(0 50 190)
(0 60 190)
(0 70 190)
(0 80 190)
(0 90 190)
(0 100 190)
(0 110 190)
(0 120 190)
(0 130 190)
(0 140 190)
(0 150 190)
(0 160 190)
(0 170 190)
(0 180 190)
(0 190 190)
(20 0 10)
(20 0 20)
(20 0 30)
(20 0 40)
(20 0 50)
(20 0 60)
(20 0 70)
(20 0 80)
(20 0 90)
(20 0 100)
(20 0 110)
(20 0 120)
(20 0 130)
(20 0 140)
(20 0 150)
(20 0 160)
(20 0 170)
(20 0 180)
(20 0 190)
(20 10 200)
(20 20 200)
(20 30 200)
(20 40 200)
(20 50 200)
(20 60 200)
(20 70 200)
(20 80 200)
(20 90 200)
(20 100 200)
(20 110 200)
(20 120 200)
(20 130 200)
(20 140 200)
(20 150 200)
(20 160 200)
(20 170 200)
(20 180 200)
(20 190 200)
(20 200 10)
(20 200 20)
(20 200 30)
(20 200 40)
(20 200 50)
(20 200 60)
(20 200 70)
(20 200 80)
(20 200 90)
(20 200 100)
(20 200 110)
(20 200 120)
(20 200 130)
(20 200 140)
(20 200 150)
(20 200 160)
(20 200 170)
(20 200 180)
(20 200 190)
(20 10 0)
(20 20 0)
(20 30 0)
(20 40 0)
(20 50 0)
(20 60 0)
(20 70 0)
(20 80 0)
(20 90 0)
(20 100 0)
(20 110 0)
(20 120 0)
(20 130 0)
(20 140 0)
(20 150 0)
(20 160 0)
(20 170 0)
(20 180 0)
(20 190 0)
(20 10 10)
(20 20 10)
(20 30 10)
(20 40 10)
(20 50 10)
(20 60 10)
(20 70 10)
(20 80 10)
(20 90 10)
(20 100 10)
(20 110 10)
(20 120 10)
(20 130 10)
(20 140 10)
(20 150 10)
(20 160 10)
(20 170 10)
(20 180 10)
(20 190 10)
(20 10 20)
(20 20 20)
(20 30 20)
(20 40 20)
(20 50 20)
(20 60 20)
(20 70 20)
(20 80 20)
(20 90 20)
(20 100 20)
(20 110 20)
(20 120 20)
(20 130 20)
(20 140 20)
(20 150 20)
(20 160 20)
(20 170 20)
(20 180 20)
(20 190 20)
(20 10 30)
(20 20 30)
(20 30 30)
(20 40 30)
(20 50 30)
(20 60 30)
(20 70 30)
(20 80 30)
(20 90 30)
(20 100 30)
(20 110 30)
(20 120 30)
(20 130 30)
(20 140 30)
(20 150 30)
(20 160 30)
(20 170 30)
(20 180 30)
(20 190 30)
(20 10 40)
(20 20 40)
(20 30 40)
(20 40 40)
(20 50 40)
(20 60 40)
(20 70 40)
(20 80 40)
(20 90 40)
(20 100 40)
(20 110 40)
(20 120 40)
(20 130 40)
(20 140 40)
(20 150 40)
(20 160 40)
(20 170 40)
(20 180 40)
(20 190 40)
(20 10 50)
(20 20 50)
(20 30 50)
(20 40 50)
(20 50 50)
(20 60 50)
(20 70 50)
(20 80 50)
(20 90 50)
(20 100 50)
(20 110 50)
(20 120 50)
(20 130 50)
(20 140 50)
(20 150 50)
(20 160 50)
(20 170 50)
(20 180 50)
(20 190 50)
(20 10 60)
(20 20 60)
(20 30 60)
(20 40 60)
(20 50 60)
(20 60 60)
(20 70 60)
(20 80 60)
(20 90 60)
(20 100 60)
(20 110 60)
(20 120 60)
(20 130 60)
(20 140 60)
(20 150 60)
(20 160 60)
(20 170 60)
(20 180 60)
(20 190 60)
(20 10 70)
(20 20 70)
(20 30 70)
(20 40 70)
(20 50 70)
(20 60 70)
(20 70 70)
(20 80 70)
(20 90 70)
(20 100 70)
(20 110 70)
(20 120 70)
(20 130 70)
(20 140 70)
(20 150 70)
(20 160 70)
(20 170 70)
(20 180 70)
(20 190 70)
(20 10 80)
(20 20 80)
(20 30 80)
(20 40 80)
(20 50 80)
(20 60 80)
(20 70 80)
(20 80 80)
(20 90 80)
(20 100 80)
(20 110 80)
(20 120 80)
(20 130 80)
(20 140 80)
(20 150 80)
(20 160 80)
(20 170 80)
(20 180 80)
(20 190 80)
(20 10 90)
(20 20 90)
(20 30 90)
(20 40 90)
(20 50 90)
(20 60 90)
(20 70 90)
(20 80 90)
(20 90 90)
(20 100 90)
(20 110 90)
(20 120 90)
(20 130 90)
(20 140 90)
(20 150 90)
(20 160 90)
(20 170 90)
(20 180 90)
(20 190 90)
(20 10 100)
(20 20 100)
(20 30 100)
(20 40 100)
(20 50 100)
(20 60 100)
(20 70 100)
(20 80 100)
(20 90 100)
(20 100 100)
(20 110 100)
(20 120 100)
(20 130 100)
(20 140 100)
(20 150 100)
(20 160 100)
(20 170 100)
(20 180 100)
(20 190 100)
(20 10 110)
(20 20 110)
(20 30 110)
(20 40 110)
(20 50 110)
(20 60 110)
(20 70 110)
(20 80 110)
(20 90 110)
(20 100 110)
(20 110 110)
(20 120 110)
(20 130 110)
(20 140 110)
(20 150 110)
(20 160 110)
(20 170 110)
(20 180 110)
(20 190 110)
(20 10 120)
(20 20 120)
(20 30 120)
(20 40 120)
(20 50 120)
(20 60 120)
(20 70 120)
(20 80 120)
(20 90 120)
(20 100 120)
(20 110 120)
(20 120 120)
(20 130 120)
(20 140 120)
(20 150 120)
(20 160 120)
(20 170 120)
(20 180 120)
(20 190 120)
(20 10 130)
(20 20 130)
(20 30 130)
(20 40 130)
(20 50 130)
(20 60 130)
(20 70 130)
(20 80 130)
(20 90 130)
(20 100 130)
(20 110 130)
(20 120 130)
(20 130 130)
(20 140 130)
(20 150 130)
(20 160 130)
(20 170 130)
(20 180 130)
(20 190 130)
(20 10 140)
(20 20 140)
(20 30 140)
(20 40 140)
(20 50 140)
(20 60 140)
(20 70 140)
(20 80 140)
(20 90 140)
(20 100 140)
(20 110 140)
(20 120 140)
(20 130 140)
(20 140 140)
(20 150 140)
(20 160 140)
(20 170 140)
(20 180 140)
(20 190 140)
(20 10 150)
(20 20 150)
(20 30 150)
(20 40 150)
(20 50 150)
(20 60 150)
(20 70 150)
(20 80 150)
(20 90 150)
(20 100 150)
(20 110 150)
(20 120 150)
(20 130 150)
(20 140 150)
(20 150 150)
(20 160 150)
(20 170 150)
(20 180 150)
(20 190 150)
(20 10 160)
(20 20 160)
(20 30 160)
(20 40 160)
(20 50 160)
(20 60 160)
(20 70 160)
(20 80 160)
(20 90 160)
(20 100 160)
(20 110 160)
(20 120 160)
(20 130 160)
(20 140 160)
(20 150 160)
(20 160 160)
(20 170 160)
(20 180 160)
(20 190 160)
(20 10 170)
(20 20 170)
(20 30 170)
(20 40 170)
(20 50 170)
(20 60 170)
(20 70 170)
(20 80 170)
(20 90 170)
(20 100 170)
(20 110 170)
(20 120 170)
(20 130 170)
(20 140 170)
(20 150 170)
(20 160 170)
(20 170 170)
(20 180 170)
(20 190 170)
(20 10 180)
(20 20 180)
(20 30 180)
(20 40 180)
(20 50 180)
(20 60 180)
(20 70 180)
(20 80 180)
(20 90 180)
(20 100 180)
(20 110 180)
(20 120 180)
(20 130 180)
(20 140 180)
(20 150 180)
(20 160 180)
(20 170 180)
(20 180 180)
(20 190 180)
(20 10 190)
(20 20 190)
(20 30 190)
(20 40 190)
(20 50 190)
(20 60 190)
(20 70 190)
(20 80 190)
(20 90 190)
(20 100 190)
(20 110 190)
(20 120 190)
(20 130 190)
(20 140 190)
(20 150 190)
(20 160 190)
(20 170 190)
(20 180 190)
(20 190 190)
)


// ************************************************************************* //
