/*--------------------------------*- C++ -*----------------------------------*\
| =========                 |                                                 |
| \\      /  F ield         | OpenFOAM: The Open Source CFD Toolbox           |
|  \\    /   O peration     | Version:  4.1                                   |
|   \\  /    A nd           | Web:      www.OpenFOAM.org                      |
|    \\/     M anipulation  |                                                 |
\*---------------------------------------------------------------------------*/
FoamFile
{
    version     2.0;
    format      ascii;
    class       volVectorField;
    location    "10";
    object      U;
}
// * * * * * * * * * * * * * * * * * * * * * * * * * * * * * * * * * * * * * //

dimensions      [0 1 -1 0 0 0 0];

internalField   nonuniform List<vector> 
400
(
(0.00199398 0 0)
(1.00129e-06 0 0)
(3.3698e-10 0 0)
(8.54894e-14 0 0)
(1.74371e-17 0 0)
(2.97848e-21 0 0)
(4.3822e-25 0 0)
(5.66901e-29 0 0)
(6.55041e-33 0 0)
(6.84476e-37 0 0)
(6.53327e-41 0 0)
(5.74354e-45 0 0)
(4.68298e-49 0 0)
(3.56225e-53 0 0)
(2.54097e-57 0 0)
(1.70714e-61 0 0)
(1.0845e-65 0 0)
(6.53687e-70 0 0)
(3.74997e-74 0 0)
(2.05314e-78 0 0)
(0.00199599 0 0)
(1.00263e-06 0 0)
(3.37492e-10 0 0)
(8.56289e-14 0 0)
(1.74669e-17 0 0)
(2.98374e-21 0 0)
(4.39013e-25 0 0)
(5.67949e-29 0 0)
(6.56273e-33 0 0)
(6.85782e-37 0 0)
(6.54591e-41 0 0)
(5.75478e-45 0 0)
(4.69224e-49 0 0)
(3.56937e-53 0 0)
(2.54609e-57 0 0)
(1.71061e-61 0 0)
(1.08672e-65 0 0)
(6.55037e-70 0 0)
(3.75777e-74 0 0)
(2.05745e-78 0 0)
(0.00199599 0 0)
(1.00263e-06 0 0)
(3.37493e-10 0 0)
(8.5629e-14 0 0)
(1.74669e-17 0 0)
(2.98374e-21 0 0)
(4.39014e-25 0 0)
(5.6795e-29 0 0)
(6.56273e-33 0 0)
(6.85783e-37 0 0)
(6.54591e-41 0 0)
(5.75479e-45 0 0)
(4.69224e-49 0 0)
(3.56937e-53 0 0)
(2.54609e-57 0 0)
(1.71062e-61 0 0)
(1.08672e-65 0 0)
(6.55038e-70 0 0)
(3.75777e-74 0 0)
(2.05745e-78 0 0)
(0.00199599 0 0)
(1.00263e-06 0 0)
(3.37493e-10 0 0)
(8.5629e-14 0 0)
(1.74669e-17 0 0)
(2.98374e-21 0 0)
(4.39014e-25 0 0)
(5.6795e-29 0 0)
(6.56273e-33 0 0)
(6.85783e-37 0 0)
(6.54591e-41 0 0)
(5.75479e-45 0 0)
(4.69224e-49 0 0)
(3.56937e-53 0 0)
(2.54609e-57 0 0)
(1.71062e-61 0 0)
(1.08672e-65 0 0)
(6.55038e-70 0 0)
(3.75777e-74 0 0)
(2.05745e-78 0 0)
(0.00199599 0 0)
(1.00263e-06 0 0)
(3.37493e-10 0 0)
(8.5629e-14 0 0)
(1.74669e-17 0 0)
(2.98374e-21 0 0)
(4.39014e-25 0 0)
(5.6795e-29 0 0)
(6.56273e-33 0 0)
(6.85783e-37 0 0)
(6.54591e-41 0 0)
(5.75479e-45 0 0)
(4.69224e-49 0 0)
(3.56937e-53 0 0)
(2.54609e-57 0 0)
(1.71062e-61 0 0)
(1.08672e-65 0 0)
(6.55038e-70 0 0)
(3.75777e-74 0 0)
(2.05745e-78 0 0)
(0.00199599 0 0)
(1.00263e-06 0 0)
(3.37493e-10 0 0)
(8.5629e-14 0 0)
(1.74669e-17 0 0)
(2.98374e-21 0 0)
(4.39014e-25 0 0)
(5.6795e-29 0 0)
(6.56273e-33 0 0)
(6.85783e-37 0 0)
(6.54591e-41 0 0)
(5.75479e-45 0 0)
(4.69224e-49 0 0)
(3.56937e-53 0 0)
(2.54609e-57 0 0)
(1.71062e-61 0 0)
(1.08672e-65 0 0)
(6.55038e-70 0 0)
(3.75777e-74 0 0)
(2.05745e-78 0 0)
(0.00199599 0 0)
(1.00263e-06 0 0)
(3.37493e-10 0 0)
(8.5629e-14 0 0)
(1.74669e-17 0 0)
(2.98374e-21 0 0)
(4.39014e-25 0 0)
(5.6795e-29 0 0)
(6.56273e-33 0 0)
(6.85783e-37 0 0)
(6.54591e-41 0 0)
(5.75479e-45 0 0)
(4.69224e-49 0 0)
(3.56937e-53 0 0)
(2.54609e-57 0 0)
(1.71062e-61 0 0)
(1.08672e-65 0 0)
(6.55038e-70 0 0)
(3.75777e-74 0 0)
(2.05745e-78 0 0)
(0.00199599 0 0)
(1.00263e-06 0 0)
(3.37493e-10 0 0)
(8.5629e-14 0 0)
(1.74669e-17 0 0)
(2.98374e-21 0 0)
(4.39014e-25 0 0)
(5.6795e-29 0 0)
(6.56273e-33 0 0)
(6.85783e-37 0 0)
(6.54591e-41 0 0)
(5.75479e-45 0 0)
(4.69224e-49 0 0)
(3.56937e-53 0 0)
(2.54609e-57 0 0)
(1.71062e-61 0 0)
(1.08672e-65 0 0)
(6.55038e-70 0 0)
(3.75777e-74 0 0)
(2.05745e-78 0 0)
(0.00199599 0 0)
(1.00263e-06 0 0)
(3.37493e-10 0 0)
(8.5629e-14 0 0)
(1.74669e-17 0 0)
(2.98374e-21 0 0)
(4.39014e-25 0 0)
(5.6795e-29 0 0)
(6.56273e-33 0 0)
(6.85783e-37 0 0)
(6.54591e-41 0 0)
(5.75479e-45 0 0)
(4.69224e-49 0 0)
(3.56937e-53 0 0)
(2.54609e-57 0 0)
(1.71062e-61 0 0)
(1.08672e-65 0 0)
(6.55038e-70 0 0)
(3.75777e-74 0 0)
(2.05745e-78 0 0)
(0.00199599 0 0)
(1.00263e-06 0 0)
(3.37493e-10 0 0)
(8.5629e-14 0 0)
(1.74669e-17 0 0)
(2.98374e-21 0 0)
(4.39014e-25 0 0)
(5.6795e-29 0 0)
(6.56273e-33 0 0)
(6.85783e-37 0 0)
(6.54591e-41 0 0)
(5.75479e-45 0 0)
(4.69224e-49 0 0)
(3.56937e-53 0 0)
(2.54609e-57 0 0)
(1.71062e-61 0 0)
(1.08672e-65 0 0)
(6.55038e-70 0 0)
(3.75777e-74 0 0)
(2.05745e-78 0 0)
(0.00199599 0 0)
(1.00263e-06 0 0)
(3.37493e-10 0 0)
(8.5629e-14 0 0)
(1.74669e-17 0 0)
(2.98374e-21 0 0)
(4.39014e-25 0 0)
(5.6795e-29 0 0)
(6.56273e-33 0 0)
(6.85783e-37 0 0)
(6.54591e-41 0 0)
(5.75479e-45 0 0)
(4.69224e-49 0 0)
(3.56937e-53 0 0)
(2.54609e-57 0 0)
(1.71062e-61 0 0)
(1.08672e-65 0 0)
(6.55038e-70 0 0)
(3.75777e-74 0 0)
(2.05745e-78 0 0)
(0.00199599 0 0)
(1.00263e-06 0 0)
(3.37493e-10 0 0)
(8.5629e-14 0 0)
(1.74669e-17 0 0)
(2.98374e-21 0 0)
(4.39014e-25 0 0)
(5.6795e-29 0 0)
(6.56273e-33 0 0)
(6.85783e-37 0 0)
(6.54591e-41 0 0)
(5.75479e-45 0 0)
(4.69224e-49 0 0)
(3.56937e-53 0 0)
(2.54609e-57 0 0)
(1.71062e-61 0 0)
(1.08672e-65 0 0)
(6.55038e-70 0 0)
(3.75777e-74 0 0)
(2.05745e-78 0 0)
(0.00199599 0 0)
(1.00263e-06 0 0)
(3.37493e-10 0 0)
(8.5629e-14 0 0)
(1.74669e-17 0 0)
(2.98374e-21 0 0)
(4.39014e-25 0 0)
(5.6795e-29 0 0)
(6.56273e-33 0 0)
(6.85783e-37 0 0)
(6.54591e-41 0 0)
(5.75479e-45 0 0)
(4.69224e-49 0 0)
(3.56937e-53 0 0)
(2.54609e-57 0 0)
(1.71062e-61 0 0)
(1.08672e-65 0 0)
(6.55038e-70 0 0)
(3.75777e-74 0 0)
(2.05745e-78 0 0)
(0.00199599 0 0)
(1.00263e-06 0 0)
(3.37493e-10 0 0)
(8.5629e-14 0 0)
(1.74669e-17 0 0)
(2.98374e-21 0 0)
(4.39014e-25 0 0)
(5.6795e-29 0 0)
(6.56273e-33 0 0)
(6.85783e-37 0 0)
(6.54591e-41 0 0)
(5.75479e-45 0 0)
(4.69224e-49 0 0)
(3.56937e-53 0 0)
(2.54609e-57 0 0)
(1.71062e-61 0 0)
(1.08672e-65 0 0)
(6.55038e-70 0 0)
(3.75777e-74 0 0)
(2.05745e-78 0 0)
(0.00199599 0 0)
(1.00263e-06 0 0)
(3.37493e-10 0 0)
(8.5629e-14 0 0)
(1.74669e-17 0 0)
(2.98374e-21 0 0)
(4.39014e-25 0 0)
(5.6795e-29 0 0)
(6.56273e-33 0 0)
(6.85783e-37 0 0)
(6.54591e-41 0 0)
(5.75479e-45 0 0)
(4.69224e-49 0 0)
(3.56937e-53 0 0)
(2.54609e-57 0 0)
(1.71062e-61 0 0)
(1.08672e-65 0 0)
(6.55038e-70 0 0)
(3.75777e-74 0 0)
(2.05745e-78 0 0)
(0.00199599 0 0)
(1.00263e-06 0 0)
(3.37493e-10 0 0)
(8.5629e-14 0 0)
(1.74669e-17 0 0)
(2.98374e-21 0 0)
(4.39014e-25 0 0)
(5.6795e-29 0 0)
(6.56273e-33 0 0)
(6.85783e-37 0 0)
(6.54591e-41 0 0)
(5.75479e-45 0 0)
(4.69224e-49 0 0)
(3.56937e-53 0 0)
(2.54609e-57 0 0)
(1.71062e-61 0 0)
(1.08672e-65 0 0)
(6.55038e-70 0 0)
(3.75777e-74 0 0)
(2.05745e-78 0 0)
(0.00199599 0 0)
(1.00263e-06 0 0)
(3.37493e-10 0 0)
(8.5629e-14 0 0)
(1.74669e-17 0 0)
(2.98374e-21 0 0)
(4.39014e-25 0 0)
(5.6795e-29 0 0)
(6.56273e-33 0 0)
(6.85783e-37 0 0)
(6.54591e-41 0 0)
(5.75479e-45 0 0)
(4.69224e-49 0 0)
(3.56937e-53 0 0)
(2.54609e-57 0 0)
(1.71062e-61 0 0)
(1.08672e-65 0 0)
(6.55038e-70 0 0)
(3.75777e-74 0 0)
(2.05745e-78 0 0)
(0.00199599 0 0)
(1.00263e-06 0 0)
(3.37493e-10 0 0)
(8.5629e-14 0 0)
(1.74669e-17 0 0)
(2.98374e-21 0 0)
(4.39014e-25 0 0)
(5.6795e-29 0 0)
(6.56273e-33 0 0)
(6.85783e-37 0 0)
(6.54591e-41 0 0)
(5.75479e-45 0 0)
(4.69224e-49 0 0)
(3.56937e-53 0 0)
(2.54609e-57 0 0)
(1.71062e-61 0 0)
(1.08672e-65 0 0)
(6.55038e-70 0 0)
(3.75777e-74 0 0)
(2.05745e-78 0 0)
(0.00199599 0 0)
(1.00263e-06 0 0)
(3.37492e-10 0 0)
(8.56289e-14 0 0)
(1.74669e-17 0 0)
(2.98374e-21 0 0)
(4.39013e-25 0 0)
(5.67949e-29 0 0)
(6.56273e-33 0 0)
(6.85782e-37 0 0)
(6.54591e-41 0 0)
(5.75478e-45 0 0)
(4.69224e-49 0 0)
(3.56937e-53 0 0)
(2.54609e-57 0 0)
(1.71061e-61 0 0)
(1.08672e-65 0 0)
(6.55037e-70 0 0)
(3.75777e-74 0 0)
(2.05745e-78 0 0)
(0.00199398 0 0)
(1.00129e-06 0 0)
(3.3698e-10 0 0)
(8.54894e-14 0 0)
(1.74371e-17 0 0)
(2.97848e-21 0 0)
(4.3822e-25 0 0)
(5.66901e-29 0 0)
(6.55041e-33 0 0)
(6.84476e-37 0 0)
(6.53327e-41 0 0)
(5.74354e-45 0 0)
(4.68298e-49 0 0)
(3.56225e-53 0 0)
(2.54097e-57 0 0)
(1.70714e-61 0 0)
(1.0845e-65 0 0)
(6.53687e-70 0 0)
(3.74997e-74 0 0)
(2.05314e-78 0 0)
)
;

boundaryField
{
    sourceFaceleft
    {
        type            noSlip;
    }
    destinationFaceleft
    {
        type            noSlip;
    }
    channelWallsleft
    {
        type            noSlip;
    }
    leftRightWallleft
    {
        type            zeroGradient;
    }
    inlet
    {
        type            fixedValue;
        value           uniform (1 0 0);
    }
}


// ************************************************************************* //
