/*--------------------------------*- C++ -*----------------------------------*\
| =========                 |                                                 |
| \\      /  F ield         | OpenFOAM: The Open Source CFD Toolbox           |
|  \\    /   O peration     | Version:  4.1                                   |
|   \\  /    A nd           | Web:      www.OpenFOAM.org                      |
|    \\/     M anipulation  |                                                 |
\*---------------------------------------------------------------------------*/
FoamFile
{
    version     2.0;
    format      ascii;
    class       volVectorField;
    location    "6";
    object      U;
}
// * * * * * * * * * * * * * * * * * * * * * * * * * * * * * * * * * * * * * //

dimensions      [0 1 -1 0 0 0 0];

internalField   nonuniform List<vector> 
2000
(
(1.19755e-86 0 0)
(1.53445e-90 0 0)
(1.88684e-94 0 0)
(2.2467e-98 0 0)
(2.58613e-102 0 0)
(2.8822e-106 0 0)
(3.11448e-110 0 0)
(3.26747e-114 0 0)
(3.33224e-118 0 0)
(3.30715e-122 0 0)
(3.19765e-126 0 0)
(3.01506e-130 0 0)
(2.77496e-134 0 0)
(2.49513e-138 0 0)
(2.19362e-142 0 0)
(1.88711e-146 0 0)
(1.58971e-150 0 0)
(1.31227e-154 0 0)
(1.06218e-158 0 0)
(8.43548e-163 0 0)
(6.57674e-167 0 0)
(5.03667e-171 0 0)
(3.79087e-175 0 0)
(2.80552e-179 0 0)
(2.04257e-183 0 0)
(1.46361e-187 0 0)
(1.03265e-191 0 0)
(7.17687e-196 0 0)
(4.91527e-200 0 0)
(3.31861e-204 0 0)
(2.20963e-208 0 0)
(1.4514e-212 0 0)
(9.40827e-217 0 0)
(6.02038e-221 0 0)
(3.80421e-225 0 0)
(2.37445e-229 0 0)
(1.46433e-233 0 0)
(8.92522e-238 0 0)
(5.37791e-242 0 0)
(3.2045e-246 0 0)
(1.19786e-86 0 0)
(1.5352e-90 0 0)
(1.88819e-94 0 0)
(2.24878e-98 0 0)
(2.58902e-102 0 0)
(2.88594e-106 0 0)
(3.11906e-110 0 0)
(3.27281e-114 0 0)
(3.3382e-118 0 0)
(3.31356e-122 0 0)
(3.20429e-126 0 0)
(3.02173e-130 0 0)
(2.78146e-134 0 0)
(2.50128e-138 0 0)
(2.19928e-142 0 0)
(1.8922e-146 0 0)
(1.59418e-150 0 0)
(1.3161e-154 0 0)
(1.06539e-158 0 0)
(8.46181e-163 0 0)
(6.59792e-167 0 0)
(5.05337e-171 0 0)
(3.80379e-175 0 0)
(2.81534e-179 0 0)
(2.04989e-183 0 0)
(1.46899e-187 0 0)
(1.03653e-191 0 0)
(7.20442e-196 0 0)
(4.93454e-200 0 0)
(3.33188e-204 0 0)
(2.21863e-208 0 0)
(1.45743e-212 0 0)
(9.44805e-217 0 0)
(6.04627e-221 0 0)
(3.82085e-225 0 0)
(2.385e-229 0 0)
(1.47095e-233 0 0)
(8.96613e-238 0 0)
(5.40293e-242 0 0)
(3.21963e-246 0 0)
(1.19939e-86 0 0)
(1.5371e-90 0 0)
(1.89044e-94 0 0)
(2.25136e-98 0 0)
(2.5919e-102 0 0)
(2.88905e-106 0 0)
(3.12233e-110 0 0)
(3.27614e-114 0 0)
(3.34151e-118 0 0)
(3.31676e-122 0 0)
(3.20731e-126 0 0)
(3.02451e-130 0 0)
(2.78396e-134 0 0)
(2.50348e-138 0 0)
(2.20118e-142 0 0)
(1.89379e-146 0 0)
(1.59549e-150 0 0)
(1.31717e-154 0 0)
(1.06624e-158 0 0)
(8.46841e-163 0 0)
(6.60297e-167 0 0)
(5.05718e-171 0 0)
(3.8066e-175 0 0)
(2.81739e-179 0 0)
(2.05136e-183 0 0)
(1.47003e-187 0 0)
(1.03725e-191 0 0)
(7.20936e-196 0 0)
(4.93788e-200 0 0)
(3.3341e-204 0 0)
(2.2201e-208 0 0)
(1.45838e-212 0 0)
(9.45411e-217 0 0)
(6.05011e-221 0 0)
(3.82324e-225 0 0)
(2.38648e-229 0 0)
(1.47185e-233 0 0)
(8.97156e-238 0 0)
(5.40616e-242 0 0)
(3.22153e-246 0 0)
(1.19939e-86 0 0)
(1.5371e-90 0 0)
(1.89044e-94 0 0)
(2.25137e-98 0 0)
(2.5919e-102 0 0)
(2.88906e-106 0 0)
(3.12233e-110 0 0)
(3.27615e-114 0 0)
(3.34151e-118 0 0)
(3.31676e-122 0 0)
(3.20731e-126 0 0)
(3.02451e-130 0 0)
(2.78396e-134 0 0)
(2.50348e-138 0 0)
(2.20118e-142 0 0)
(1.8938e-146 0 0)
(1.5955e-150 0 0)
(1.31717e-154 0 0)
(1.06624e-158 0 0)
(8.46842e-163 0 0)
(6.60298e-167 0 0)
(5.05718e-171 0 0)
(3.80661e-175 0 0)
(2.81739e-179 0 0)
(2.05137e-183 0 0)
(1.47003e-187 0 0)
(1.03725e-191 0 0)
(7.20937e-196 0 0)
(4.93789e-200 0 0)
(3.33411e-204 0 0)
(2.2201e-208 0 0)
(1.45838e-212 0 0)
(9.45412e-217 0 0)
(6.05012e-221 0 0)
(3.82325e-225 0 0)
(2.38648e-229 0 0)
(1.47185e-233 0 0)
(8.97157e-238 0 0)
(5.40617e-242 0 0)
(3.22154e-246 0 0)
(1.19939e-86 0 0)
(1.5371e-90 0 0)
(1.89044e-94 0 0)
(2.25137e-98 0 0)
(2.59191e-102 0 0)
(2.88906e-106 0 0)
(3.12233e-110 0 0)
(3.27615e-114 0 0)
(3.34151e-118 0 0)
(3.31676e-122 0 0)
(3.20731e-126 0 0)
(3.02451e-130 0 0)
(2.78396e-134 0 0)
(2.50348e-138 0 0)
(2.20118e-142 0 0)
(1.8938e-146 0 0)
(1.5955e-150 0 0)
(1.31717e-154 0 0)
(1.06624e-158 0 0)
(8.46842e-163 0 0)
(6.60298e-167 0 0)
(5.05718e-171 0 0)
(3.80661e-175 0 0)
(2.81739e-179 0 0)
(2.05137e-183 0 0)
(1.47003e-187 0 0)
(1.03725e-191 0 0)
(7.20937e-196 0 0)
(4.93789e-200 0 0)
(3.33411e-204 0 0)
(2.2201e-208 0 0)
(1.45838e-212 0 0)
(9.45412e-217 0 0)
(6.05012e-221 0 0)
(3.82325e-225 0 0)
(2.38648e-229 0 0)
(1.47185e-233 0 0)
(8.97157e-238 0 0)
(5.40617e-242 0 0)
(3.22154e-246 0 0)
(1.19939e-86 0 0)
(1.5371e-90 0 0)
(1.89044e-94 0 0)
(2.25137e-98 0 0)
(2.59191e-102 0 0)
(2.88906e-106 0 0)
(3.12233e-110 0 0)
(3.27615e-114 0 0)
(3.34151e-118 0 0)
(3.31676e-122 0 0)
(3.20731e-126 0 0)
(3.02451e-130 0 0)
(2.78396e-134 0 0)
(2.50348e-138 0 0)
(2.20118e-142 0 0)
(1.8938e-146 0 0)
(1.5955e-150 0 0)
(1.31717e-154 0 0)
(1.06624e-158 0 0)
(8.46842e-163 0 0)
(6.60298e-167 0 0)
(5.05718e-171 0 0)
(3.80661e-175 0 0)
(2.81739e-179 0 0)
(2.05137e-183 0 0)
(1.47003e-187 0 0)
(1.03725e-191 0 0)
(7.20937e-196 0 0)
(4.93789e-200 0 0)
(3.33411e-204 0 0)
(2.2201e-208 0 0)
(1.45838e-212 0 0)
(9.45412e-217 0 0)
(6.05012e-221 0 0)
(3.82325e-225 0 0)
(2.38648e-229 0 0)
(1.47185e-233 0 0)
(8.97157e-238 0 0)
(5.40617e-242 0 0)
(3.22154e-246 0 0)
(1.19939e-86 0 0)
(1.5371e-90 0 0)
(1.89044e-94 0 0)
(2.25137e-98 0 0)
(2.59191e-102 0 0)
(2.88906e-106 0 0)
(3.12233e-110 0 0)
(3.27615e-114 0 0)
(3.34151e-118 0 0)
(3.31676e-122 0 0)
(3.20731e-126 0 0)
(3.02451e-130 0 0)
(2.78396e-134 0 0)
(2.50348e-138 0 0)
(2.20118e-142 0 0)
(1.8938e-146 0 0)
(1.5955e-150 0 0)
(1.31717e-154 0 0)
(1.06624e-158 0 0)
(8.46842e-163 0 0)
(6.60298e-167 0 0)
(5.05718e-171 0 0)
(3.80661e-175 0 0)
(2.81739e-179 0 0)
(2.05137e-183 0 0)
(1.47003e-187 0 0)
(1.03725e-191 0 0)
(7.20937e-196 0 0)
(4.93789e-200 0 0)
(3.33411e-204 0 0)
(2.2201e-208 0 0)
(1.45838e-212 0 0)
(9.45412e-217 0 0)
(6.05012e-221 0 0)
(3.82325e-225 0 0)
(2.38648e-229 0 0)
(1.47185e-233 0 0)
(8.97157e-238 0 0)
(5.40617e-242 0 0)
(3.22154e-246 0 0)
(1.19939e-86 0 0)
(1.5371e-90 0 0)
(1.89044e-94 0 0)
(2.25137e-98 0 0)
(2.59191e-102 0 0)
(2.88906e-106 0 0)
(3.12233e-110 0 0)
(3.27615e-114 0 0)
(3.34151e-118 0 0)
(3.31676e-122 0 0)
(3.20731e-126 0 0)
(3.02451e-130 0 0)
(2.78396e-134 0 0)
(2.50348e-138 0 0)
(2.20118e-142 0 0)
(1.8938e-146 0 0)
(1.5955e-150 0 0)
(1.31717e-154 0 0)
(1.06624e-158 0 0)
(8.46842e-163 0 0)
(6.60298e-167 0 0)
(5.05718e-171 0 0)
(3.80661e-175 0 0)
(2.81739e-179 0 0)
(2.05137e-183 0 0)
(1.47003e-187 0 0)
(1.03725e-191 0 0)
(7.20937e-196 0 0)
(4.93789e-200 0 0)
(3.33411e-204 0 0)
(2.2201e-208 0 0)
(1.45838e-212 0 0)
(9.45412e-217 0 0)
(6.05012e-221 0 0)
(3.82325e-225 0 0)
(2.38648e-229 0 0)
(1.47185e-233 0 0)
(8.97157e-238 0 0)
(5.40617e-242 0 0)
(3.22154e-246 0 0)
(1.19939e-86 0 0)
(1.5371e-90 0 0)
(1.89044e-94 0 0)
(2.25137e-98 0 0)
(2.59191e-102 0 0)
(2.88906e-106 0 0)
(3.12233e-110 0 0)
(3.27615e-114 0 0)
(3.34151e-118 0 0)
(3.31676e-122 0 0)
(3.20731e-126 0 0)
(3.02451e-130 0 0)
(2.78396e-134 0 0)
(2.50348e-138 0 0)
(2.20118e-142 0 0)
(1.8938e-146 0 0)
(1.5955e-150 0 0)
(1.31717e-154 0 0)
(1.06624e-158 0 0)
(8.46842e-163 0 0)
(6.60298e-167 0 0)
(5.05718e-171 0 0)
(3.80661e-175 0 0)
(2.81739e-179 0 0)
(2.05137e-183 0 0)
(1.47003e-187 0 0)
(1.03725e-191 0 0)
(7.20937e-196 0 0)
(4.93789e-200 0 0)
(3.33411e-204 0 0)
(2.2201e-208 0 0)
(1.45838e-212 0 0)
(9.45412e-217 0 0)
(6.05012e-221 0 0)
(3.82325e-225 0 0)
(2.38648e-229 0 0)
(1.47185e-233 0 0)
(8.97157e-238 0 0)
(5.40617e-242 0 0)
(3.22154e-246 0 0)
(1.19939e-86 0 0)
(1.5371e-90 0 0)
(1.89044e-94 0 0)
(2.25137e-98 0 0)
(2.59191e-102 0 0)
(2.88906e-106 0 0)
(3.12233e-110 0 0)
(3.27615e-114 0 0)
(3.34151e-118 0 0)
(3.31676e-122 0 0)
(3.20731e-126 0 0)
(3.02451e-130 0 0)
(2.78396e-134 0 0)
(2.50348e-138 0 0)
(2.20118e-142 0 0)
(1.8938e-146 0 0)
(1.5955e-150 0 0)
(1.31717e-154 0 0)
(1.06624e-158 0 0)
(8.46842e-163 0 0)
(6.60298e-167 0 0)
(5.05718e-171 0 0)
(3.80661e-175 0 0)
(2.81739e-179 0 0)
(2.05137e-183 0 0)
(1.47003e-187 0 0)
(1.03725e-191 0 0)
(7.20937e-196 0 0)
(4.93789e-200 0 0)
(3.33411e-204 0 0)
(2.2201e-208 0 0)
(1.45838e-212 0 0)
(9.45412e-217 0 0)
(6.05012e-221 0 0)
(3.82325e-225 0 0)
(2.38648e-229 0 0)
(1.47185e-233 0 0)
(8.97157e-238 0 0)
(5.40617e-242 0 0)
(3.22154e-246 0 0)
(1.19939e-86 0 0)
(1.5371e-90 0 0)
(1.89044e-94 0 0)
(2.25137e-98 0 0)
(2.59191e-102 0 0)
(2.88906e-106 0 0)
(3.12233e-110 0 0)
(3.27615e-114 0 0)
(3.34151e-118 0 0)
(3.31676e-122 0 0)
(3.20731e-126 0 0)
(3.02451e-130 0 0)
(2.78396e-134 0 0)
(2.50348e-138 0 0)
(2.20118e-142 0 0)
(1.8938e-146 0 0)
(1.5955e-150 0 0)
(1.31717e-154 0 0)
(1.06624e-158 0 0)
(8.46842e-163 0 0)
(6.60298e-167 0 0)
(5.05718e-171 0 0)
(3.80661e-175 0 0)
(2.81739e-179 0 0)
(2.05137e-183 0 0)
(1.47003e-187 0 0)
(1.03725e-191 0 0)
(7.20937e-196 0 0)
(4.93789e-200 0 0)
(3.33411e-204 0 0)
(2.2201e-208 0 0)
(1.45838e-212 0 0)
(9.45412e-217 0 0)
(6.05012e-221 0 0)
(3.82325e-225 0 0)
(2.38648e-229 0 0)
(1.47185e-233 0 0)
(8.97157e-238 0 0)
(5.40617e-242 0 0)
(3.22154e-246 0 0)
(1.19939e-86 0 0)
(1.5371e-90 0 0)
(1.89044e-94 0 0)
(2.25137e-98 0 0)
(2.59191e-102 0 0)
(2.88906e-106 0 0)
(3.12233e-110 0 0)
(3.27615e-114 0 0)
(3.34151e-118 0 0)
(3.31676e-122 0 0)
(3.20731e-126 0 0)
(3.02451e-130 0 0)
(2.78396e-134 0 0)
(2.50348e-138 0 0)
(2.20118e-142 0 0)
(1.8938e-146 0 0)
(1.5955e-150 0 0)
(1.31717e-154 0 0)
(1.06624e-158 0 0)
(8.46842e-163 0 0)
(6.60298e-167 0 0)
(5.05718e-171 0 0)
(3.80661e-175 0 0)
(2.81739e-179 0 0)
(2.05137e-183 0 0)
(1.47003e-187 0 0)
(1.03725e-191 0 0)
(7.20937e-196 0 0)
(4.93789e-200 0 0)
(3.33411e-204 0 0)
(2.2201e-208 0 0)
(1.45838e-212 0 0)
(9.45412e-217 0 0)
(6.05012e-221 0 0)
(3.82325e-225 0 0)
(2.38648e-229 0 0)
(1.47185e-233 0 0)
(8.97157e-238 0 0)
(5.40617e-242 0 0)
(3.22154e-246 0 0)
(1.19939e-86 0 0)
(1.5371e-90 0 0)
(1.89044e-94 0 0)
(2.25137e-98 0 0)
(2.59191e-102 0 0)
(2.88906e-106 0 0)
(3.12233e-110 0 0)
(3.27615e-114 0 0)
(3.34151e-118 0 0)
(3.31676e-122 0 0)
(3.20731e-126 0 0)
(3.02451e-130 0 0)
(2.78396e-134 0 0)
(2.50348e-138 0 0)
(2.20118e-142 0 0)
(1.8938e-146 0 0)
(1.5955e-150 0 0)
(1.31717e-154 0 0)
(1.06624e-158 0 0)
(8.46842e-163 0 0)
(6.60298e-167 0 0)
(5.05718e-171 0 0)
(3.80661e-175 0 0)
(2.81739e-179 0 0)
(2.05137e-183 0 0)
(1.47003e-187 0 0)
(1.03725e-191 0 0)
(7.20937e-196 0 0)
(4.93789e-200 0 0)
(3.33411e-204 0 0)
(2.2201e-208 0 0)
(1.45838e-212 0 0)
(9.45412e-217 0 0)
(6.05012e-221 0 0)
(3.82325e-225 0 0)
(2.38648e-229 0 0)
(1.47185e-233 0 0)
(8.97157e-238 0 0)
(5.40617e-242 0 0)
(3.22154e-246 0 0)
(1.19939e-86 0 0)
(1.5371e-90 0 0)
(1.89044e-94 0 0)
(2.25137e-98 0 0)
(2.59191e-102 0 0)
(2.88906e-106 0 0)
(3.12233e-110 0 0)
(3.27615e-114 0 0)
(3.34151e-118 0 0)
(3.31676e-122 0 0)
(3.20731e-126 0 0)
(3.02451e-130 0 0)
(2.78396e-134 0 0)
(2.50348e-138 0 0)
(2.20118e-142 0 0)
(1.8938e-146 0 0)
(1.5955e-150 0 0)
(1.31717e-154 0 0)
(1.06624e-158 0 0)
(8.46842e-163 0 0)
(6.60298e-167 0 0)
(5.05718e-171 0 0)
(3.80661e-175 0 0)
(2.81739e-179 0 0)
(2.05137e-183 0 0)
(1.47003e-187 0 0)
(1.03725e-191 0 0)
(7.20937e-196 0 0)
(4.93789e-200 0 0)
(3.33411e-204 0 0)
(2.2201e-208 0 0)
(1.45838e-212 0 0)
(9.45412e-217 0 0)
(6.05012e-221 0 0)
(3.82325e-225 0 0)
(2.38648e-229 0 0)
(1.47185e-233 0 0)
(8.97157e-238 0 0)
(5.40617e-242 0 0)
(3.22154e-246 0 0)
(1.19939e-86 0 0)
(1.5371e-90 0 0)
(1.89044e-94 0 0)
(2.25137e-98 0 0)
(2.59191e-102 0 0)
(2.88906e-106 0 0)
(3.12233e-110 0 0)
(3.27615e-114 0 0)
(3.34151e-118 0 0)
(3.31676e-122 0 0)
(3.20731e-126 0 0)
(3.02451e-130 0 0)
(2.78396e-134 0 0)
(2.50348e-138 0 0)
(2.20118e-142 0 0)
(1.8938e-146 0 0)
(1.5955e-150 0 0)
(1.31717e-154 0 0)
(1.06624e-158 0 0)
(8.46842e-163 0 0)
(6.60298e-167 0 0)
(5.05718e-171 0 0)
(3.80661e-175 0 0)
(2.81739e-179 0 0)
(2.05137e-183 0 0)
(1.47003e-187 0 0)
(1.03725e-191 0 0)
(7.20937e-196 0 0)
(4.93789e-200 0 0)
(3.33411e-204 0 0)
(2.2201e-208 0 0)
(1.45838e-212 0 0)
(9.45412e-217 0 0)
(6.05012e-221 0 0)
(3.82325e-225 0 0)
(2.38648e-229 0 0)
(1.47185e-233 0 0)
(8.97157e-238 0 0)
(5.40617e-242 0 0)
(3.22154e-246 0 0)
(1.19939e-86 0 0)
(1.5371e-90 0 0)
(1.89044e-94 0 0)
(2.25137e-98 0 0)
(2.59191e-102 0 0)
(2.88906e-106 0 0)
(3.12233e-110 0 0)
(3.27615e-114 0 0)
(3.34151e-118 0 0)
(3.31676e-122 0 0)
(3.20731e-126 0 0)
(3.02451e-130 0 0)
(2.78396e-134 0 0)
(2.50348e-138 0 0)
(2.20118e-142 0 0)
(1.8938e-146 0 0)
(1.5955e-150 0 0)
(1.31717e-154 0 0)
(1.06624e-158 0 0)
(8.46842e-163 0 0)
(6.60298e-167 0 0)
(5.05718e-171 0 0)
(3.80661e-175 0 0)
(2.81739e-179 0 0)
(2.05137e-183 0 0)
(1.47003e-187 0 0)
(1.03725e-191 0 0)
(7.20937e-196 0 0)
(4.93789e-200 0 0)
(3.33411e-204 0 0)
(2.2201e-208 0 0)
(1.45838e-212 0 0)
(9.45412e-217 0 0)
(6.05012e-221 0 0)
(3.82325e-225 0 0)
(2.38648e-229 0 0)
(1.47185e-233 0 0)
(8.97157e-238 0 0)
(5.40617e-242 0 0)
(3.22154e-246 0 0)
(1.19939e-86 0 0)
(1.5371e-90 0 0)
(1.89044e-94 0 0)
(2.25137e-98 0 0)
(2.59191e-102 0 0)
(2.88906e-106 0 0)
(3.12233e-110 0 0)
(3.27615e-114 0 0)
(3.34151e-118 0 0)
(3.31676e-122 0 0)
(3.20731e-126 0 0)
(3.02451e-130 0 0)
(2.78396e-134 0 0)
(2.50348e-138 0 0)
(2.20118e-142 0 0)
(1.8938e-146 0 0)
(1.5955e-150 0 0)
(1.31717e-154 0 0)
(1.06624e-158 0 0)
(8.46842e-163 0 0)
(6.60298e-167 0 0)
(5.05718e-171 0 0)
(3.80661e-175 0 0)
(2.81739e-179 0 0)
(2.05137e-183 0 0)
(1.47003e-187 0 0)
(1.03725e-191 0 0)
(7.20937e-196 0 0)
(4.93789e-200 0 0)
(3.33411e-204 0 0)
(2.2201e-208 0 0)
(1.45838e-212 0 0)
(9.45412e-217 0 0)
(6.05012e-221 0 0)
(3.82325e-225 0 0)
(2.38648e-229 0 0)
(1.47185e-233 0 0)
(8.97157e-238 0 0)
(5.40617e-242 0 0)
(3.22154e-246 0 0)
(1.19939e-86 0 0)
(1.5371e-90 0 0)
(1.89044e-94 0 0)
(2.25137e-98 0 0)
(2.59191e-102 0 0)
(2.88906e-106 0 0)
(3.12233e-110 0 0)
(3.27615e-114 0 0)
(3.34151e-118 0 0)
(3.31676e-122 0 0)
(3.20731e-126 0 0)
(3.02451e-130 0 0)
(2.78396e-134 0 0)
(2.50348e-138 0 0)
(2.20118e-142 0 0)
(1.8938e-146 0 0)
(1.5955e-150 0 0)
(1.31717e-154 0 0)
(1.06624e-158 0 0)
(8.46842e-163 0 0)
(6.60298e-167 0 0)
(5.05718e-171 0 0)
(3.80661e-175 0 0)
(2.81739e-179 0 0)
(2.05137e-183 0 0)
(1.47003e-187 0 0)
(1.03725e-191 0 0)
(7.20937e-196 0 0)
(4.93789e-200 0 0)
(3.33411e-204 0 0)
(2.2201e-208 0 0)
(1.45838e-212 0 0)
(9.45412e-217 0 0)
(6.05012e-221 0 0)
(3.82325e-225 0 0)
(2.38648e-229 0 0)
(1.47185e-233 0 0)
(8.97157e-238 0 0)
(5.40617e-242 0 0)
(3.22154e-246 0 0)
(1.19939e-86 0 0)
(1.5371e-90 0 0)
(1.89044e-94 0 0)
(2.25137e-98 0 0)
(2.59191e-102 0 0)
(2.88906e-106 0 0)
(3.12233e-110 0 0)
(3.27615e-114 0 0)
(3.34151e-118 0 0)
(3.31676e-122 0 0)
(3.20731e-126 0 0)
(3.02451e-130 0 0)
(2.78396e-134 0 0)
(2.50348e-138 0 0)
(2.20118e-142 0 0)
(1.8938e-146 0 0)
(1.5955e-150 0 0)
(1.31717e-154 0 0)
(1.06624e-158 0 0)
(8.46842e-163 0 0)
(6.60298e-167 0 0)
(5.05718e-171 0 0)
(3.80661e-175 0 0)
(2.81739e-179 0 0)
(2.05137e-183 0 0)
(1.47003e-187 0 0)
(1.03725e-191 0 0)
(7.20937e-196 0 0)
(4.93789e-200 0 0)
(3.33411e-204 0 0)
(2.2201e-208 0 0)
(1.45838e-212 0 0)
(9.45412e-217 0 0)
(6.05012e-221 0 0)
(3.82325e-225 0 0)
(2.38648e-229 0 0)
(1.47185e-233 0 0)
(8.97157e-238 0 0)
(5.40617e-242 0 0)
(3.22154e-246 0 0)
(1.19939e-86 0 0)
(1.5371e-90 0 0)
(1.89044e-94 0 0)
(2.25137e-98 0 0)
(2.59191e-102 0 0)
(2.88906e-106 0 0)
(3.12233e-110 0 0)
(3.27615e-114 0 0)
(3.34151e-118 0 0)
(3.31676e-122 0 0)
(3.20731e-126 0 0)
(3.02451e-130 0 0)
(2.78396e-134 0 0)
(2.50348e-138 0 0)
(2.20118e-142 0 0)
(1.8938e-146 0 0)
(1.5955e-150 0 0)
(1.31717e-154 0 0)
(1.06624e-158 0 0)
(8.46842e-163 0 0)
(6.60298e-167 0 0)
(5.05718e-171 0 0)
(3.80661e-175 0 0)
(2.81739e-179 0 0)
(2.05137e-183 0 0)
(1.47003e-187 0 0)
(1.03725e-191 0 0)
(7.20937e-196 0 0)
(4.93789e-200 0 0)
(3.33411e-204 0 0)
(2.2201e-208 0 0)
(1.45838e-212 0 0)
(9.45412e-217 0 0)
(6.05012e-221 0 0)
(3.82325e-225 0 0)
(2.38648e-229 0 0)
(1.47185e-233 0 0)
(8.97157e-238 0 0)
(5.40617e-242 0 0)
(3.22154e-246 0 0)
(1.19939e-86 0 0)
(1.5371e-90 0 0)
(1.89044e-94 0 0)
(2.25137e-98 0 0)
(2.59191e-102 0 0)
(2.88906e-106 0 0)
(3.12233e-110 0 0)
(3.27615e-114 0 0)
(3.34151e-118 0 0)
(3.31676e-122 0 0)
(3.20731e-126 0 0)
(3.02451e-130 0 0)
(2.78396e-134 0 0)
(2.50348e-138 0 0)
(2.20118e-142 0 0)
(1.8938e-146 0 0)
(1.5955e-150 0 0)
(1.31717e-154 0 0)
(1.06624e-158 0 0)
(8.46842e-163 0 0)
(6.60298e-167 0 0)
(5.05718e-171 0 0)
(3.80661e-175 0 0)
(2.81739e-179 0 0)
(2.05137e-183 0 0)
(1.47003e-187 0 0)
(1.03725e-191 0 0)
(7.20937e-196 0 0)
(4.93789e-200 0 0)
(3.33411e-204 0 0)
(2.2201e-208 0 0)
(1.45838e-212 0 0)
(9.45412e-217 0 0)
(6.05012e-221 0 0)
(3.82325e-225 0 0)
(2.38648e-229 0 0)
(1.47185e-233 0 0)
(8.97157e-238 0 0)
(5.40617e-242 0 0)
(3.22154e-246 0 0)
(1.19939e-86 0 0)
(1.5371e-90 0 0)
(1.89044e-94 0 0)
(2.25137e-98 0 0)
(2.59191e-102 0 0)
(2.88906e-106 0 0)
(3.12233e-110 0 0)
(3.27615e-114 0 0)
(3.34151e-118 0 0)
(3.31676e-122 0 0)
(3.20731e-126 0 0)
(3.02451e-130 0 0)
(2.78396e-134 0 0)
(2.50348e-138 0 0)
(2.20118e-142 0 0)
(1.8938e-146 0 0)
(1.5955e-150 0 0)
(1.31717e-154 0 0)
(1.06624e-158 0 0)
(8.46842e-163 0 0)
(6.60298e-167 0 0)
(5.05718e-171 0 0)
(3.80661e-175 0 0)
(2.81739e-179 0 0)
(2.05137e-183 0 0)
(1.47003e-187 0 0)
(1.03725e-191 0 0)
(7.20937e-196 0 0)
(4.93789e-200 0 0)
(3.33411e-204 0 0)
(2.2201e-208 0 0)
(1.45838e-212 0 0)
(9.45412e-217 0 0)
(6.05012e-221 0 0)
(3.82325e-225 0 0)
(2.38648e-229 0 0)
(1.47185e-233 0 0)
(8.97157e-238 0 0)
(5.40617e-242 0 0)
(3.22154e-246 0 0)
(1.19939e-86 0 0)
(1.5371e-90 0 0)
(1.89044e-94 0 0)
(2.25137e-98 0 0)
(2.59191e-102 0 0)
(2.88906e-106 0 0)
(3.12233e-110 0 0)
(3.27615e-114 0 0)
(3.34151e-118 0 0)
(3.31676e-122 0 0)
(3.20731e-126 0 0)
(3.02451e-130 0 0)
(2.78396e-134 0 0)
(2.50348e-138 0 0)
(2.20118e-142 0 0)
(1.8938e-146 0 0)
(1.5955e-150 0 0)
(1.31717e-154 0 0)
(1.06624e-158 0 0)
(8.46842e-163 0 0)
(6.60298e-167 0 0)
(5.05718e-171 0 0)
(3.80661e-175 0 0)
(2.81739e-179 0 0)
(2.05137e-183 0 0)
(1.47003e-187 0 0)
(1.03725e-191 0 0)
(7.20937e-196 0 0)
(4.93789e-200 0 0)
(3.33411e-204 0 0)
(2.2201e-208 0 0)
(1.45838e-212 0 0)
(9.45412e-217 0 0)
(6.05012e-221 0 0)
(3.82325e-225 0 0)
(2.38648e-229 0 0)
(1.47185e-233 0 0)
(8.97157e-238 0 0)
(5.40617e-242 0 0)
(3.22154e-246 0 0)
(1.19939e-86 0 0)
(1.5371e-90 0 0)
(1.89044e-94 0 0)
(2.25137e-98 0 0)
(2.59191e-102 0 0)
(2.88906e-106 0 0)
(3.12233e-110 0 0)
(3.27615e-114 0 0)
(3.34151e-118 0 0)
(3.31676e-122 0 0)
(3.20731e-126 0 0)
(3.02451e-130 0 0)
(2.78396e-134 0 0)
(2.50348e-138 0 0)
(2.20118e-142 0 0)
(1.8938e-146 0 0)
(1.5955e-150 0 0)
(1.31717e-154 0 0)
(1.06624e-158 0 0)
(8.46842e-163 0 0)
(6.60298e-167 0 0)
(5.05718e-171 0 0)
(3.80661e-175 0 0)
(2.81739e-179 0 0)
(2.05137e-183 0 0)
(1.47003e-187 0 0)
(1.03725e-191 0 0)
(7.20937e-196 0 0)
(4.93789e-200 0 0)
(3.33411e-204 0 0)
(2.2201e-208 0 0)
(1.45838e-212 0 0)
(9.45412e-217 0 0)
(6.05012e-221 0 0)
(3.82325e-225 0 0)
(2.38648e-229 0 0)
(1.47185e-233 0 0)
(8.97157e-238 0 0)
(5.40617e-242 0 0)
(3.22154e-246 0 0)
(1.19939e-86 0 0)
(1.5371e-90 0 0)
(1.89044e-94 0 0)
(2.25137e-98 0 0)
(2.59191e-102 0 0)
(2.88906e-106 0 0)
(3.12233e-110 0 0)
(3.27615e-114 0 0)
(3.34151e-118 0 0)
(3.31676e-122 0 0)
(3.20731e-126 0 0)
(3.02451e-130 0 0)
(2.78396e-134 0 0)
(2.50348e-138 0 0)
(2.20118e-142 0 0)
(1.8938e-146 0 0)
(1.5955e-150 0 0)
(1.31717e-154 0 0)
(1.06624e-158 0 0)
(8.46842e-163 0 0)
(6.60298e-167 0 0)
(5.05718e-171 0 0)
(3.80661e-175 0 0)
(2.81739e-179 0 0)
(2.05137e-183 0 0)
(1.47003e-187 0 0)
(1.03725e-191 0 0)
(7.20937e-196 0 0)
(4.93789e-200 0 0)
(3.33411e-204 0 0)
(2.2201e-208 0 0)
(1.45838e-212 0 0)
(9.45412e-217 0 0)
(6.05012e-221 0 0)
(3.82325e-225 0 0)
(2.38648e-229 0 0)
(1.47185e-233 0 0)
(8.97157e-238 0 0)
(5.40617e-242 0 0)
(3.22154e-246 0 0)
(1.19939e-86 0 0)
(1.5371e-90 0 0)
(1.89044e-94 0 0)
(2.25137e-98 0 0)
(2.59191e-102 0 0)
(2.88906e-106 0 0)
(3.12233e-110 0 0)
(3.27615e-114 0 0)
(3.34151e-118 0 0)
(3.31676e-122 0 0)
(3.20731e-126 0 0)
(3.02451e-130 0 0)
(2.78396e-134 0 0)
(2.50348e-138 0 0)
(2.20118e-142 0 0)
(1.8938e-146 0 0)
(1.5955e-150 0 0)
(1.31717e-154 0 0)
(1.06624e-158 0 0)
(8.46842e-163 0 0)
(6.60298e-167 0 0)
(5.05718e-171 0 0)
(3.80661e-175 0 0)
(2.81739e-179 0 0)
(2.05137e-183 0 0)
(1.47003e-187 0 0)
(1.03725e-191 0 0)
(7.20937e-196 0 0)
(4.93789e-200 0 0)
(3.33411e-204 0 0)
(2.2201e-208 0 0)
(1.45838e-212 0 0)
(9.45412e-217 0 0)
(6.05012e-221 0 0)
(3.82325e-225 0 0)
(2.38648e-229 0 0)
(1.47185e-233 0 0)
(8.97157e-238 0 0)
(5.40617e-242 0 0)
(3.22154e-246 0 0)
(1.19939e-86 0 0)
(1.5371e-90 0 0)
(1.89044e-94 0 0)
(2.25137e-98 0 0)
(2.59191e-102 0 0)
(2.88906e-106 0 0)
(3.12233e-110 0 0)
(3.27615e-114 0 0)
(3.34151e-118 0 0)
(3.31676e-122 0 0)
(3.20731e-126 0 0)
(3.02451e-130 0 0)
(2.78396e-134 0 0)
(2.50348e-138 0 0)
(2.20118e-142 0 0)
(1.8938e-146 0 0)
(1.5955e-150 0 0)
(1.31717e-154 0 0)
(1.06624e-158 0 0)
(8.46842e-163 0 0)
(6.60298e-167 0 0)
(5.05718e-171 0 0)
(3.80661e-175 0 0)
(2.81739e-179 0 0)
(2.05137e-183 0 0)
(1.47003e-187 0 0)
(1.03725e-191 0 0)
(7.20937e-196 0 0)
(4.93789e-200 0 0)
(3.33411e-204 0 0)
(2.2201e-208 0 0)
(1.45838e-212 0 0)
(9.45412e-217 0 0)
(6.05012e-221 0 0)
(3.82325e-225 0 0)
(2.38648e-229 0 0)
(1.47185e-233 0 0)
(8.97157e-238 0 0)
(5.40617e-242 0 0)
(3.22154e-246 0 0)
(1.19939e-86 0 0)
(1.5371e-90 0 0)
(1.89044e-94 0 0)
(2.25137e-98 0 0)
(2.59191e-102 0 0)
(2.88906e-106 0 0)
(3.12233e-110 0 0)
(3.27615e-114 0 0)
(3.34151e-118 0 0)
(3.31676e-122 0 0)
(3.20731e-126 0 0)
(3.02451e-130 0 0)
(2.78396e-134 0 0)
(2.50348e-138 0 0)
(2.20118e-142 0 0)
(1.8938e-146 0 0)
(1.5955e-150 0 0)
(1.31717e-154 0 0)
(1.06624e-158 0 0)
(8.46842e-163 0 0)
(6.60298e-167 0 0)
(5.05718e-171 0 0)
(3.80661e-175 0 0)
(2.81739e-179 0 0)
(2.05137e-183 0 0)
(1.47003e-187 0 0)
(1.03725e-191 0 0)
(7.20937e-196 0 0)
(4.93789e-200 0 0)
(3.33411e-204 0 0)
(2.2201e-208 0 0)
(1.45838e-212 0 0)
(9.45412e-217 0 0)
(6.05012e-221 0 0)
(3.82325e-225 0 0)
(2.38648e-229 0 0)
(1.47185e-233 0 0)
(8.97157e-238 0 0)
(5.40617e-242 0 0)
(3.22154e-246 0 0)
(1.19939e-86 0 0)
(1.5371e-90 0 0)
(1.89044e-94 0 0)
(2.25137e-98 0 0)
(2.59191e-102 0 0)
(2.88906e-106 0 0)
(3.12233e-110 0 0)
(3.27615e-114 0 0)
(3.34151e-118 0 0)
(3.31676e-122 0 0)
(3.20731e-126 0 0)
(3.02451e-130 0 0)
(2.78396e-134 0 0)
(2.50348e-138 0 0)
(2.20118e-142 0 0)
(1.8938e-146 0 0)
(1.5955e-150 0 0)
(1.31717e-154 0 0)
(1.06624e-158 0 0)
(8.46842e-163 0 0)
(6.60298e-167 0 0)
(5.05718e-171 0 0)
(3.80661e-175 0 0)
(2.81739e-179 0 0)
(2.05137e-183 0 0)
(1.47003e-187 0 0)
(1.03725e-191 0 0)
(7.20937e-196 0 0)
(4.93789e-200 0 0)
(3.33411e-204 0 0)
(2.2201e-208 0 0)
(1.45838e-212 0 0)
(9.45412e-217 0 0)
(6.05012e-221 0 0)
(3.82325e-225 0 0)
(2.38648e-229 0 0)
(1.47185e-233 0 0)
(8.97157e-238 0 0)
(5.40617e-242 0 0)
(3.22154e-246 0 0)
(1.19939e-86 0 0)
(1.5371e-90 0 0)
(1.89044e-94 0 0)
(2.25137e-98 0 0)
(2.59191e-102 0 0)
(2.88906e-106 0 0)
(3.12233e-110 0 0)
(3.27615e-114 0 0)
(3.34151e-118 0 0)
(3.31676e-122 0 0)
(3.20731e-126 0 0)
(3.02451e-130 0 0)
(2.78396e-134 0 0)
(2.50348e-138 0 0)
(2.20118e-142 0 0)
(1.8938e-146 0 0)
(1.5955e-150 0 0)
(1.31717e-154 0 0)
(1.06624e-158 0 0)
(8.46842e-163 0 0)
(6.60298e-167 0 0)
(5.05718e-171 0 0)
(3.80661e-175 0 0)
(2.81739e-179 0 0)
(2.05137e-183 0 0)
(1.47003e-187 0 0)
(1.03725e-191 0 0)
(7.20937e-196 0 0)
(4.93789e-200 0 0)
(3.33411e-204 0 0)
(2.2201e-208 0 0)
(1.45838e-212 0 0)
(9.45412e-217 0 0)
(6.05012e-221 0 0)
(3.82325e-225 0 0)
(2.38648e-229 0 0)
(1.47185e-233 0 0)
(8.97157e-238 0 0)
(5.40617e-242 0 0)
(3.22154e-246 0 0)
(1.19939e-86 0 0)
(1.5371e-90 0 0)
(1.89044e-94 0 0)
(2.25137e-98 0 0)
(2.59191e-102 0 0)
(2.88906e-106 0 0)
(3.12233e-110 0 0)
(3.27615e-114 0 0)
(3.34151e-118 0 0)
(3.31676e-122 0 0)
(3.20731e-126 0 0)
(3.02451e-130 0 0)
(2.78396e-134 0 0)
(2.50348e-138 0 0)
(2.20118e-142 0 0)
(1.8938e-146 0 0)
(1.5955e-150 0 0)
(1.31717e-154 0 0)
(1.06624e-158 0 0)
(8.46842e-163 0 0)
(6.60298e-167 0 0)
(5.05718e-171 0 0)
(3.80661e-175 0 0)
(2.81739e-179 0 0)
(2.05137e-183 0 0)
(1.47003e-187 0 0)
(1.03725e-191 0 0)
(7.20937e-196 0 0)
(4.93789e-200 0 0)
(3.33411e-204 0 0)
(2.2201e-208 0 0)
(1.45838e-212 0 0)
(9.45412e-217 0 0)
(6.05012e-221 0 0)
(3.82325e-225 0 0)
(2.38648e-229 0 0)
(1.47185e-233 0 0)
(8.97157e-238 0 0)
(5.40617e-242 0 0)
(3.22154e-246 0 0)
(1.19939e-86 0 0)
(1.5371e-90 0 0)
(1.89044e-94 0 0)
(2.25137e-98 0 0)
(2.59191e-102 0 0)
(2.88906e-106 0 0)
(3.12233e-110 0 0)
(3.27615e-114 0 0)
(3.34151e-118 0 0)
(3.31676e-122 0 0)
(3.20731e-126 0 0)
(3.02451e-130 0 0)
(2.78396e-134 0 0)
(2.50348e-138 0 0)
(2.20118e-142 0 0)
(1.8938e-146 0 0)
(1.5955e-150 0 0)
(1.31717e-154 0 0)
(1.06624e-158 0 0)
(8.46842e-163 0 0)
(6.60298e-167 0 0)
(5.05718e-171 0 0)
(3.80661e-175 0 0)
(2.81739e-179 0 0)
(2.05137e-183 0 0)
(1.47003e-187 0 0)
(1.03725e-191 0 0)
(7.20937e-196 0 0)
(4.93789e-200 0 0)
(3.33411e-204 0 0)
(2.2201e-208 0 0)
(1.45838e-212 0 0)
(9.45412e-217 0 0)
(6.05012e-221 0 0)
(3.82325e-225 0 0)
(2.38648e-229 0 0)
(1.47185e-233 0 0)
(8.97157e-238 0 0)
(5.40617e-242 0 0)
(3.22154e-246 0 0)
(1.19939e-86 0 0)
(1.5371e-90 0 0)
(1.89044e-94 0 0)
(2.25137e-98 0 0)
(2.59191e-102 0 0)
(2.88906e-106 0 0)
(3.12233e-110 0 0)
(3.27615e-114 0 0)
(3.34151e-118 0 0)
(3.31676e-122 0 0)
(3.20731e-126 0 0)
(3.02451e-130 0 0)
(2.78396e-134 0 0)
(2.50348e-138 0 0)
(2.20118e-142 0 0)
(1.8938e-146 0 0)
(1.5955e-150 0 0)
(1.31717e-154 0 0)
(1.06624e-158 0 0)
(8.46842e-163 0 0)
(6.60298e-167 0 0)
(5.05718e-171 0 0)
(3.80661e-175 0 0)
(2.81739e-179 0 0)
(2.05137e-183 0 0)
(1.47003e-187 0 0)
(1.03725e-191 0 0)
(7.20937e-196 0 0)
(4.93789e-200 0 0)
(3.33411e-204 0 0)
(2.2201e-208 0 0)
(1.45838e-212 0 0)
(9.45412e-217 0 0)
(6.05012e-221 0 0)
(3.82325e-225 0 0)
(2.38648e-229 0 0)
(1.47185e-233 0 0)
(8.97157e-238 0 0)
(5.40617e-242 0 0)
(3.22154e-246 0 0)
(1.19939e-86 0 0)
(1.5371e-90 0 0)
(1.89044e-94 0 0)
(2.25137e-98 0 0)
(2.59191e-102 0 0)
(2.88906e-106 0 0)
(3.12233e-110 0 0)
(3.27615e-114 0 0)
(3.34151e-118 0 0)
(3.31676e-122 0 0)
(3.20731e-126 0 0)
(3.02451e-130 0 0)
(2.78396e-134 0 0)
(2.50348e-138 0 0)
(2.20118e-142 0 0)
(1.8938e-146 0 0)
(1.5955e-150 0 0)
(1.31717e-154 0 0)
(1.06624e-158 0 0)
(8.46842e-163 0 0)
(6.60298e-167 0 0)
(5.05718e-171 0 0)
(3.80661e-175 0 0)
(2.81739e-179 0 0)
(2.05137e-183 0 0)
(1.47003e-187 0 0)
(1.03725e-191 0 0)
(7.20937e-196 0 0)
(4.93789e-200 0 0)
(3.33411e-204 0 0)
(2.2201e-208 0 0)
(1.45838e-212 0 0)
(9.45412e-217 0 0)
(6.05012e-221 0 0)
(3.82325e-225 0 0)
(2.38648e-229 0 0)
(1.47185e-233 0 0)
(8.97157e-238 0 0)
(5.40617e-242 0 0)
(3.22154e-246 0 0)
(1.19939e-86 0 0)
(1.5371e-90 0 0)
(1.89044e-94 0 0)
(2.25137e-98 0 0)
(2.59191e-102 0 0)
(2.88906e-106 0 0)
(3.12233e-110 0 0)
(3.27615e-114 0 0)
(3.34151e-118 0 0)
(3.31676e-122 0 0)
(3.20731e-126 0 0)
(3.02451e-130 0 0)
(2.78396e-134 0 0)
(2.50348e-138 0 0)
(2.20118e-142 0 0)
(1.8938e-146 0 0)
(1.5955e-150 0 0)
(1.31717e-154 0 0)
(1.06624e-158 0 0)
(8.46842e-163 0 0)
(6.60298e-167 0 0)
(5.05718e-171 0 0)
(3.80661e-175 0 0)
(2.81739e-179 0 0)
(2.05137e-183 0 0)
(1.47003e-187 0 0)
(1.03725e-191 0 0)
(7.20937e-196 0 0)
(4.93789e-200 0 0)
(3.33411e-204 0 0)
(2.2201e-208 0 0)
(1.45838e-212 0 0)
(9.45412e-217 0 0)
(6.05012e-221 0 0)
(3.82325e-225 0 0)
(2.38648e-229 0 0)
(1.47185e-233 0 0)
(8.97157e-238 0 0)
(5.40617e-242 0 0)
(3.22154e-246 0 0)
(1.19939e-86 0 0)
(1.5371e-90 0 0)
(1.89044e-94 0 0)
(2.25137e-98 0 0)
(2.59191e-102 0 0)
(2.88906e-106 0 0)
(3.12233e-110 0 0)
(3.27615e-114 0 0)
(3.34151e-118 0 0)
(3.31676e-122 0 0)
(3.20731e-126 0 0)
(3.02451e-130 0 0)
(2.78396e-134 0 0)
(2.50348e-138 0 0)
(2.20118e-142 0 0)
(1.8938e-146 0 0)
(1.5955e-150 0 0)
(1.31717e-154 0 0)
(1.06624e-158 0 0)
(8.46842e-163 0 0)
(6.60298e-167 0 0)
(5.05718e-171 0 0)
(3.80661e-175 0 0)
(2.81739e-179 0 0)
(2.05137e-183 0 0)
(1.47003e-187 0 0)
(1.03725e-191 0 0)
(7.20937e-196 0 0)
(4.93789e-200 0 0)
(3.33411e-204 0 0)
(2.2201e-208 0 0)
(1.45838e-212 0 0)
(9.45412e-217 0 0)
(6.05012e-221 0 0)
(3.82325e-225 0 0)
(2.38648e-229 0 0)
(1.47185e-233 0 0)
(8.97157e-238 0 0)
(5.40617e-242 0 0)
(3.22154e-246 0 0)
(1.19939e-86 0 0)
(1.5371e-90 0 0)
(1.89044e-94 0 0)
(2.25137e-98 0 0)
(2.5919e-102 0 0)
(2.88906e-106 0 0)
(3.12233e-110 0 0)
(3.27615e-114 0 0)
(3.34151e-118 0 0)
(3.31676e-122 0 0)
(3.20731e-126 0 0)
(3.02451e-130 0 0)
(2.78396e-134 0 0)
(2.50348e-138 0 0)
(2.20118e-142 0 0)
(1.8938e-146 0 0)
(1.5955e-150 0 0)
(1.31717e-154 0 0)
(1.06624e-158 0 0)
(8.46842e-163 0 0)
(6.60298e-167 0 0)
(5.05718e-171 0 0)
(3.80661e-175 0 0)
(2.81739e-179 0 0)
(2.05137e-183 0 0)
(1.47003e-187 0 0)
(1.03725e-191 0 0)
(7.20937e-196 0 0)
(4.93789e-200 0 0)
(3.33411e-204 0 0)
(2.2201e-208 0 0)
(1.45838e-212 0 0)
(9.45412e-217 0 0)
(6.05012e-221 0 0)
(3.82325e-225 0 0)
(2.38648e-229 0 0)
(1.47185e-233 0 0)
(8.97157e-238 0 0)
(5.40617e-242 0 0)
(3.22154e-246 0 0)
(1.19939e-86 0 0)
(1.5371e-90 0 0)
(1.89044e-94 0 0)
(2.25136e-98 0 0)
(2.5919e-102 0 0)
(2.88905e-106 0 0)
(3.12233e-110 0 0)
(3.27614e-114 0 0)
(3.34151e-118 0 0)
(3.31676e-122 0 0)
(3.20731e-126 0 0)
(3.02451e-130 0 0)
(2.78396e-134 0 0)
(2.50348e-138 0 0)
(2.20118e-142 0 0)
(1.89379e-146 0 0)
(1.59549e-150 0 0)
(1.31717e-154 0 0)
(1.06624e-158 0 0)
(8.46841e-163 0 0)
(6.60297e-167 0 0)
(5.05718e-171 0 0)
(3.8066e-175 0 0)
(2.81739e-179 0 0)
(2.05136e-183 0 0)
(1.47003e-187 0 0)
(1.03725e-191 0 0)
(7.20936e-196 0 0)
(4.93788e-200 0 0)
(3.3341e-204 0 0)
(2.2201e-208 0 0)
(1.45838e-212 0 0)
(9.45411e-217 0 0)
(6.05011e-221 0 0)
(3.82324e-225 0 0)
(2.38648e-229 0 0)
(1.47185e-233 0 0)
(8.97156e-238 0 0)
(5.40616e-242 0 0)
(3.22153e-246 0 0)
(1.19786e-86 0 0)
(1.5352e-90 0 0)
(1.88819e-94 0 0)
(2.24878e-98 0 0)
(2.58902e-102 0 0)
(2.88594e-106 0 0)
(3.11906e-110 0 0)
(3.27281e-114 0 0)
(3.3382e-118 0 0)
(3.31356e-122 0 0)
(3.20429e-126 0 0)
(3.02173e-130 0 0)
(2.78146e-134 0 0)
(2.50128e-138 0 0)
(2.19929e-142 0 0)
(1.8922e-146 0 0)
(1.59418e-150 0 0)
(1.3161e-154 0 0)
(1.06539e-158 0 0)
(8.46182e-163 0 0)
(6.59793e-167 0 0)
(5.05338e-171 0 0)
(3.80379e-175 0 0)
(2.81534e-179 0 0)
(2.0499e-183 0 0)
(1.46899e-187 0 0)
(1.03653e-191 0 0)
(7.20444e-196 0 0)
(4.93455e-200 0 0)
(3.33189e-204 0 0)
(2.21864e-208 0 0)
(1.45743e-212 0 0)
(9.44807e-217 0 0)
(6.04629e-221 0 0)
(3.82086e-225 0 0)
(2.38501e-229 0 0)
(1.47095e-233 0 0)
(8.96616e-238 0 0)
(5.40294e-242 0 0)
(3.21964e-246 0 0)
(1.19755e-86 0 0)
(1.53445e-90 0 0)
(1.88684e-94 0 0)
(2.24671e-98 0 0)
(2.58613e-102 0 0)
(2.8822e-106 0 0)
(3.11448e-110 0 0)
(3.26747e-114 0 0)
(3.33224e-118 0 0)
(3.30716e-122 0 0)
(3.19765e-126 0 0)
(3.01507e-130 0 0)
(2.77497e-134 0 0)
(2.49514e-138 0 0)
(2.19363e-142 0 0)
(1.88712e-146 0 0)
(1.58972e-150 0 0)
(1.31228e-154 0 0)
(1.06219e-158 0 0)
(8.43553e-163 0 0)
(6.57679e-167 0 0)
(5.03671e-171 0 0)
(3.7909e-175 0 0)
(2.80555e-179 0 0)
(2.04259e-183 0 0)
(1.46363e-187 0 0)
(1.03266e-191 0 0)
(7.17696e-196 0 0)
(4.91535e-200 0 0)
(3.31866e-204 0 0)
(2.20966e-208 0 0)
(1.45143e-212 0 0)
(9.40846e-217 0 0)
(6.02051e-221 0 0)
(3.8043e-225 0 0)
(2.3745e-229 0 0)
(1.46437e-233 0 0)
(8.92546e-238 0 0)
(5.37806e-242 0 0)
(3.2046e-246 0 0)
(0.00119782 0 0)
(3.62189e-07 0 0)
(7.36287e-11 0 0)
(1.13188e-14 0 0)
(1.40338e-18 0 0)
(1.46174e-22 0 0)
(1.31547e-26 0 0)
(1.0441e-30 0 0)
(7.42431e-35 0 0)
(4.78846e-39 0 0)
(2.82942e-43 0 0)
(1.54433e-47 0 0)
(7.84015e-52 0 0)
(3.72393e-56 0 0)
(1.6633e-60 0 0)
(7.01681e-65 0 0)
(2.80663e-69 0 0)
(1.06804e-73 0 0)
(3.87857e-78 0 0)
(1.34775e-82 0 0)
(0.00119855 0 0)
(3.62484e-07 0 0)
(7.36966e-11 0 0)
(1.133e-14 0 0)
(1.40484e-18 0 0)
(1.46332e-22 0 0)
(1.31694e-26 0 0)
(1.04529e-30 0 0)
(7.43293e-35 0 0)
(4.79412e-39 0 0)
(2.83282e-43 0 0)
(1.54621e-47 0 0)
(7.84983e-52 0 0)
(3.72859e-56 0 0)
(1.6654e-60 0 0)
(7.02579e-65 0 0)
(2.81026e-69 0 0)
(1.06944e-73 0 0)
(3.88369e-78 0 0)
(1.34954e-82 0 0)
(0.00119855 0 0)
(3.62484e-07 0 0)
(7.36966e-11 0 0)
(1.133e-14 0 0)
(1.40484e-18 0 0)
(1.46332e-22 0 0)
(1.31694e-26 0 0)
(1.04529e-30 0 0)
(7.43293e-35 0 0)
(4.79412e-39 0 0)
(2.83282e-43 0 0)
(1.54621e-47 0 0)
(7.84983e-52 0 0)
(3.72859e-56 0 0)
(1.6654e-60 0 0)
(7.02579e-65 0 0)
(2.81026e-69 0 0)
(1.06944e-73 0 0)
(3.88369e-78 0 0)
(1.34954e-82 0 0)
(0.00119855 0 0)
(3.62484e-07 0 0)
(7.36966e-11 0 0)
(1.133e-14 0 0)
(1.40484e-18 0 0)
(1.46332e-22 0 0)
(1.31694e-26 0 0)
(1.04529e-30 0 0)
(7.43293e-35 0 0)
(4.79412e-39 0 0)
(2.83282e-43 0 0)
(1.54621e-47 0 0)
(7.84983e-52 0 0)
(3.72859e-56 0 0)
(1.6654e-60 0 0)
(7.02579e-65 0 0)
(2.81026e-69 0 0)
(1.06944e-73 0 0)
(3.88369e-78 0 0)
(1.34954e-82 0 0)
(0.00119855 0 0)
(3.62484e-07 0 0)
(7.36966e-11 0 0)
(1.133e-14 0 0)
(1.40484e-18 0 0)
(1.46332e-22 0 0)
(1.31694e-26 0 0)
(1.04529e-30 0 0)
(7.43293e-35 0 0)
(4.79412e-39 0 0)
(2.83282e-43 0 0)
(1.54621e-47 0 0)
(7.84983e-52 0 0)
(3.72859e-56 0 0)
(1.6654e-60 0 0)
(7.02579e-65 0 0)
(2.81026e-69 0 0)
(1.06944e-73 0 0)
(3.88369e-78 0 0)
(1.34954e-82 0 0)
(0.00119855 0 0)
(3.62484e-07 0 0)
(7.36966e-11 0 0)
(1.133e-14 0 0)
(1.40484e-18 0 0)
(1.46332e-22 0 0)
(1.31694e-26 0 0)
(1.04529e-30 0 0)
(7.43293e-35 0 0)
(4.79412e-39 0 0)
(2.83282e-43 0 0)
(1.54621e-47 0 0)
(7.84983e-52 0 0)
(3.72859e-56 0 0)
(1.6654e-60 0 0)
(7.02579e-65 0 0)
(2.81026e-69 0 0)
(1.06944e-73 0 0)
(3.88369e-78 0 0)
(1.34954e-82 0 0)
(0.00119855 0 0)
(3.62484e-07 0 0)
(7.36966e-11 0 0)
(1.133e-14 0 0)
(1.40484e-18 0 0)
(1.46332e-22 0 0)
(1.31694e-26 0 0)
(1.04529e-30 0 0)
(7.43293e-35 0 0)
(4.79412e-39 0 0)
(2.83282e-43 0 0)
(1.54621e-47 0 0)
(7.84983e-52 0 0)
(3.72859e-56 0 0)
(1.6654e-60 0 0)
(7.02579e-65 0 0)
(2.81026e-69 0 0)
(1.06944e-73 0 0)
(3.88369e-78 0 0)
(1.34954e-82 0 0)
(0.00119855 0 0)
(3.62484e-07 0 0)
(7.36966e-11 0 0)
(1.133e-14 0 0)
(1.40484e-18 0 0)
(1.46332e-22 0 0)
(1.31694e-26 0 0)
(1.04529e-30 0 0)
(7.43293e-35 0 0)
(4.79412e-39 0 0)
(2.83282e-43 0 0)
(1.54621e-47 0 0)
(7.84983e-52 0 0)
(3.72859e-56 0 0)
(1.6654e-60 0 0)
(7.02579e-65 0 0)
(2.81026e-69 0 0)
(1.06944e-73 0 0)
(3.88369e-78 0 0)
(1.34954e-82 0 0)
(0.00119855 0 0)
(3.62484e-07 0 0)
(7.36966e-11 0 0)
(1.133e-14 0 0)
(1.40484e-18 0 0)
(1.46332e-22 0 0)
(1.31694e-26 0 0)
(1.04529e-30 0 0)
(7.43293e-35 0 0)
(4.79412e-39 0 0)
(2.83282e-43 0 0)
(1.54621e-47 0 0)
(7.84983e-52 0 0)
(3.72859e-56 0 0)
(1.6654e-60 0 0)
(7.02579e-65 0 0)
(2.81026e-69 0 0)
(1.06944e-73 0 0)
(3.88369e-78 0 0)
(1.34954e-82 0 0)
(0.00119855 0 0)
(3.62484e-07 0 0)
(7.36966e-11 0 0)
(1.133e-14 0 0)
(1.40484e-18 0 0)
(1.46332e-22 0 0)
(1.31694e-26 0 0)
(1.04529e-30 0 0)
(7.43293e-35 0 0)
(4.79412e-39 0 0)
(2.83282e-43 0 0)
(1.54621e-47 0 0)
(7.84983e-52 0 0)
(3.72859e-56 0 0)
(1.6654e-60 0 0)
(7.02579e-65 0 0)
(2.81026e-69 0 0)
(1.06944e-73 0 0)
(3.88369e-78 0 0)
(1.34954e-82 0 0)
(0.00119855 0 0)
(3.62484e-07 0 0)
(7.36966e-11 0 0)
(1.133e-14 0 0)
(1.40484e-18 0 0)
(1.46332e-22 0 0)
(1.31694e-26 0 0)
(1.04529e-30 0 0)
(7.43293e-35 0 0)
(4.79412e-39 0 0)
(2.83282e-43 0 0)
(1.54621e-47 0 0)
(7.84983e-52 0 0)
(3.72859e-56 0 0)
(1.6654e-60 0 0)
(7.02579e-65 0 0)
(2.81026e-69 0 0)
(1.06944e-73 0 0)
(3.88369e-78 0 0)
(1.34954e-82 0 0)
(0.00119855 0 0)
(3.62484e-07 0 0)
(7.36966e-11 0 0)
(1.133e-14 0 0)
(1.40484e-18 0 0)
(1.46332e-22 0 0)
(1.31694e-26 0 0)
(1.04529e-30 0 0)
(7.43293e-35 0 0)
(4.79412e-39 0 0)
(2.83282e-43 0 0)
(1.54621e-47 0 0)
(7.84983e-52 0 0)
(3.72859e-56 0 0)
(1.6654e-60 0 0)
(7.02579e-65 0 0)
(2.81026e-69 0 0)
(1.06944e-73 0 0)
(3.88369e-78 0 0)
(1.34954e-82 0 0)
(0.00119855 0 0)
(3.62484e-07 0 0)
(7.36966e-11 0 0)
(1.133e-14 0 0)
(1.40484e-18 0 0)
(1.46332e-22 0 0)
(1.31694e-26 0 0)
(1.04529e-30 0 0)
(7.43293e-35 0 0)
(4.79412e-39 0 0)
(2.83282e-43 0 0)
(1.54621e-47 0 0)
(7.84983e-52 0 0)
(3.72859e-56 0 0)
(1.6654e-60 0 0)
(7.02579e-65 0 0)
(2.81026e-69 0 0)
(1.06944e-73 0 0)
(3.88369e-78 0 0)
(1.34954e-82 0 0)
(0.00119855 0 0)
(3.62484e-07 0 0)
(7.36966e-11 0 0)
(1.133e-14 0 0)
(1.40484e-18 0 0)
(1.46332e-22 0 0)
(1.31694e-26 0 0)
(1.04529e-30 0 0)
(7.43293e-35 0 0)
(4.79412e-39 0 0)
(2.83282e-43 0 0)
(1.54621e-47 0 0)
(7.84983e-52 0 0)
(3.72859e-56 0 0)
(1.6654e-60 0 0)
(7.02579e-65 0 0)
(2.81026e-69 0 0)
(1.06944e-73 0 0)
(3.88369e-78 0 0)
(1.34954e-82 0 0)
(0.00119855 0 0)
(3.62484e-07 0 0)
(7.36966e-11 0 0)
(1.133e-14 0 0)
(1.40484e-18 0 0)
(1.46332e-22 0 0)
(1.31694e-26 0 0)
(1.04529e-30 0 0)
(7.43293e-35 0 0)
(4.79412e-39 0 0)
(2.83282e-43 0 0)
(1.54621e-47 0 0)
(7.84983e-52 0 0)
(3.72859e-56 0 0)
(1.6654e-60 0 0)
(7.02579e-65 0 0)
(2.81026e-69 0 0)
(1.06944e-73 0 0)
(3.88369e-78 0 0)
(1.34954e-82 0 0)
(0.00119855 0 0)
(3.62484e-07 0 0)
(7.36966e-11 0 0)
(1.133e-14 0 0)
(1.40484e-18 0 0)
(1.46332e-22 0 0)
(1.31694e-26 0 0)
(1.04529e-30 0 0)
(7.43293e-35 0 0)
(4.79412e-39 0 0)
(2.83282e-43 0 0)
(1.54621e-47 0 0)
(7.84983e-52 0 0)
(3.72859e-56 0 0)
(1.6654e-60 0 0)
(7.02579e-65 0 0)
(2.81026e-69 0 0)
(1.06944e-73 0 0)
(3.88369e-78 0 0)
(1.34954e-82 0 0)
(0.00119855 0 0)
(3.62484e-07 0 0)
(7.36966e-11 0 0)
(1.133e-14 0 0)
(1.40484e-18 0 0)
(1.46332e-22 0 0)
(1.31694e-26 0 0)
(1.04529e-30 0 0)
(7.43293e-35 0 0)
(4.79412e-39 0 0)
(2.83282e-43 0 0)
(1.54621e-47 0 0)
(7.84983e-52 0 0)
(3.72859e-56 0 0)
(1.6654e-60 0 0)
(7.02579e-65 0 0)
(2.81026e-69 0 0)
(1.06944e-73 0 0)
(3.88369e-78 0 0)
(1.34954e-82 0 0)
(0.00119855 0 0)
(3.62484e-07 0 0)
(7.36966e-11 0 0)
(1.133e-14 0 0)
(1.40484e-18 0 0)
(1.46332e-22 0 0)
(1.31694e-26 0 0)
(1.04529e-30 0 0)
(7.43293e-35 0 0)
(4.79412e-39 0 0)
(2.83282e-43 0 0)
(1.54621e-47 0 0)
(7.84983e-52 0 0)
(3.72859e-56 0 0)
(1.6654e-60 0 0)
(7.02579e-65 0 0)
(2.81026e-69 0 0)
(1.06944e-73 0 0)
(3.88369e-78 0 0)
(1.34954e-82 0 0)
(0.00119855 0 0)
(3.62484e-07 0 0)
(7.36966e-11 0 0)
(1.133e-14 0 0)
(1.40484e-18 0 0)
(1.46332e-22 0 0)
(1.31694e-26 0 0)
(1.04529e-30 0 0)
(7.43293e-35 0 0)
(4.79412e-39 0 0)
(2.83282e-43 0 0)
(1.54621e-47 0 0)
(7.84983e-52 0 0)
(3.72859e-56 0 0)
(1.6654e-60 0 0)
(7.02579e-65 0 0)
(2.81026e-69 0 0)
(1.06944e-73 0 0)
(3.88369e-78 0 0)
(1.34954e-82 0 0)
(0.00119782 0 0)
(3.62189e-07 0 0)
(7.36287e-11 0 0)
(1.13188e-14 0 0)
(1.40338e-18 0 0)
(1.46174e-22 0 0)
(1.31547e-26 0 0)
(1.0441e-30 0 0)
(7.42431e-35 0 0)
(4.78846e-39 0 0)
(2.82942e-43 0 0)
(1.54433e-47 0 0)
(7.84015e-52 0 0)
(3.72393e-56 0 0)
(1.6633e-60 0 0)
(7.01681e-65 0 0)
(2.80663e-69 0 0)
(1.06804e-73 0 0)
(3.87857e-78 0 0)
(1.34775e-82 0 0)
)
;

boundaryField
{
    leftRightWallsright
    {
        type            cyclicAMI;
        value           nonuniform List<vector> 
40
(
(4.49328e-83 0 0)
(4.49328e-83 0 0)
(4.49928e-83 0 0)
(4.49928e-83 0 0)
(4.49928e-83 0 0)
(4.49928e-83 0 0)
(4.49928e-83 0 0)
(4.49928e-83 0 0)
(4.49928e-83 0 0)
(4.49928e-83 0 0)
(4.49928e-83 0 0)
(4.49928e-83 0 0)
(4.49928e-83 0 0)
(4.49928e-83 0 0)
(4.49928e-83 0 0)
(4.49928e-83 0 0)
(4.49928e-83 0 0)
(4.49928e-83 0 0)
(4.49928e-83 0 0)
(4.49928e-83 0 0)
(4.49928e-83 0 0)
(4.49928e-83 0 0)
(4.49928e-83 0 0)
(4.49928e-83 0 0)
(4.49928e-83 0 0)
(4.49928e-83 0 0)
(4.49928e-83 0 0)
(4.49928e-83 0 0)
(4.49928e-83 0 0)
(4.49928e-83 0 0)
(4.49928e-83 0 0)
(4.49928e-83 0 0)
(4.49928e-83 0 0)
(4.49928e-83 0 0)
(4.49928e-83 0 0)
(4.49928e-83 0 0)
(4.49928e-83 0 0)
(4.49928e-83 0 0)
(4.49329e-83 0 0)
(4.49329e-83 0 0)
)
;
    }
    outlet
    {
        type            zeroGradient;
    }
    channelWallsright
    {
        type            noSlip;
    }
    destinationFaceright
    {
        type            noSlip;
    }
    sourceFaceright
    {
        type            noSlip;
    }
    sourceFaceleft
    {
        type            noSlip;
    }
    destinationFaceleft
    {
        type            noSlip;
    }
    channelWallsleft
    {
        type            noSlip;
    }
    leftRightWallleft
    {
        type            cyclicAMI;
        value           nonuniform List<vector> 
20
(
(4.49328e-83 0 0)
(4.49928e-83 0 0)
(4.49928e-83 0 0)
(4.49928e-83 0 0)
(4.49928e-83 0 0)
(4.49928e-83 0 0)
(4.49928e-83 0 0)
(4.49928e-83 0 0)
(4.49928e-83 0 0)
(4.49928e-83 0 0)
(4.49928e-83 0 0)
(4.49928e-83 0 0)
(4.49928e-83 0 0)
(4.49928e-83 0 0)
(4.49928e-83 0 0)
(4.49928e-83 0 0)
(4.49928e-83 0 0)
(4.49928e-83 0 0)
(4.49928e-83 0 0)
(4.49329e-83 0 0)
)
;
    }
    inlet
    {
        type            fixedValue;
        value           uniform (1 0 0);
    }
}


// ************************************************************************* //
