/*--------------------------------*- C++ -*----------------------------------*\
| =========                 |                                                 |
| \\      /  F ield         | OpenFOAM: The Open Source CFD Toolbox           |
|  \\    /   O peration     | Version:  4.1                                   |
|   \\  /    A nd           | Web:      www.OpenFOAM.org                      |
|    \\/     M anipulation  |                                                 |
\*---------------------------------------------------------------------------*/
FoamFile
{
    version     2.0;
    format      ascii;
    class       surfaceScalarField;
    location    "2";
    object      phi;
}
// * * * * * * * * * * * * * * * * * * * * * * * * * * * * * * * * * * * * * //

dimensions      [0 3 -1 0 0 0 0];

internalField   nonuniform List<scalar> 
3240
(
-5.36654e-25
-5.44933e-25
8.28165e-27
-5.44933e-25
-5.44933e-25
-5.44937e-25
-5.5325e-25
8.31984e-27
-5.53251e-25
-5.53251e-25
-5.53258e-25
-5.62633e-25
9.38802e-27
-5.62634e-25
-5.62644e-25
-5.90679e-25
2.80538e-26
-5.90681e-25
-5.90681e-25
-5.90694e-25
-6.24211e-25
3.35427e-26
-6.24215e-25
-6.24232e-25
-6.8147e-25
5.72707e-26
-6.81475e-25
-6.81475e-25
-6.81495e-25
-7.5418e-25
7.2725e-26
-7.54188e-25
-7.54188e-25
-7.54212e-25
-8.50415e-25
9.62511e-26
-8.50426e-25
-8.50455e-25
-9.89849e-25
1.39452e-25
-9.89865e-25
-9.89865e-25
-9.89897e-25
-1.17618e-24
1.86344e-25
-1.1762e-24
-1.17623e-24
-1.43342e-24
2.57258e-25
-1.43345e-24
-1.43345e-24
-1.40116e-24
-1.36968e-24
-1.33902e-24
-1.27172e-24
-9.40025e-25
-2.94408e-25
-8.81203e-25
-8.48424e-25
-8.15989e-25
-7.95044e-25
-7.74384e-25
-7.54597e-25
-7.35289e-25
-6.81064e-25
-4.23042e-25
-2.46556e-25
-3.74766e-25
-3.53524e-25
-3.36975e-25
-3.20145e-25
-3.03523e-25
-2.87462e-25
-2.71603e-25
-2.22724e-25
1.1001e-26
-2.37412e-25
5.6885e-26
5.60926e-26
5.54854e-26
5.52294e-26
5.50167e-26
5.44934e-26
5.3976e-26
8.43666e-26
3.0383e-25
-2.55887e-25
2.47813e-25
1.63927e-25
8.0157e-26
-3.19117e-27
-8.64962e-26
-1.70099e-25
-2.5403e-25
-3.24721e-25
-3.01223e-25
-2.26685e-26
-2.7444e-25
-2.67815e-26
-2.74466e-25
-2.45412e-25
-2.90333e-26
-2.45433e-25
-2.10182e-25
-3.52409e-26
-1.9339e-25
-1.67831e-26
-1.93402e-25
-1.68747e-25
-2.46479e-26
-1.60195e-25
-8.54172e-27
-1.60201e-25
-1.44494e-25
-1.56966e-26
-1.44499e-25
-1.23809e-25
-2.06853e-26
-1.14352e-25
-9.44765e-27
-1.14354e-25
-1.00596e-25
-1.37513e-26
-1.00597e-25
-8.53359e-26
-1.52581e-26
-7.56783e-26
-9.65003e-27
-7.56778e-26
-6.49259e-26
-1.07502e-26
-5.73992e-26
-7.52005e-27
-5.73979e-26
-4.89206e-26
-8.47431e-27
-4.8919e-26
-4.19498e-26
-6.96818e-27
-3.53035e-26
-6.6411e-27
-3.53016e-26
-2.89024e-26
-6.39731e-27
-2.89005e-26
-2.45821e-26
-4.31768e-27
-1.91256e-26
-5.45241e-27
-1.91236e-26
-1.46724e-26
-4.45065e-27
-9.81463e-27
-4.85414e-27
-9.8127e-27
-4.60009e-27
-5.21163e-27
-4.59823e-27
-4.5978e-27
6.54613e-30
-6.54613e-30
1.05013e-29
-7.15929e-30
1.50403e-29
-7.68638e-30
2.01042e-29
-8.26235e-30
2.5874e-29
-9.01861e-30
3.25741e-29
-9.99717e-30
4.04713e-29
-1.12388e-29
4.98845e-29
-1.27931e-29
6.11967e-29
-1.47213e-29
7.48705e-29
-1.70996e-29
9.14657e-29
-2.00216e-29
1.11661e-28
-2.36022e-29
1.3628e-28
-2.79822e-29
1.66322e-28
-3.33332e-29
2.02998e-28
-3.98649e-29
2.47778e-28
-4.78323e-29
3.02445e-28
-5.75453e-29
3.69157e-28
-6.93797e-29
4.50528e-28
-8.37908e-29
5.49718e-28
-1.01328e-28
6.70549e-28
-1.22655e-28
8.17629e-28
-1.48563e-28
9.96501e-28
-1.79996e-28
1.21381e-27
-2.18058e-28
1.47745e-27
-2.64018e-28
1.79673e-27
-3.19283e-28
2.1824e-27
-3.85325e-28
2.64656e-27
-4.63477e-28
3.20207e-27
-5.54543e-28
3.86127e-27
-6.57979e-28
4.63303e-27
-7.70339e-28
5.51696e-27
-8.82363e-28
6.4924e-27
-9.73796e-28
7.49896e-27
-1.0049e-27
8.40582e-27
-9.05177e-28
8.97262e-27
-5.65034e-28
8.82524e-27
1.49284e-28
7.51129e-27
1.31577e-27
2.91473e-27
6.52235e-30
-1.63351e-29
1.04821e-29
-1.74028e-29
1.50201e-29
-1.84166e-29
2.00776e-29
-1.96078e-29
2.58394e-29
-2.11597e-29
3.25299e-29
-2.31504e-29
4.04158e-29
-2.56583e-29
4.98155e-29
-2.87789e-29
6.11117e-29
-3.26314e-29
7.47661e-29
-3.73639e-29
9.13378e-29
-4.316e-29
1.11504e-28
-5.02458e-29
1.36088e-28
-5.88993e-29
1.66087e-28
-6.94614e-29
2.02712e-28
-8.2349e-29
2.4743e-28
-9.80709e-29
3.0202e-28
-1.17247e-28
3.68638e-28
-1.4063e-28
4.49895e-28
-1.69134e-28
5.48948e-28
-2.03863e-28
6.69613e-28
-2.46148e-28
8.16494e-28
-2.97582e-28
9.95129e-28
-3.60055e-28
1.21215e-27
-4.35788e-28
1.47546e-27
-5.27329e-28
1.79436e-27
-6.37507e-28
2.1796e-27
-7.69275e-28
2.64331e-27
-9.25328e-28
3.19841e-27
-1.10731e-27
3.85735e-27
-1.31421e-27
4.62923e-27
-1.53925e-27
5.51411e-27
-1.76412e-27
6.4921e-27
-1.94857e-27
7.50404e-27
-2.01354e-27
8.42064e-27
-1.81832e-27
9.00248e-27
-1.14341e-27
8.87314e-27
2.81739e-28
7.57628e-27
2.61702e-27
5.27907e-27
6.47965e-30
-2.59621e-29
1.04415e-29
-2.73358e-29
1.49725e-29
-2.87764e-29
2.00155e-29
-3.05694e-29
2.57598e-29
-3.29086e-29
3.24296e-29
-3.59035e-29
4.0291e-29
-3.96698e-29
4.96614e-29
-4.4349e-29
6.09224e-29
-5.01184e-29
7.45343e-29
-5.71983e-29
9.10543e-29
-6.58621e-29
1.11158e-28
-7.64475e-29
1.35666e-28
-8.93698e-29
1.65572e-28
-1.05139e-28
2.02083e-28
-1.24378e-28
2.46663e-28
-1.4785e-28
3.01085e-28
-1.76483e-28
3.67498e-28
-2.11407e-28
4.48506e-28
-2.53992e-28
5.47257e-28
-3.05895e-28
6.67556e-28
-3.69113e-28
8.13995e-28
-4.46036e-28
9.921e-28
-5.39504e-28
1.20849e-27
-6.52848e-28
1.47106e-27
-7.89898e-28
1.78909e-27
-9.54908e-28
2.17336e-27
-1.15233e-27
2.63603e-27
-1.38625e-27
3.19013e-27
-1.65922e-27
3.84835e-27
-1.96987e-27
4.62024e-27
-2.30835e-27
5.50673e-27
-2.64767e-27
6.4895e-27
-2.92831e-27
7.51185e-27
-3.03277e-27
8.44764e-27
-2.75084e-27
9.05948e-27
-1.75198e-27
8.96655e-27
3.77561e-28
7.68276e-27
3.90513e-27
8.10697e-27
6.4247e-30
-3.54291e-29
1.03839e-29
-3.70215e-29
1.49008e-29
-3.88562e-29
1.9922e-29
-4.1239e-29
2.564e-29
-4.43572e-29
3.22789e-29
-4.83482e-29
4.01038e-29
-5.33642e-29
4.94307e-29
-5.9593e-29
6.06392e-29
-6.72693e-29
7.41877e-29
-7.6686e-29
9.06309e-29
-8.82063e-29
1.10641e-28
-1.02279e-28
1.35035e-28
-1.19456e-28
1.64802e-28
-1.40415e-28
2.01144e-28
-1.65988e-28
2.45517e-28
-1.97187e-28
2.99688e-28
-2.3525e-28
3.65795e-28
-2.81681e-28
4.4643e-28
-3.38304e-28
5.44728e-28
-4.07328e-28
6.64479e-28
-4.91411e-28
8.10257e-28
-5.93739e-28
9.87566e-28
-7.18099e-28
1.20301e-27
-8.68932e-28
1.46446e-27
-1.05135e-27
1.78119e-27
-1.27104e-27
2.16401e-27
-1.53398e-27
2.62511e-27
-1.84569e-27
3.17771e-27
-2.20972e-27
3.83481e-27
-2.62454e-27
4.60667e-27
-3.07754e-27
5.49551e-27
-3.53371e-27
6.48532e-27
-3.91524e-27
7.52313e-27
-4.0676e-27
8.48759e-27
-3.71217e-27
9.14467e-27
-2.40588e-27
9.10765e-27
4.17276e-28
7.85082e-27
5.16624e-27
1.1506e-26
6.36101e-30
-4.47432e-29
1.03105e-29
-4.65127e-29
1.48054e-29
-4.87261e-29
1.97972e-29
-5.16881e-29
2.54803e-29
-5.5577e-29
3.20783e-29
-6.05554e-29
3.98546e-29
-6.68115e-29
4.91236e-29
-7.45789e-29
6.02626e-29
-8.41497e-29
7.37269e-29
-9.58889e-29
9.0068e-29
-1.10249e-28
1.09954e-28
-1.27789e-28
1.34197e-28
-1.49199e-28
1.63779e-28
-1.75322e-28
1.99896e-28
-2.07195e-28
2.43995e-28
-2.46083e-28
2.9783e-28
-2.93528e-28
3.6353e-28
-3.51407e-28
4.43669e-28
-4.21998e-28
5.41365e-28
-5.08053e-28
6.60386e-28
-6.12894e-28
8.05282e-28
-7.40498e-28
9.81533e-28
-8.95593e-28
1.19571e-27
-1.08373e-27
1.45567e-27
-1.31131e-27
1.77067e-27
-1.58547e-27
2.15154e-27
-1.91373e-27
2.61055e-27
-2.3031e-27
3.16111e-27
-2.75827e-27
3.81669e-27
-3.27776e-27
4.58842e-27
-3.8467e-27
5.48025e-27
-4.42283e-27
6.47923e-27
-4.91144e-27
7.53735e-27
-5.12284e-27
8.53985e-27
-4.71161e-27
9.25759e-27
-3.12054e-27
9.2976e-27
3.79798e-28
8.10441e-27
6.36375e-27
1.41563e-26
6.29023e-30
-5.3912e-29
1.0222e-29
-5.58445e-29
1.4687e-29
-5.84302e-29
1.96417e-29
-6.19621e-29
2.52812e-29
-6.6613e-29
3.1828e-29
-7.25695e-29
3.95439e-29
-8.00549e-29
4.87408e-29
-8.9348e-29
5.9793e-29
-1.00798e-28
7.31525e-29
-1.14842e-28
8.93664e-29
-1.32021e-28
1.09098e-28
-1.53003e-28
1.33152e-28
-1.78614e-28
1.62504e-28
-2.09864e-28
1.98341e-28
-2.47994e-28
2.42097e-28
-2.94516e-28
2.95515e-28
-3.51277e-28
3.60706e-28
-4.20524e-28
4.40227e-28
-5.04983e-28
5.37171e-28
-6.07952e-28
6.55282e-28
-7.33406e-28
7.99078e-28
-8.86111e-28
9.74007e-28
-1.07174e-27
1.18661e-27
-1.29694e-27
1.4447e-27
-1.56941e-27
1.75754e-27
-1.89775e-27
2.13596e-27
-2.29106e-27
2.59234e-27
-2.75792e-27
3.14033e-27
-3.30429e-27
3.79393e-27
-3.92907e-27
4.56537e-27
-4.61563e-27
5.4607e-27
-5.31553e-27
6.47077e-27
-5.9188e-27
7.5538e-27
-6.20305e-27
8.60349e-27
-5.75829e-27
9.3976e-27
-3.9116e-27
9.53696e-27
2.4282e-28
8.41612e-27
7.48896e-27
1.82524e-26
6.21294e-30
-6.29405e-29
1.01186e-29
-6.50365e-29
1.45457e-29
-6.79916e-29
1.94556e-29
-7.20846e-29
2.50429e-29
-7.74886e-29
3.15286e-29
-8.44128e-29
3.91722e-29
-9.31151e-29
4.82828e-29
-1.03919e-28
5.92312e-29
-1.17231e-28
7.24654e-29
-1.33557e-28
8.85271e-29
-1.53528e-28
1.08074e-28
-1.77922e-28
1.31902e-28
-2.07696e-28
1.60979e-28
-2.44027e-28
1.9648e-28
-2.88357e-28
2.39826e-28
-3.42445e-28
2.92745e-28
-4.0844e-28
3.57328e-28
-4.88954e-28
4.36108e-28
-5.87159e-28
5.32153e-28
-7.06892e-28
6.49174e-28
-8.52779e-28
7.91653e-28
-1.03037e-27
9.64999e-28
-1.24627e-27
1.17571e-27
-1.50825e-27
1.43157e-27
-1.82528e-27
1.74181e-27
-2.20745e-27
2.11729e-27
-2.66546e-27
2.57049e-27
-3.20959e-27
3.11534e-27
-3.84721e-27
3.76647e-27
-4.57796e-27
4.53738e-27
-5.38409e-27
5.43657e-27
-6.21215e-27
6.4594e-27
-6.93897e-27
7.57159e-27
-7.31247e-27
8.67736e-27
-6.86106e-27
9.56378e-27
-4.795e-27
9.8268e-27
-1.79971e-29
8.84664e-27
8.47357e-27
2.06985e-26
6.1291e-30
-7.183e-29
1.00004e-29
-7.40962e-29
1.4382e-29
-7.74185e-29
1.92395e-29
-8.20644e-29
2.47659e-29
-8.82116e-29
3.11805e-29
-9.6092e-29
3.87401e-29
-1.05997e-28
4.77503e-29
-1.18295e-28
5.85782e-29
-1.33447e-28
7.16665e-29
-1.52032e-28
8.75514e-29
-1.74765e-28
1.06883e-28
-2.02532e-28
1.30449e-28
-2.36425e-28
1.59206e-28
-2.77782e-28
1.94316e-28
-3.28245e-28
2.37187e-28
-3.89818e-28
2.89525e-28
-4.64948e-28
3.534e-28
-5.56609e-28
4.31319e-28
-6.68413e-28
5.26317e-28
-8.04734e-28
6.4207e-28
-9.70843e-28
7.83017e-28
-1.17307e-27
9.5452e-28
-1.41894e-27
1.16303e-27
-1.71734e-27
1.41628e-27
-2.07854e-27
1.72349e-27
-2.51411e-27
2.09552e-27
-3.03645e-27
2.54498e-27
-3.65755e-27
3.08611e-27
-4.38644e-27
3.73422e-27
-5.22386e-27
4.50426e-27
-6.15171e-27
5.4075e-27
-7.11287e-27
6.44446e-27
-7.97333e-27
7.58964e-27
-8.45491e-27
8.76e-27
-8.02843e-27
9.75486e-27
-5.78683e-27
1.01665e-26
-4.27601e-28
9.33564e-27
9.30897e-27
2.33885e-26
6.03845e-30
-8.05787e-29
9.86746e-30
-8.30228e-29
1.41961e-29
-8.67099e-29
1.89936e-29
-9.19002e-29
2.44507e-29
-9.878e-29
3.07843e-29
-1.07604e-28
3.82482e-29
-1.18696e-28
4.71442e-29
-1.32468e-28
5.78348e-29
-1.49438e-28
7.07572e-29
-1.70252e-28
8.64407e-29
-1.95712e-28
1.05527e-28
-2.2681e-28
1.28794e-28
-2.64769e-28
1.57188e-28
-3.1109e-28
1.91853e-28
-3.67609e-28
2.34181e-28
-4.36575e-28
2.85858e-28
-5.20725e-28
3.48927e-28
-6.23395e-28
4.25866e-28
-7.48632e-28
5.19673e-28
-9.01337e-28
6.33981e-28
-1.08742e-27
7.73182e-28
-1.31399e-27
9.42584e-28
-1.58949e-27
1.14858e-27
-1.92391e-27
1.39886e-27
-2.32882e-27
1.7026e-27
-2.81732e-27
2.07068e-27
-3.40349e-27
2.51583e-27
-4.10121e-27
3.05262e-27
-4.92137e-27
3.69711e-27
-5.86619e-27
4.46581e-27
-6.91805e-27
5.37308e-27
-8.01766e-27
6.4252e-27
-9.02289e-27
7.60671e-27
-9.6337e-27
8.84967e-27
-9.26838e-27
9.96923e-27
-6.90337e-27
1.05559e-26
-1.01255e-27
9.89881e-27
9.97079e-27
2.63135e-26
5.9407e-30
-8.91819e-29
9.71998e-30
-9.18108e-29
1.39885e-29
-9.58594e-29
1.87184e-29
-1.01585e-28
2.40978e-29
-1.09186e-28
3.03406e-29
-1.18939e-28
3.76973e-29
-1.31201e-28
4.64654e-29
-1.46427e-28
5.70023e-29
-1.65187e-28
6.97388e-29
-1.88198e-28
8.51967e-29
-2.16345e-28
1.04008e-28
-2.50728e-28
1.26941e-28
-2.92695e-28
1.54927e-28
-3.43908e-28
1.89095e-28
-4.06398e-28
2.30815e-28
-4.82649e-28
2.81751e-28
-5.75693e-28
3.43918e-28
-6.89215e-28
4.19757e-28
-8.27696e-28
5.12229e-28
-9.96557e-28
6.24918e-28
-1.20234e-27
7.62162e-28
-1.45292e-27
9.29207e-28
-1.75766e-27
1.13238e-27
-2.12765e-27
1.37932e-27
-2.57576e-27
1.67915e-27
-3.11662e-27
2.04277e-27
-3.76609e-27
2.48302e-27
-4.54001e-27
3.01482e-27
-5.45133e-27
3.65503e-27
-6.50427e-27
4.42183e-27
-7.68251e-27
5.33287e-27
-8.92628e-27
6.40077e-27
-1.00883e-26
7.62132e-27
-1.08515e-26
8.94427e-27
-1.05883e-26
1.02049e-26
-8.16094e-27
1.09952e-26
-1.80152e-27
1.05525e-26
1.04184e-26
2.83845e-26
5.83555e-30
-9.76327e-29
9.55803e-30
-1.00451e-28
1.37595e-29
-1.04857e-28
1.84144e-29
-1.11109e-28
2.37077e-29
-1.19419e-28
2.98501e-29
-1.30086e-28
3.70883e-29
-1.43498e-28
4.5715e-29
-1.60153e-28
5.60818e-29
-1.80676e-28
6.86129e-29
-2.05848e-28
8.38214e-29
-2.3664e-28
1.0233e-28
-2.74252e-28
1.24893e-28
-3.20164e-28
1.52427e-28
-3.7619e-28
1.86045e-28
-4.44554e-28
2.27094e-28
-5.27976e-28
2.77211e-28
-6.2977e-28
3.38379e-28
-7.53973e-28
4.13003e-28
-9.05487e-28
5.03998e-28
-1.09025e-27
6.14895e-28
-1.31543e-27
7.49973e-28
-1.58965e-27
9.14408e-28
-1.9232e-27
1.11446e-27
-2.32825e-27
1.35768e-27
-2.81899e-27
1.65317e-27
-3.41159e-27
2.01181e-27
-4.12373e-27
2.44657e-27
-4.97333e-27
2.97271e-27
-5.97567e-27
3.6079e-27
-7.13738e-27
4.37207e-27
-8.4444e-27
5.28639e-27
-9.83822e-27
6.37024e-27
-1.11696e-26
7.63185e-27
-1.21105e-26
9.04136e-27
-1.19947e-26
1.04592e-26
-9.57578e-27
1.1484e-26
-2.82531e-27
1.12712e-26
1.06363e-26
3.21264e-26
5.7228e-30
-1.05922e-28
9.38181e-30
-1.08934e-28
1.35094e-29
-1.13692e-28
1.8082e-29
-1.2046e-28
2.3281e-29
-1.29465e-28
2.93136e-29
-1.41029e-28
3.64221e-29
-1.55571e-28
4.48941e-29
-1.7363e-28
5.5075e-29
-1.95882e-28
6.73812e-29
-2.23177e-28
8.23169e-29
-2.56566e-28
1.00493e-28
-2.97351e-28
1.22652e-28
-3.47136e-28
1.49693e-28
-4.07889e-28
1.82708e-28
-4.82023e-28
2.23022e-28
-5.72486e-28
2.72242e-28
-6.82875e-28
3.32318e-28
-8.1757e-28
4.05612e-28
-9.81888e-28
4.94991e-28
-1.18228e-27
6.03927e-28
-1.42652e-27
7.36631e-28
-1.72398e-27
8.98206e-28
-2.08586e-27
1.09483e-27
-2.52541e-27
1.33398e-27
-3.05814e-27
1.62469e-27
-3.70179e-27
1.97783e-27
-4.47589e-27
2.40648e-27
-5.40057e-27
2.92624e-27
-6.49366e-27
3.55562e-27
-7.76472e-27
4.31632e-27
-9.20287e-27
5.23314e-27
-1.07527e-26
6.33261e-27
-1.22667e-26
7.63648e-27
-1.34117e-26
9.13812e-27
-1.34933e-26
1.07293e-26
-1.11639e-26
1.20225e-26
-4.11805e-27
1.21307e-26
1.05332e-26
3.34961e-26
5.60233e-30
-1.14042e-28
9.19151e-30
-1.17248e-28
1.32387e-29
-1.22351e-28
1.77217e-29
-1.29625e-28
2.28184e-29
-1.39311e-28
2.87319e-29
-1.51753e-28
3.56997e-29
-1.67403e-28
4.4004e-29
-1.86837e-28
5.39832e-29
-2.10785e-28
6.60456e-29
-2.4016e-28
8.06855e-29
-2.76095e-28
9.85019e-29
-3.1999e-28
1.20222e-28
-3.73571e-28
1.46727e-28
-4.38958e-28
1.79089e-28
-5.18748e-28
2.18606e-28
-6.16114e-28
2.66855e-28
-7.34929e-28
3.25745e-28
-8.79909e-28
3.97597e-28
-1.05678e-27
4.85221e-28
-1.27249e-27
5.92028e-28
-1.53543e-27
7.22156e-28
-1.8557e-27
8.80624e-28
-2.24538e-27
1.07352e-27
-2.71883e-27
1.30823e-27
-3.29286e-27
1.59372e-27
-3.98678e-27
1.94084e-27
-4.82205e-27
2.36275e-27
-5.8211e-27
2.8754e-27
-7.00457e-27
3.4981e-27
-8.38541e-27
4.25433e-27
-9.95691e-27
5.17258e-27
-1.16687e-26
6.28681e-27
-1.33785e-26
7.63322e-27
-1.47554e-26
9.2313e-27
-1.50882e-26
1.10111e-26
-1.29406e-26
1.26085e-26
-5.71564e-27
1.30492e-26
1.00978e-26
3.68823e-26
5.4741e-30
-1.2198e-28
8.98739e-30
-1.2538e-28
1.29477e-29
-1.30822e-28
1.73343e-29
-1.3859e-28
2.23208e-29
-1.48942e-28
2.8106e-29
-1.62244e-28
3.49223e-29
-1.78976e-28
4.3046e-29
-1.99756e-28
5.28082e-29
-2.25363e-28
6.46083e-29
-2.56773e-28
7.89297e-29
-2.95197e-28
9.63586e-29
-3.42134e-28
1.17606e-28
-3.9943e-28
1.43536e-28
-4.6935e-28
1.75194e-28
-5.54672e-28
2.13854e-28
-6.58792e-28
2.61055e-28
-7.85851e-28
3.1867e-28
-9.40895e-28
3.88968e-28
-1.13005e-27
4.74703e-28
-1.36076e-27
5.79217e-28
-1.642e-27
7.06568e-28
-1.9846e-27
8.61686e-28
-2.40154e-27
1.05056e-27
-2.90822e-27
1.28048e-27
-3.52277e-27
1.56031e-27
-4.26612e-27
1.90088e-27
-5.16167e-27
2.31541e-27
-6.23428e-27
2.82016e-27
-7.50762e-27
3.43524e-27
-8.99853e-27
4.18586e-27
-1.07054e-26
5.10419e-27
-1.25848e-26
6.23173e-27
-1.45037e-26
7.61991e-27
-1.6141e-26
9.31721e-27
-1.67823e-26
1.13001e-26
-1.49204e-26
1.3241e-26
-7.65754e-27
1.41205e-26
9.22381e-27
3.57294e-26
5.3381e-30
-1.29728e-28
8.76974e-30
-1.3332e-28
1.2637e-29
-1.39092e-28
1.69202e-29
-1.47343e-28
2.17887e-29
-1.58345e-28
2.74367e-29
-1.72485e-28
3.40912e-29
-1.90273e-28
4.20217e-29
-2.12366e-28
5.15518e-29
-2.39593e-28
6.30713e-29
-2.72989e-28
7.70522e-29
-3.13844e-28
9.40668e-29
-3.63751e-28
1.14809e-28
-4.24672e-28
1.40123e-28
-4.99018e-28
1.7103e-28
-5.89742e-28
2.08771e-28
-7.00455e-28
2.54854e-28
-8.35564e-28
3.11104e-28
-1.00043e-27
3.7974e-28
-1.20159e-27
4.63454e-28
-1.44694e-27
5.65513e-28
-1.74607e-27
6.89891e-28
-2.1105e-27
8.41418e-28
-2.55407e-27
1.02598e-27
-3.09328e-27
1.25074e-27
-3.74754e-27
1.52449e-27
-4.53938e-27
1.85798e-27
-5.49423e-27
2.26448e-27
-6.63947e-27
2.76053e-27
-8.00201e-27
3.36696e-27
-9.60305e-27
4.11068e-27
-1.1447e-26
5.02743e-27
-1.34994e-26
6.16624e-27
-1.56403e-26
7.59427e-27
-1.75664e-26
9.39169e-27
-1.85764e-26
1.15906e-26
-1.71163e-26
1.39163e-26
-9.98514e-27
1.51807e-26
7.96497e-27
3.71411e-26
5.19443e-30
-1.37273e-28
8.53885e-30
-1.41054e-28
1.2307e-29
-1.47149e-28
1.64801e-29
-1.55869e-28
2.12231e-29
-1.67504e-28
2.67251e-29
-1.8246e-28
3.32074e-29
-2.01278e-28
4.09327e-29
-2.2465e-28
5.02159e-29
-2.53454e-28
6.14371e-29
-2.88785e-28
7.50559e-29
-3.32008e-28
9.163e-29
-3.84807e-28
1.11836e-28
-4.4926e-28
1.36494e-28
-5.27917e-28
1.66601e-28
-6.23903e-28
2.03367e-28
-7.41039e-28
2.48259e-28
-8.8399e-28
3.03058e-28
-1.05844e-27
3.69926e-28
-1.27128e-27
4.51489e-28
-1.53091e-27
5.50936e-28
-1.84747e-27
6.72148e-28
-2.23318e-27
8.1985e-28
-2.70275e-27
9.99807e-28
-3.27372e-27
1.21907e-27
-3.9668e-27
1.48629e-27
-4.80614e-27
1.81217e-27
-5.8192e-27
2.20998e-27
-7.03599e-27
2.69648e-27
-8.48691e-27
3.2932e-27
-1.01979e-26
4.02859e-27
-1.21804e-26
4.9418e-27
-1.44105e-26
6.0892e-27
-1.67855e-26
7.55387e-27
-1.90284e-26
9.45009e-27
-2.04692e-26
1.18758e-26
-1.9539e-26
1.46342e-26
-1.27466e-26
1.63477e-26
6.25719e-27
4.40204e-26
5.04318e-30
-1.44605e-28
8.29507e-30
-1.48572e-28
1.19582e-29
-1.5498e-28
1.60147e-29
-1.64157e-28
2.06248e-29
-1.76405e-28
2.59724e-29
-1.92155e-28
3.22725e-29
-2.11973e-28
3.97805e-29
-2.36588e-28
4.88027e-29
-2.66924e-28
5.97082e-29
-3.04136e-28
7.29439e-29
-3.4966e-28
8.90518e-29
-4.05271e-28
1.08689e-28
-4.73156e-28
1.32654e-28
-5.56003e-28
1.61916e-28
-6.57103e-28
1.97649e-28
-7.80483e-28
2.41281e-28
-9.31056e-28
2.94544e-28
-1.11481e-27
3.59541e-28
-1.33902e-27
4.38826e-28
-1.61253e-27
5.35507e-28
-1.94604e-27
6.53365e-28
-2.35247e-27
7.97012e-28
-2.84735e-27
9.72084e-28
-3.44926e-27
1.1855e-27
-4.1802e-27
1.44577e-27
-5.06596e-27
1.76349e-27
-6.13605e-27
2.15194e-27
-7.42319e-27
2.62804e-27
-8.96144e-27
3.2139e-27
-1.0782e-26
3.93939e-27
-1.29039e-26
4.8468e-27
-1.53159e-26
5.99949e-27
-1.7936e-26
7.49624e-27
-2.05225e-26
9.4873e-27
-2.24568e-26
1.21475e-26
-2.21962e-26
1.53944e-26
-1.5998e-26
1.78581e-26
3.79924e-27
4.11693e-26
4.88452e-30
-1.51714e-28
8.03876e-30
-1.55862e-28
1.15911e-29
-1.62574e-28
1.55248e-29
-1.72192e-28
1.99949e-29
-1.85036e-28
2.51797e-29
-2.01555e-28
3.12879e-29
-2.22341e-28
3.85671e-29
-2.48162e-28
4.73142e-29
-2.79984e-28
5.78872e-29
-3.19019e-28
7.07195e-29
-3.66773e-28
8.63364e-29
-4.2511e-28
1.05375e-28
-4.96323e-28
1.2861e-28
-5.83232e-28
1.56981e-28
-6.8929e-28
1.91626e-28
-8.18724e-28
2.33931e-28
-9.76688e-28
2.85575e-28
-1.16947e-27
3.486e-28
-1.4047e-27
4.25486e-28
-1.69168e-27
5.1925e-28
-2.04164e-27
6.3357e-28
-2.46817e-27
7.72935e-28
-2.98764e-27
9.42846e-28
-3.61962e-27
1.15007e-27
-4.38742e-27
1.40297e-27
-5.31842e-27
1.71201e-27
-6.44424e-27
2.09041e-27
-7.80038e-27
2.55522e-27
-9.42473e-27
3.12902e-27
-1.1354e-26
3.84291e-27
-1.36159e-26
4.74199e-27
-1.62131e-26
5.89603e-27
-1.9088e-26
7.41887e-27
-2.20428e-26
9.49773e-27
-2.45321e-26
1.23955e-26
-2.5091e-26
1.61862e-26
-1.9795e-26
1.93527e-26
6.38518e-28
4.48003e-26
4.71862e-30
-1.5859e-28
7.77029e-30
-1.62913e-28
1.12064e-29
-1.69918e-28
1.5011e-29
-1.79963e-28
1.93341e-29
-1.93383e-28
2.43482e-29
-2.10644e-28
3.02551e-29
-2.32368e-28
3.72942e-29
-2.59354e-28
4.57528e-29
-2.92613e-28
5.5977e-29
-3.33411e-28
6.83861e-29
-3.83322e-28
8.34879e-29
-4.44294e-28
1.01899e-28
-5.18725e-28
1.24368e-28
-6.09562e-28
1.51803e-28
-7.20416e-28
1.85307e-28
-8.55704e-28
2.2622e-28
-1.02082e-27
2.76166e-28
-1.22233e-27
3.37121e-28
-1.46823e-27
4.11488e-28
-1.76823e-27
5.02189e-28
-2.13412e-27
6.12792e-28
-2.58011e-27
7.47656e-28
-3.12339e-27
9.12134e-28
-3.78453e-27
1.11283e-27
-4.5881e-27
1.35794e-27
-5.56309e-27
1.65776e-27
-6.74324e-27
2.02544e-27
-8.16688e-27
2.47805e-27
-9.87588e-27
3.03855e-27
-1.19128e-26
3.73902e-27
-1.43146e-26
4.627e-27
-1.70992e-26
5.77784e-27
-2.02368e-26
7.3193e-27
-2.35816e-26
9.47539e-27
-2.66845e-26
1.26073e-26
-2.82198e-26
1.70035e-26
-2.41995e-26
2.1119e-26
-3.47131e-27
5.73505e-26
4.54572e-30
-1.65221e-28
7.49008e-30
-1.69713e-28
1.08045e-29
-1.77001e-28
1.44742e-29
-1.87459e-28
1.86437e-29
-2.01433e-28
2.34793e-29
-2.1941e-28
2.91757e-29
-2.42038e-28
3.59639e-29
-2.70147e-28
4.41208e-29
-3.04791e-28
5.39806e-29
-3.47289e-28
6.59472e-29
-3.9928e-28
8.05107e-29
-4.62794e-28
9.82656e-29
-5.40328e-28
1.19934e-28
-6.34953e-28
1.46392e-28
-7.50432e-28
1.78703e-28
-8.91366e-28
2.18159e-28
-1.06337e-27
2.6633e-28
-1.2733e-27
3.25121e-28
-1.52949e-27
3.96852e-28
-1.84207e-27
4.84349e-28
-2.22332e-27
5.91061e-28
-2.68811e-27
7.2121e-28
-3.25439e-27
8.79991e-28
-3.94373e-27
1.07383e-27
-4.78193e-27
1.31073e-27
-5.79958e-27
1.60082e-27
-7.03253e-27
1.95708e-27
-8.522e-27
2.39657e-27
-1.0314e-26
2.94248e-27
-1.24571e-26
3.62764e-27
-1.4998e-26
4.50149e-27
-1.79712e-26
5.64404e-27
-2.13774e-26
7.19518e-27
-2.51302e-26
9.41398e-27
-2.88995e-26
1.27681e-26
-3.15709e-26
1.78326e-26
-2.92747e-26
2.35514e-26
-9.18466e-27
5.62235e-26
4.36603e-30
-1.71597e-28
7.19855e-30
-1.76253e-28
1.03862e-29
-1.83813e-28
1.39152e-29
-1.94666e-28
1.79246e-29
-2.09173e-28
2.25742e-29
-2.27839e-28
2.80513e-29
-2.51335e-28
3.45781e-29
-2.80524e-28
4.24209e-29
-3.165e-28
5.19009e-29
-3.60632e-28
6.34066e-29
-4.14624e-28
7.74093e-29
-4.80581e-28
9.44806e-29
-5.61099e-28
1.15315e-28
-6.59366e-28
1.40754e-28
-7.79292e-28
1.71823e-28
-9.25655e-28
2.09762e-28
-1.10429e-27
2.56082e-28
-1.32232e-27
3.12618e-28
-1.58841e-27
3.81602e-28
-1.91308e-27
4.65757e-28
-2.30912e-27
5.68409e-28
-2.792e-27
6.93637e-28
-3.38044e-27
8.46463e-28
-4.09696e-27
1.03312e-27
-4.96857e-27
1.26141e-27
-6.02747e-27
1.54124e-27
-7.31159e-27
1.8854e-27
-8.86507e-27
2.31085e-27
-1.0738e-26
2.84084e-27
-1.29855e-26
3.50871e-27
-1.56642e-26
4.36525e-27
-1.88261e-26
5.49393e-27
-2.25042e-26
7.04441e-27
-2.66781e-26
9.30713e-27
-3.11584e-26
1.286e-26
-3.51207e-26
1.86362e-26
-3.50643e-26
2.61675e-26
-1.67109e-26
6.55816e-26
4.17982e-30
-1.77711e-28
6.89615e-30
-1.82522e-28
9.95213e-30
-1.90342e-28
1.3335e-29
-2.01574e-28
1.71779e-29
-2.16591e-28
2.16343e-29
-2.35917e-28
2.68837e-29
-2.60245e-28
3.31391e-29
-2.9047e-28
4.06556e-29
-3.27722e-28
4.97412e-29
-3.7342e-28
6.07683e-29
-4.29328e-28
7.41885e-29
-4.97627e-28
9.05499e-29
-5.81005e-28
1.10518e-28
-6.82763e-28
1.349e-28
-8.06951e-28
1.64677e-28
-9.58518e-28
2.01041e-28
-1.14351e-27
2.45439e-28
-1.36931e-27
2.99631e-28
-1.64488e-27
3.65761e-28
-1.98115e-27
4.46442e-28
-2.39137e-27
5.44872e-28
-2.89161e-27
6.64976e-28
-3.50132e-27
8.11598e-28
-4.24396e-27
9.90764e-28
-5.14773e-27
1.21005e-27
-6.24636e-27
1.4791e-27
-7.57991e-27
1.81048e-27
-9.19541e-27
2.22095e-27
-1.11472e-26
2.73369e-27
-1.34967e-26
3.38224e-27
-1.63111e-26
4.21812e-27
-1.96603e-26
5.32698e-27
-2.36113e-26
6.8652e-27
-2.82138e-26
9.14865e-27
-3.34378e-26
1.28623e-26
-3.88312e-26
1.93704e-26
-4.15889e-26
2.94584e-26
-2.67946e-26
5.977e-26
3.98737e-30
-1.83551e-28
6.58334e-30
-1.88511e-28
9.50287e-30
-1.9658e-28
1.27343e-29
-2.08172e-28
1.64049e-29
-2.23677e-28
2.06612e-29
-2.43633e-28
2.56748e-29
-2.68756e-28
3.1649e-29
-2.99968e-28
3.88277e-29
-3.38439e-28
4.75049e-29
-3.85633e-28
5.80364e-29
-4.43372e-28
7.08534e-29
-5.13907e-28
8.64795e-29
-6.00016e-28
1.0555e-28
-7.05109e-28
1.28837e-28
-8.33366e-28
1.57277e-28
-9.89904e-28
1.92009e-28
-1.18097e-27
2.34416e-28
-1.41418e-27
2.8618e-28
-1.69882e-27
3.49352e-28
-2.04617e-27
4.26432e-28
-2.46995e-27
5.20484e-28
-2.98679e-27
6.3527e-28
-3.61686e-27
7.75448e-28
-4.3845e-27
9.46819e-28
-5.31909e-27
1.1567e-27
-6.45587e-27
1.41448e-27
-7.83698e-27
1.73241e-27
-9.51233e-27
2.12697e-27
-1.15405e-26
2.62112e-27
-1.39895e-26
3.24827e-27
-1.69368e-26
4.06008e-27
-2.04706e-26
5.14288e-27
-2.46924e-26
6.65624e-27
-2.97246e-26
8.93292e-27
-3.57103e-26
1.2752e-26
-4.26469e-26
1.99622e-26
-4.88191e-26
3.29201e-26
-3.97495e-26
6.36403e-26
3.78896e-30
-1.8911e-28
6.26061e-30
-1.94211e-28
9.03915e-30
-2.02515e-28
1.21141e-29
-2.14451e-28
1.56066e-29
-2.30419e-28
1.96563e-29
-2.50974e-28
2.44263e-29
-2.76852e-28
3.01101e-29
-3.09005e-28
3.69399e-29
-3.48636e-28
4.51954e-29
-3.97253e-28
5.52149e-29
-4.56732e-28
6.74091e-29
-5.29396e-28
8.22758e-29
-6.18103e-28
1.0042e-28
-7.26367e-28
1.22576e-28
-8.58498e-28
1.49635e-28
-1.01976e-27
1.82681e-28
-1.21661e-27
2.2303e-28
-1.45687e-27
2.72286e-28
-1.75014e-27
3.32401e-28
-2.10804e-27
4.05758e-28
-2.54473e-27
4.95281e-28
-3.07739e-27
6.04565e-28
-3.72685e-27
7.38064e-28
-4.51834e-27
9.01347e-28
-5.48235e-27
1.10146e-27
-6.65563e-27
1.34747e-27
-8.08231e-27
1.65128e-27
-9.81519e-27
2.02901e-27
-1.19171e-26
2.50322e-27
-1.44623e-26
3.10692e-27
-1.7539e-26
3.89121e-27
-2.12534e-26
4.94159e-27
-2.57412e-26
6.41682e-27
-3.11974e-26
8.65546e-27
-3.79446e-26
1.25051e-26
-4.64931e-26
2.03251e-26
-5.66628e-26
3.70546e-26
-5.64776e-26
7.3909e-26
3.58491e-30
-1.94378e-28
5.92846e-30
-1.99613e-28
8.5617e-30
-2.08139e-28
1.14754e-29
-2.204e-28
1.47844e-29
-2.36806e-28
1.86212e-29
-2.57929e-28
2.31402e-29
-2.84523e-28
2.85249e-29
-3.17566e-28
3.49952e-29
-3.58295e-28
4.28162e-29
-4.0826e-28
5.23084e-29
-4.6939e-28
6.38608e-29
-5.44069e-28
7.79452e-29
-6.35237e-28
9.51347e-29
-7.46507e-28
1.16125e-28
-8.82306e-28
1.41761e-28
-1.04805e-27
1.7307e-28
-1.25037e-27
2.113e-28
-1.49733e-27
2.5797e-28
-1.79877e-27
3.14933e-28
-2.16667e-27
3.84452e-28
-2.61559e-27
4.69302e-28
-3.16325e-27
5.72905e-28
-3.83112e-27
6.99504e-28
-4.64526e-27
8.54416e-28
-5.63725e-27
1.04439e-27
-6.84527e-27
1.27815e-27
-8.31543e-27
1.5672e-27
-1.01033e-26
1.9272e-27
-1.22759e-26
2.38015e-27
-1.4914e-26
2.95834e-27
-1.81158e-26
3.7117e-27
-2.20054e-26
4.72335e-27
-2.67514e-26
6.14693e-27
-3.26185e-26
8.31352e-27
-4.01068e-26
1.20984e-26
-5.02743e-26
2.03328e-26
-6.49248e-26
4.22737e-26
-7.84198e-26
9.3512e-26
3.37554e-30
-1.99349e-28
5.58742e-30
-2.04708e-28
8.07126e-30
-2.13443e-28
1.08191e-29
-2.2601e-28
1.39396e-29
-2.4283e-28
1.75574e-29
-2.64487e-28
2.18184e-29
-2.91756e-28
2.68957e-29
-3.25639e-28
3.29966e-29
-3.67403e-28
4.0371e-29
-4.18639e-28
4.93213e-29
-4.81324e-28
6.02141e-29
-5.57903e-28
7.34944e-29
-6.51392e-28
8.97027e-29
-7.65496e-28
1.09495e-28
-9.04755e-28
1.33668e-28
-1.07473e-27
1.63191e-28
-1.2822e-27
1.99242e-28
-1.53547e-27
2.43254e-28
-1.84462e-27
2.96976e-28
-2.22195e-27
3.62546e-28
-2.68243e-27
4.42588e-28
-3.24424e-27
5.40339e-28
-3.9295e-27
6.59824e-28
-4.76505e-27
8.06095e-28
-5.78351e-27
9.85586e-28
-7.02444e-27
1.20663e-27
-8.53588e-27
1.4803e-27
-1.03762e-26
1.82168e-27
-1.26163e-26
2.25208e-27
-1.53431e-26
2.80275e-27
-1.86652e-26
3.52186e-27
-2.27233e-26
4.48866e-27
-2.77167e-26
5.84739e-27
-3.39749e-26
7.90682e-27
-4.21618e-26
1.15124e-26
-5.38757e-26
1.97933e-26
-7.32373e-26
4.91492e-26
-1.0778e-25
-1.12966e-25
3.16119e-30
-2.04015e-28
5.23803e-30
-2.09489e-28
7.56858e-30
-2.18419e-28
1.01463e-29
-2.31273e-28
1.30733e-29
-2.4848e-28
1.64666e-29
-2.70638e-28
2.04631e-29
-2.9854e-28
2.52252e-29
-3.3321e-28
3.09472e-29
-3.75946e-28
3.78636e-29
-4.28374e-28
4.62581e-29
-4.92517e-28
5.64745e-29
-5.70879e-28
6.89303e-29
-6.66544e-28
8.41323e-29
-7.83305e-28
1.02696e-28
-9.25809e-28
1.25369e-28
-1.09974e-27
1.53061e-28
-1.31206e-27
1.86876e-28
-1.57124e-27
2.28161e-28
-1.88763e-27
2.78557e-28
-2.27382e-27
3.40073e-28
-2.74513e-27
4.15177e-28
-3.32024e-27
5.06917e-28
-4.02183e-27
6.19086e-28
-4.8775e-27
7.56458e-28
-5.92086e-27
9.25128e-28
-7.1928e-27
1.13302e-27
-8.7432e-27
1.3907e-27
-1.0633e-26
1.71261e-27
-1.29372e-26
2.11919e-27
-1.57486e-26
2.64043e-27
-1.91853e-26
3.32212e-27
-2.34038e-26
4.23833e-27
-2.86316e-26
5.51991e-27
-3.52542e-26
7.43826e-27
-4.40756e-26
1.07379e-26
-5.71709e-26
1.84118e-26
-8.09464e-26
4.89464e-26
-1.38325e-25
-3.01264e-25
2.94221e-30
-2.08368e-28
4.88083e-30
-2.13949e-28
7.05445e-30
-2.2306e-28
9.45803e-30
-2.36179e-28
1.2187e-29
-2.53747e-28
1.53505e-29
-2.76373e-28
1.90763e-29
-3.04865e-28
2.35157e-29
-3.40269e-28
2.88501e-29
-3.8391e-28
3.52979e-29
-4.37448e-28
4.31236e-29
-5.02951e-28
5.26479e-29
-5.82975e-28
6.42599e-29
-6.80669e-28
7.84321e-29
-7.99907e-28
9.57386e-29
-9.45436e-28
1.16877e-28
-1.12307e-27
1.42694e-28
-1.3399e-27
1.74221e-28
-1.6046e-27
2.12713e-28
-1.92773e-27
2.59704e-28
-2.32217e-27
3.17069e-28
-2.8036e-27
3.87114e-28
-3.39111e-27
4.7269e-28
-4.10795e-27
5.77351e-28
-4.98242e-27
7.0558e-28
-6.04907e-27
8.63112e-28
-7.35005e-27
1.05743e-27
-8.93699e-27
1.29853e-27
-1.08734e-26
1.60015e-27
-1.32378e-26
1.98173e-27
-1.61291e-26
2.47169e-27
-1.96741e-26
3.11301e-27
-2.4044e-26
3.97343e-27
-2.94908e-26
5.16705e-27
-3.64456e-26
6.91444e-27
-4.58185e-26
9.78687e-27
-6.00383e-26
1.61166e-26
-8.73142e-26
4.24302e-26
-1.64645e-25
-5.0527e-25
2.71898e-30
-2.12402e-28
4.5164e-30
-2.1808e-28
6.52966e-30
-2.27357e-28
8.75532e-30
-2.40723e-28
1.12819e-29
-2.58624e-28
1.42108e-29
-2.81682e-28
1.76602e-29
-3.1072e-28
2.17701e-29
-3.46803e-28
2.67085e-29
-3.91282e-28
3.26777e-29
-4.4585e-28
3.99227e-29
-5.12611e-28
4.87401e-29
-5.94172e-28
5.94903e-29
-6.93745e-28
7.2611e-29
-8.15277e-28
8.86334e-29
-9.63606e-28
1.08203e-28
-1.14466e-27
1.32106e-28
-1.36567e-27
1.61295e-28
-1.63548e-27
1.96935e-28
-1.96486e-27
2.40447e-28
-2.36695e-27
2.93569e-28
-2.85775e-27
3.5844e-28
-3.45675e-27
4.37711e-28
-4.18772e-27
5.34686e-28
-5.07964e-27
6.53541e-28
-6.16791e-27
7.99634e-28
-7.49588e-27
9.79974e-28
-9.11684e-27
1.20395e-27
-1.10967e-26
1.4845e-27
-1.35175e-26
1.83993e-27
-1.64836e-26
2.29689e-27
-2.01301e-26
2.89514e-27
-2.46413e-26
3.69523e-27
-3.02898e-26
4.79213e-27
-3.75405e-26
6.34564e-27
-4.73675e-26
8.69577e-27
-6.23829e-26
1.3023e-26
-9.16815e-26
2.87951e-26
-1.80417e-25
-7.70814e-25
2.4919e-30
-2.16112e-28
4.14532e-30
-2.21876e-28
5.99502e-30
-2.31304e-28
8.03925e-30
-2.44896e-28
1.03596e-29
-2.63103e-28
1.30493e-29
-2.86558e-28
1.62168e-29
-3.16097e-28
1.99909e-29
-3.52804e-28
2.45258e-29
-3.98053e-28
3.00073e-29
-4.53564e-28
3.66602e-29
-5.21481e-28
4.47572e-29
-6.04455e-28
5.46291e-29
-7.05752e-28
6.66778e-29
-8.2939e-28
8.13913e-29
-9.80291e-28
9.93628e-29
-1.16448e-27
1.21313e-28
-1.38933e-27
1.4812e-28
-1.66383e-27
1.80852e-28
-1.99895e-27
2.20815e-28
-2.40807e-27
2.69608e-28
-2.90747e-27
3.29202e-28
-3.51704e-27
4.02034e-28
-4.26101e-27
4.91155e-28
-5.16897e-27
6.00422e-28
-6.27715e-27
7.34796e-28
-7.63001e-27
9.00781e-28
-9.28237e-27
1.10712e-27
-1.13024e-26
1.36586e-27
-1.37755e-26
1.69406e-27
-1.68109e-26
2.11644e-27
-2.05515e-26
2.66919e-27
-2.51932e-26
3.40521e-27
-3.10248e-26
4.39905e-27
-3.85323e-26
5.74502e-27
-4.87091e-26
7.52376e-27
-6.41555e-26
9.47275e-27
-9.36713e-26
5.18429e-27
-1.76122e-25
-5.08349e-25
2.26136e-30
-2.19492e-28
3.76819e-30
-2.25331e-28
5.45137e-30
-2.34896e-28
7.31094e-30
-2.48691e-28
9.42145e-30
-2.67178e-28
1.18677e-29
-2.90993e-28
1.47485e-29
-3.20988e-28
1.8181e-29
-3.58262e-28
2.23054e-29
-4.0421e-28
2.72906e-29
-4.6058e-28
3.33412e-29
-5.29548e-28
4.07053e-29
-6.13806e-28
4.96836e-29
-7.16672e-28
6.06417e-29
-8.42224e-28
7.40236e-29
-9.95464e-28
9.03688e-29
-1.18251e-27
1.10333e-28
-1.41085e-27
1.34715e-28
-1.68962e-27
1.64487e-28
-2.02996e-27
2.00838e-28
-2.44547e-27
2.45226e-28
-2.95271e-27
2.99443e-28
-3.57189e-27
3.65715e-28
-4.3277e-27
4.46827e-28
-5.25028e-27
5.46308e-28
-6.37661e-27
6.68701e-28
-7.75217e-27
8.19982e-28
-9.43323e-27
1.00819e-27
-1.149e-26
1.24444e-27
-1.4011e-26
1.54444e-27
-1.711e-26
1.93078e-27
-2.0937e-26
2.43593e-27
-2.56975e-26
3.10491e-27
-3.16929e-26
3.99197e-27
-3.94176e-26
5.12715e-27
-4.98401e-26
6.34307e-27
-6.53649e-26
6.17437e-27
-9.3543e-26
-8.11388e-27
-1.61822e-25
-3.30122e-25
2.02781e-30
-2.22537e-28
3.38561e-30
-2.2844e-28
4.89953e-30
-2.38125e-28
6.57149e-30
-2.52104e-28
8.46883e-30
-2.7084e-28
1.06679e-29
-2.9498e-28
1.32576e-29
-3.25385e-28
1.63431e-29
-3.63169e-28
2.00505e-29
-4.09745e-28
2.45319e-29
-4.66887e-28
2.99709e-29
-5.368e-28
3.65906e-29
-6.22212e-28
4.46615e-29
-7.26487e-28
5.45121e-29
-8.53761e-28
6.65417e-29
-1.0091e-27
8.12352e-29
-1.19872e-27
9.91825e-29
-1.4302e-27
1.21101e-28
-1.7128e-27
1.47867e-28
-2.05784e-27
1.80549e-28
-2.47909e-27
2.20458e-28
-2.99338e-27
2.69211e-28
-3.62121e-27
3.28812e-28
-4.38767e-27
4.01774e-28
-5.32342e-27
4.91285e-28
-6.4661e-27
6.01459e-28
-7.86214e-27
7.37712e-28
-9.56911e-27
9.07352e-28
-1.16591e-26
1.12048e-27
-1.42235e-26
1.39136e-27
-1.73802e-26
1.74036e-27
-2.12852e-26
2.19611e-27
-2.61526e-26
2.79592e-27
-3.2292e-26
3.57507e-27
-4.0195e-26
4.50615e-27
-5.07672e-26
5.2159e-27
-6.60678e-26
3.44312e-27
-9.1809e-26
-1.48425e-26
-1.43522e-25
-2.05537e-25
1.79171e-30
-2.25243e-28
2.9982e-30
-2.31198e-28
4.34037e-30
-2.40988e-28
5.82205e-30
-2.55129e-28
7.50325e-30
-2.74086e-28
9.45171e-30
-2.98513e-28
1.17462e-29
-3.2928e-28
1.448e-29
-3.67516e-28
1.77649e-29
-4.14649e-28
2.17354e-29
-4.72475e-28
2.65544e-29
-5.43224e-28
3.24196e-29
-6.29659e-28
3.95705e-29
-7.35183e-28
4.82984e-29
-8.63982e-28
5.8957e-29
-1.02119e-27
7.1976e-29
-1.21308e-27
8.78783e-29
-1.44734e-27
1.073e-28
-1.73334e-27
1.31017e-28
-2.08254e-27
1.59977e-28
-2.50888e-27
1.95344e-28
-3.02941e-27
2.38552e-28
-3.66492e-27
2.91382e-28
-4.44082e-27
3.56067e-28
-5.38825e-27
4.35444e-28
-6.54546e-27
5.3318e-28
-7.95969e-27
6.54113e-28
-9.68971e-27
8.04777e-28
-1.18093e-26
9.9421e-28
-1.44123e-26
1.23516e-27
-1.76205e-26
1.54566e-27
-2.15951e-26
1.95053e-27
-2.65568e-26
2.47979e-27
-3.28205e-26
3.15217e-27
-4.08659e-26
3.89412e-27
-5.15055e-26
4.18623e-27
-6.63529e-26
1.37464e-27
-8.90335e-26
-1.73204e-26
-1.24811e-25
-1.26638e-25
1.55356e-30
-2.27607e-28
2.60657e-30
-2.33599e-28
3.77473e-30
-2.43479e-28
5.06376e-30
-2.5776e-28
6.52618e-30
-2.7691e-28
8.22101e-30
-3.01586e-28
1.02168e-29
-3.32669e-28
1.25947e-29
-3.71297e-28
1.54518e-29
-4.18915e-28
1.89054e-29
-4.77335e-28
2.30971e-29
-5.48812e-28
2.81986e-29
-6.36136e-28
3.44186e-29
-7.42746e-28
4.20102e-29
-8.72871e-28
5.12813e-29
-1.0317e-27
6.26056e-29
-1.22557e-27
7.6438e-29
-1.46224e-27
9.33321e-29
-1.75121e-27
1.13963e-28
-2.10402e-27
1.39156e-28
-2.5348e-27
1.69924e-28
-3.06076e-27
2.07516e-28
-3.70294e-27
2.53485e-28
-4.48707e-27
3.09778e-28
-5.44467e-27
3.78874e-28
-6.61453e-27
4.63979e-28
-8.04463e-27
5.6933e-28
-9.79476e-27
7.00655e-28
-1.19402e-26
8.65884e-28
-1.4577e-26
1.07617e-27
-1.78302e-26
1.34719e-27
-2.18655e-26
1.69998e-27
-2.69091e-26
2.15798e-27
-3.3278e-26
2.72659e-27
-4.14332e-26
3.30021e-27
-5.20758e-26
3.279e-27
-6.63248e-26
-5.63664e-29
-8.57309e-26
-1.73917e-26
-1.07461e-25
-7.13414e-26
1.3139e-30
-2.29626e-28
2.21137e-30
-2.35641e-28
3.20348e-30
-2.45595e-28
4.29778e-30
-2.59995e-28
5.53912e-30
-2.79307e-28
6.97768e-30
-3.04195e-28
8.67166e-30
-3.35546e-28
1.069e-29
-3.74507e-28
1.3115e-29
-4.22536e-28
1.60463e-29
-4.8146e-28
1.96041e-29
-5.53554e-28
2.39342e-29
-6.41632e-28
2.92136e-29
-7.49164e-28
3.56573e-29
-8.80414e-28
4.35264e-29
-1.04061e-27
5.31385e-29
-1.23616e-27
6.48796e-29
-1.47489e-27
7.92196e-29
-1.76637e-27
9.67319e-29
-2.12225e-27
1.18118e-28
-2.55679e-27
1.44237e-28
-3.08737e-27
1.76151e-28
-3.73522e-27
2.15181e-28
-4.52633e-27
2.62984e-28
-5.49258e-27
3.2167e-28
-6.67319e-27
3.93974e-28
-8.1168e-27
4.83512e-28
-9.88405e-27
5.95182e-28
-1.20515e-26
7.35758e-28
-1.47172e-26
9.14757e-28
-1.80087e-26
1.14545e-27
-2.20957e-26
1.44522e-27
-2.72084e-26
1.83177e-27
-3.3664e-26
2.30088e-27
-4.19011e-26
2.73025e-27
-5.25022e-26
2.50277e-27
-6.60907e-26
-9.25418e-28
-8.23318e-26
-1.59458e-26
-9.24262e-26
-3.00528e-26
1.07334e-30
-2.31298e-28
1.81319e-30
-2.37318e-28
2.62749e-30
-2.47331e-28
3.52527e-30
-2.61828e-28
4.54359e-30
-2.81274e-28
5.72365e-30
-3.06336e-28
7.11322e-30
-3.37906e-28
8.7688e-30
-3.77141e-28
1.07581e-29
-4.25506e-28
1.31626e-29
-4.84844e-28
1.6081e-29
-5.57444e-28
1.96329e-29
-6.46141e-28
2.39635e-29
-7.54428e-28
2.92493e-29
-8.86601e-28
3.57044e-29
-1.04793e-27
4.35893e-29
-1.24485e-27
5.32207e-29
-1.48527e-27
6.49842e-29
-1.7788e-27
7.93503e-29
-2.1372e-27
9.68943e-29
-2.57483e-27
1.18322e-28
-3.10919e-27
1.44507e-28
-3.7617e-27
1.76531e-28
-4.55854e-27
2.15759e-28
-5.53188e-27
2.63926e-28
-6.72134e-27
3.23284e-28
-8.17603e-27
3.96814e-28
-9.95737e-27
4.88555e-28
-1.2143e-26
6.04098e-28
-1.48324e-26
7.51276e-28
-1.81555e-26
9.40942e-28
-2.2285e-26
1.18699e-27
-2.74541e-26
1.50229e-27
-3.3979e-26
1.87684e-27
-4.22747e-26
2.18671e-27
-5.28095e-26
1.85315e-27
-6.5751e-26
-1.32906e-27
-7.91746e-26
-1.34499e-26
-8.02929e-26
-9.99225e-27
8.32549e-31
-2.32621e-28
1.41265e-30
-2.38628e-28
2.04762e-30
-2.48686e-28
2.74743e-30
-2.63258e-28
3.54112e-30
-2.82808e-28
4.46085e-30
-3.08005e-28
5.54384e-30
-3.39746e-28
6.83416e-30
-3.79193e-28
8.38455e-30
-4.27821e-28
1.02586e-29
-4.87481e-28
1.25331e-29
-5.60475e-28
1.53014e-29
-6.49654e-28
1.86766e-29
-7.58529e-28
2.27963e-29
-8.91421e-28
2.78273e-29
-1.05362e-27
3.39728e-29
-1.25162e-27
4.14794e-29
-1.49335e-27
5.0648e-29
-1.78848e-27
6.18453e-29
-2.14885e-27
7.55197e-29
-2.58888e-27
9.22222e-29
-3.1262e-27
1.12633e-28
-3.78233e-27
1.37598e-28
-4.58365e-27
1.68181e-28
-5.56252e-27
2.05738e-28
-6.75887e-27
2.5203e-28
-8.22222e-27
3.0939e-28
-1.00146e-26
3.80979e-28
-1.22143e-26
4.71173e-28
-1.49223e-26
5.86096e-28
-1.82701e-26
7.34176e-28
-2.24327e-26
9.25998e-28
-2.76456e-26
1.17046e-27
-3.42231e-26
1.45544e-27
-4.25589e-26
1.66905e-27
-5.30211e-26
1.31623e-27
-6.53928e-26
-1.37365e-27
-7.65055e-26
-1.06375e-26
-7.1019e-26
7.39821e-27
5.92305e-31
-2.33596e-28
1.01032e-30
-2.39566e-28
1.46473e-30
-2.49656e-28
1.96542e-30
-2.64282e-28
2.53323e-30
-2.83906e-28
3.1912e-30
-3.092e-28
3.96596e-30
-3.41063e-28
4.88904e-30
-3.80662e-28
5.99815e-30
-4.29478e-28
7.33879e-30
-4.89368e-28
8.96596e-30
-5.62643e-28
1.09464e-29
-6.52166e-28
1.3361e-29
-7.61462e-28
1.63081e-29
-8.94867e-28
1.99073e-29
-1.0577e-27
2.43037e-29
-1.25646e-27
2.9674e-29
-1.49913e-27
3.62333e-29
-1.79541e-27
4.4244e-29
-2.15718e-27
5.40271e-29
-2.59893e-27
6.59768e-29
-3.13836e-27
8.05799e-29
-3.79709e-27
9.84425e-29
-4.60161e-27
1.20326e-28
-5.58444e-27
1.47204e-28
-6.78573e-27
1.80337e-28
-8.25528e-27
2.21399e-28
-1.00555e-26
2.7266e-28
-1.22654e-26
3.37261e-28
-1.49867e-26
4.1959e-28
-1.83522e-26
5.25659e-28
-2.25386e-26
6.62897e-28
-2.77827e-26
8.37028e-28
-3.43971e-26
1.03695e-27
-4.27582e-26
1.17418e-27
-5.31567e-26
8.71747e-28
-6.50858e-26
-1.15406e-27
-7.44964e-26
-7.50034e-27
-6.46653e-26
9.26771e-27
3.53516e-31
-2.34223e-28
6.06731e-31
-2.4013e-28
8.79695e-31
-2.5024e-28
1.18043e-30
-2.64898e-28
1.52148e-30
-2.84567e-28
1.91667e-30
-3.09919e-28
2.382e-30
-3.41855e-28
2.93641e-30
-3.81545e-28
3.60256e-30
-4.30473e-28
4.40776e-30
-4.905e-28
5.38505e-30
-5.63945e-28
6.5745e-30
-6.53673e-28
8.02474e-30
-7.63221e-28
9.79486e-30
-8.96934e-28
1.19566e-29
-1.06014e-27
1.45972e-29
-1.25937e-27
1.78227e-29
-1.50259e-27
2.17624e-29
-1.79956e-27
2.65739e-29
-2.16218e-27
3.245e-29
-2.60496e-27
3.96276e-29
-3.14565e-27
4.83992e-29
-3.80594e-27
5.9129e-29
-4.61238e-27
7.2275e-29
-5.5976e-27
8.84217e-29
-6.80185e-27
1.08328e-28
-8.27513e-27
1.33002e-28
-1.00801e-26
1.63809e-28
-1.22961e-26
2.0264e-28
-1.50254e-26
2.52134e-28
-1.84015e-26
3.15894e-28
-2.26022e-26
3.9832e-28
-2.7865e-26
5.02584e-28
-3.45013e-26
6.21013e-28
-4.28762e-26
6.97019e-28
-5.32316e-26
4.95357e-28
-6.48807e-26
-7.60688e-28
-7.32526e-26
-4.54276e-27
-6.08787e-26
1.30357e-26
1.17287e-31
2.02387e-31
2.93436e-31
3.93752e-31
5.07509e-31
6.39324e-31
7.94536e-31
9.79461e-31
1.20166e-30
1.47024e-30
1.79622e-30
2.19297e-30
2.6767e-30
3.26712e-30
3.98817e-30
4.86893e-30
5.94483e-30
7.25893e-30
8.86383e-30
1.08239e-29
1.32181e-29
1.6144e-29
1.97231e-29
2.41084e-29
2.94949e-29
3.61359e-29
4.43678e-29
5.46468e-29
6.76041e-29
8.41205e-29
1.05396e-28
1.3289e-28
1.67611e-28
2.06832e-28
2.31094e-28
1.6054e-28
-2.65658e-28
-1.58616e-27
2.30828e-20
-2.30828e-20
8.09951e-21
1.49833e-20
-1.99098e-21
1.00905e-20
-8.34211e-21
6.35113e-21
-8.34211e-21
-2.1828e-20
-1.25483e-21
-7.92663e-21
1.08197e-21
1.6868e-21
4.77078e-22
8.04059e-21
-2.65039e-24
-3.01529e-22
-1.19014e-21
-6.46983e-23
-1.66388e-22
5.82258e-23
2.94208e-22
1.64845e-23
2.91876e-22
-3.15693e-25
-9.64943e-24
-6.12411e-23
-3.45675e-24
-5.68326e-24
2.66741e-24
1.01382e-23
6.62281e-25
9.6583e-24
1.63349e-25
8.94441e-27
-2.82856e-24
-1.38437e-25
3.60091e-25
3.13718e-25
)
;

boundaryField
{
    fixedWallsLeftTop
    {
        type            calculated;
        value           uniform 0;
    }
    backFaceLeftTop
    {
        type            calculated;
        value           uniform 0;
    }
    frontFaceLeftTop
    {
        type            calculated;
        value           uniform 0;
    }
    symmetryWallLeftTop
    {
        type            calculated;
        value           nonuniform List<scalar> 
40
(
5.36652e-25
1.97293e-26
-5.95561e-26
-7.28341e-26
-6.4808e-26
-5.32552e-26
-4.29152e-26
-3.45359e-26
-2.78925e-26
-2.26234e-26
-1.8418e-26
-1.50383e-26
-1.23063e-26
-1.00883e-26
-8.28174e-27
-6.80722e-27
-5.60198e-27
-4.61598e-27
-3.8089e-27
-3.1481e-27
-2.60699e-27
-2.16387e-27
-1.80098e-27
-1.50378e-27
-1.26038e-27
-1.061e-27
-8.9767e-28
-7.63858e-28
-6.54228e-28
-5.64432e-28
-4.90933e-28
-4.3086e-28
-3.81895e-28
-3.42174e-28
-3.10213e-28
-2.84842e-28
-2.65157e-28
-2.50487e-28
-2.40369e-28
-2.34505e-28
)
;
    }
    topToBottom
    {
        type            calculated;
        value           uniform 0;
    }
    plug
    {
        type            cyclicAMI;
        value           nonuniform List<scalar> 
40
(
-3.23467e-26
-3.15434e-26
-3.07284e-26
-6.77059e-26
-3.66793e-26
-5.92111e-26
-3.28431e-26
-3.24992e-26
-2.10263e-26
-2.0741e-26
-1.98679e-26
-1.93887e-26
-5.48906e-26
-1.03722e-26
-4.89633e-26
-2.13248e-26
-1.66491e-26
-1.69287e-26
-1.67213e-26
-1.61599e-26
-1.59581e-26
-4.98448e-26
5.32996e-27
-4.68967e-26
6.73416e-28
4.90605e-28
1.39634e-28
9.63862e-29
4.07012e-28
4.01067e-28
-3.16525e-26
3.89147e-26
5.43603e-26
8.37535e-26
8.36374e-26
8.32157e-26
8.31727e-26
8.34703e-26
8.37992e-26
6.96978e-26
)
;
    }
    fixedWallsChannel
    {
        type            calculated;
        value           uniform 0;
    }
    inlet
    {
        type            calculated;
        value           uniform 0;
    }
    outlet
    {
        type            cyclicAMI;
        value           nonuniform List<scalar> 5(3.22323e-25 2.11584e-25 1.65839e-25 -2.04162e-26 -6.25178e-25);
    }
    backFaceInletChannel
    {
        type            calculated;
        value           uniform 0;
    }
    frontFaceInletChannel
    {
        type            calculated;
        value           uniform 0;
    }
}


// ************************************************************************* //
