/*--------------------------------*- C++ -*----------------------------------*\
| =========                 |                                                 |
| \\      /  F ield         | OpenFOAM: The Open Source CFD Toolbox           |
|  \\    /   O peration     | Version:  4.1                                   |
|   \\  /    A nd           | Web:      www.OpenFOAM.org                      |
|    \\/     M anipulation  |                                                 |
\*---------------------------------------------------------------------------*/
FoamFile
{
    version     2.0;
    format      ascii;
    class       volVectorField;
    location    "2";
    object      U;
}
// * * * * * * * * * * * * * * * * * * * * * * * * * * * * * * * * * * * * * //

dimensions      [0 1 -1 0 0 0 0];

internalField   nonuniform List<vector> 
1705
(
(-9.54876e-63 -2.43932e-28 -2.86445e-31)
(-2.86751e-61 -6.68735e-30 4.14666e-30)
(-8.2559e-63 -2.45364e-28 8.4384e-30)
(7.44299e-60 -4.83482e-28 3.06426e-30)
(7.86619e-57 -2.32376e-28 -4.26451e-30)
(6.23389e-54 -1.50348e-29 2.32946e-29)
(2.8376e-52 -2.75277e-28 5.06643e-30)
(2.28807e-49 -4.90728e-28 -7.33693e-30)
(7.8405e-47 -2.22188e-28 -7.98392e-30)
(3.64086e-44 -2.92136e-29 4.38663e-29)
(7.78401e-47 -3.09569e-28 6.8169e-31)
(1.81352e-49 -2.40241e-28 -1.35088e-30)
(3.69534e-51 -5.32144e-29 5.87091e-29)
(1.02161e-53 -3.37405e-28 1.27182e-29)
(4.47588e-51 -5.23986e-28 -1.19374e-30)
(3.12573e-48 -2.52543e-28 -6.72391e-30)
(4.05582e-47 -9.09068e-29 8.70731e-29)
(7.41547e-44 -3.9748e-28 8.38231e-30)
(4.11047e-46 -2.95113e-28 5.4421e-31)
(2.99544e-48 -1.39056e-28 1.17723e-28)
(1.86226e-49 -4.53282e-28 2.56859e-29)
(2.10318e-46 -6.04424e-28 6.27571e-30)
(7.04805e-44 -3.38256e-28 -7.33324e-30)
(2.18381e-47 -2.03598e-28 1.64705e-28)
(1.90946e-48 -5.45712e-28 2.09508e-29)
(-1.01628e-45 -6.68932e-28 -7.30365e-30)
(-2.00415e-43 -3.95784e-28 -1.80337e-29)
(9.61225e-46 -2.80293e-28 2.24277e-28)
(-8.08055e-44 -6.54935e-28 1.26426e-29)
(-6.32521e-46 -4.94715e-28 -7.97131e-30)
(-5.55966e-47 -3.73694e-28 3.05688e-28)
(-2.04986e-43 -7.73527e-28 4.15833e-29)
(-1.0275e-45 -8.78083e-28 1.50981e-30)
(-2.02043e-43 -6.06626e-28 -2.39452e-29)
(-5.31689e-47 -4.95635e-28 4.11094e-28)
(-7.97957e-48 -9.5273e-28 3.20727e-29)
(5.83253e-45 -7.74178e-28 -6.37814e-30)
(9.75601e-42 -6.46626e-28 5.6404e-28)
(6.03114e-40 -1.16224e-27 7.87877e-29)
(1.33922e-36 -1.29838e-27 2.36412e-29)
(1.27272e-35 -1.44685e-27 1.67743e-27)
(1.17282e-35 -1.75548e-27 1.64159e-27)
(7.85396e-36 -1.71569e-27 1.60572e-27)
(-1.31103e-33 1.54343e-26 3.2579e-27)
(2.53671e-34 -3.72236e-28 2.56026e-27)
(-1.30768e-33 -1.69462e-26 2.98464e-27)
(6.17744e-36 -4.24866e-28 1.69275e-27)
(5.76494e-36 -3.81359e-28 1.67892e-27)
(-7.77819e-35 -6.75413e-28 2.07163e-27)
(-7.44772e-35 -8.5782e-28 2.05865e-27)
(-7.55567e-35 -1.16472e-27 2.01969e-27)
(-8.94555e-35 -1.13811e-27 1.99946e-27)
(-4.00541e-33 1.6042e-26 3.58312e-27)
(7.41852e-34 1.06726e-28 2.73167e-27)
(-3.98846e-33 -1.64973e-26 3.42863e-27)
(2.34433e-35 6.32421e-29 2.07686e-27)
(1.85814e-34 9.38623e-29 2.40416e-27)
(8.00191e-35 -2.11912e-28 2.41869e-27)
(7.9842e-35 -3.99207e-28 2.40939e-27)
(8.01971e-35 -7.1047e-28 2.38488e-27)
(1.3421e-34 -6.85986e-28 2.37753e-27)
(1.61033e-32 1.65092e-26 3.88686e-27)
(-3.05402e-33 4.03272e-28 2.815e-27)
(1.58918e-32 -1.61904e-26 3.86925e-27)
(-1.19121e-34 4.82674e-28 2.61614e-27)
(3.14591e-35 4.89733e-28 2.62692e-27)
(3.31665e-35 1.66182e-28 2.64475e-27)
(3.43505e-35 -3.3823e-29 2.647e-27)
(3.54471e-35 -3.60271e-28 2.63407e-27)
(1.19233e-35 -3.45564e-28 2.63629e-27)
(-6.8211e-33 1.68441e-26 4.06461e-27)
(9.95529e-34 1.58908e-27 2.72295e-27)
(-3.56371e-33 -1.49813e-26 3.9483e-27)
(-5.82229e-35 6.10732e-28 2.53705e-27)
(-4.80966e-35 5.53792e-28 2.5455e-27)
(-4.86912e-35 1.75213e-28 2.56743e-27)
(-4.93181e-35 -7.95466e-29 2.57052e-27)
(-4.99623e-35 -3.99959e-28 2.55842e-27)
(-5.65812e-35 -5.47267e-28 2.54519e-27)
(-2.03673e-33 7.91912e-27 3.17424e-27)
(1.28596e-34 6.43071e-27 4.48569e-28)
(2.26151e-39 -1.82728e-28 -5.50192e-29)
(1.03356e-40 -1.24689e-28 6.87852e-30)
(2.29936e-43 -7.63791e-29 -5.10948e-29)
(6.91176e-47 -8.51026e-29 1.8043e-30)
(2.71635e-48 -7.62769e-29 -4.90982e-29)
(2.47278e-48 -9.77535e-29 -3.85434e-29)
(1.62627e-47 -4.34971e-29 1.40139e-30)
(1.88812e-43 -6.48418e-29 -3.81753e-29)
(-1.82635e-43 -6.6032e-29 -3.04531e-29)
(-6.15312e-47 -3.94512e-29 1.36933e-31)
(-1.91694e-48 -2.7383e-29 -3.1643e-29)
(-1.24624e-47 -3.82483e-29 -2.04339e-30)
(6.71884e-44 -6.5259e-29 -3.21741e-29)
(-1.90479e-43 -3.65402e-29 -2.6175e-29)
(-6.25177e-47 -3.55006e-29 -2.57218e-30)
(-3.29233e-48 -2.7978e-29 -2.64206e-29)
(-3.3449e-44 -3.9203e-29 -4.42509e-30)
(1.68977e-43 -6.25292e-29 -2.69695e-29)
(-1.74542e-43 -1.74416e-29 -2.19091e-29)
(-5.9914e-47 -3.60809e-29 -3.96364e-30)
(-2.35537e-48 -6.10577e-29 -2.15703e-29)
(-2.35713e-48 -1.40875e-29 -1.81172e-29)
(-5.52067e-47 -3.33153e-29 -2.49987e-30)
(-1.78404e-43 -2.88422e-29 -1.75646e-29)
(-5.52503e-47 -3.7618e-29 -3.82736e-30)
(-2.37086e-48 -4.84761e-29 -1.68566e-29)
(-2.38179e-48 -7.95287e-30 -1.3787e-29)
(-5.85362e-47 -2.42066e-29 -2.1458e-30)
(-1.77584e-43 -2.23737e-29 -1.35117e-29)
(-1.15211e-46 -2.6875e-29 -2.88617e-30)
(-1.68432e-43 -3.05602e-29 -1.30251e-29)
(-2.02935e-47 -5.39175e-30 -1.06867e-29)
(-6.16872e-47 -1.53108e-29 -1.31462e-30)
(-1.78978e-43 -1.94051e-29 -1.04397e-29)
(-1.91856e-47 -6.48677e-30 -9.07565e-30)
(-1.11218e-48 7.21286e-31 1.84694e-31)
(-2.34116e-48 -3.98139e-30 -9.44326e-30)
(-5.75612e-47 5.81722e-31 9.3626e-31)
(-1.67967e-43 6.01365e-30 -9.57899e-30)
(-9.91416e-297 2.18204e-33 -1.09102e-32)
(-5.65811e-290 2.38645e-33 -2.84124e-32)
(-3.18898e-283 2.56217e-33 -4.25694e-32)
(-1.77412e-276 2.75417e-33 -5.85741e-32)
(-9.73724e-270 3.00626e-33 -7.66301e-32)
(-5.2695e-263 3.33243e-33 -9.74133e-32)
(-2.81012e-256 3.7463e-33 -1.21742e-31)
(-1.47578e-249 4.26437e-33 -1.50593e-31)
(-7.62724e-243 4.90711e-33 -1.85135e-31)
(-3.87649e-236 5.69989e-33 -2.26778e-31)
(-1.93594e-229 6.6739e-33 -2.77227e-31)
(-9.492e-223 7.86745e-33 -3.38544e-31)
(-4.56492e-216 9.32741e-33 -4.13235e-31)
(-2.15122e-209 1.11111e-32 -5.04336e-31)
(-9.92286e-203 1.32883e-32 -6.15532e-31)
(-4.47483e-196 1.59441e-32 -7.51293e-31)
(-1.97033e-189 1.91818e-32 -9.17039e-31)
(-8.45869e-183 2.31267e-32 -1.11934e-30)
(-3.53501e-176 2.79303e-32 -1.36614e-30)
(-1.43564e-169 3.37761e-32 -1.66707e-30)
(-5.65504e-163 4.08848e-32 -2.03378e-30)
(-2.15589e-156 4.95211e-32 -2.48029e-30)
(-7.93549e-150 5.99987e-32 -3.02355e-30)
(-2.81257e-143 7.26858e-32 -3.68385e-30)
(-9.56935e-137 8.80059e-32 -4.48543e-30)
(-3.11453e-130 1.06427e-31 -5.45696e-30)
(-9.65795e-124 1.28441e-31 -6.63188e-30)
(-2.84013e-117 1.54492e-31 -8.04826e-30)
(-7.87741e-111 1.84847e-31 -9.74771e-30)
(-2.04746e-104 2.19326e-31 -1.17722e-29)
(-4.94849e-98 2.56779e-31 -1.41572e-29)
(-1.10167e-91 2.94121e-31 -1.69167e-29)
(-2.23287e-85 3.24599e-31 -2.00156e-29)
(-4.05899e-79 3.34969e-31 -2.33189e-29)
(-6.48936e-73 3.01726e-31 -2.6508e-29)
(-8.88336e-67 1.88343e-31 -2.89641e-29)
(-1.00169e-60 -4.97653e-32 -2.96632e-29)
(-8.75762e-55 -4.38601e-31 -2.72276e-29)
(-5.3331e-49 -9.71555e-31 -2.13295e-29)
(-1.4576e-300 7.6271e-33 -1.08705e-32)
(-8.23633e-294 8.18737e-33 -2.83407e-32)
(-4.59499e-287 8.701e-33 -4.25036e-32)
(-2.52971e-280 9.29003e-33 -5.84961e-32)
(-1.37361e-273 1.00594e-32 -7.65282e-32)
(-7.3521e-267 1.10492e-32 -9.72819e-32)
(-3.87661e-260 1.22991e-32 -1.21576e-31)
(-2.01235e-253 1.38574e-32 -1.50385e-31)
(-1.02769e-246 1.57843e-32 -1.84878e-31)
(-5.15941e-240 1.81545e-32 -2.26463e-31)
(-2.54431e-233 2.10605e-32 -2.76839e-31)
(-1.23138e-226 2.4616e-32 -3.3807e-31)
(-5.84332e-220 2.89605e-32 -4.12654e-31)
(-2.71598e-213 3.42649e-32 -5.03626e-31)
(-1.23513e-206 4.0738e-32 -6.14664e-31)
(-5.48899e-200 4.86344e-32 -7.50235e-31)
(-2.38062e-193 5.8264e-32 -9.15748e-31)
(-1.00618e-186 7.00032e-32 -1.11776e-30)
(-4.13768e-180 8.43083e-32 -1.36422e-30)
(-1.65258e-173 1.01731e-31 -1.66474e-30)
(-6.39799e-167 1.22934e-31 -2.03093e-30)
(-2.39577e-160 1.48715e-31 -2.47684e-30)
(-8.65577e-154 1.80017e-31 -3.01937e-30)
(-3.00899e-147 2.17949e-31 -3.6788e-30)
(-1.00329e-140 2.63782e-31 -4.47936e-30)
(-3.1972e-134 3.1893e-31 -5.4497e-30)
(-9.69736e-128 3.84867e-31 -6.62326e-30)
(-2.78608e-121 4.62935e-31 -8.03818e-30)
(-7.53946e-115 5.53952e-31 -9.73619e-30)
(-1.9089e-108 6.57396e-31 -1.17596e-29)
(-4.48544e-102 7.69864e-31 -1.41443e-29)
(-9.68469e-96 8.8216e-31 -1.69056e-29)
(-1.89755e-89 9.74121e-31 -2.00103e-29)
(-3.31974e-83 1.00615e-30 -2.33269e-29)
(-5.07429e-77 9.07832e-31 -2.65412e-29)
(-6.57108e-71 5.69483e-31 -2.90386e-29)
(-6.87705e-65 -1.43674e-31 -2.97928e-29)
(-5.35727e-59 -1.31093e-30 -2.74159e-29)
(-2.58032e-53 -2.73128e-30 -2.11808e-29)
(7.37448e-298 1.40991e-32 -1.07994e-32)
(4.20478e-291 1.49128e-32 -2.82019e-32)
(2.36683e-284 1.5731e-32 -4.23566e-32)
(1.31454e-277 1.67257e-32 -5.83133e-32)
(7.19998e-271 1.80228e-32 -7.6292e-32)
(3.88668e-264 1.96847e-32 -9.6982e-32)
(2.06655e-257 2.1776e-32 -1.21201e-31)
(1.08154e-250 2.4376e-32 -1.4992e-31)
(5.56748e-244 2.75833e-32 -1.84306e-31)
(2.81681e-237 3.15207e-32 -2.25761e-31)
(1.39952e-230 3.63407e-32 -2.75981e-31)
(6.82243e-224 4.22311e-32 -3.37021e-31)
(3.26e-217 4.9423e-32 -4.11373e-31)
(1.52533e-210 5.82e-32 -5.02062e-31)
(6.98045e-204 6.89089e-32 -6.12757e-31)
(3.12064e-197 8.19735e-32 -7.47908e-31)
(1.36101e-190 9.79099e-32 -9.1291e-31)
(5.78228e-184 1.17346e-31 -1.1143e-30)
(2.3892e-177 1.41042e-31 -1.36e-30)
(9.584e-171 1.6992e-31 -1.6596e-30)
(3.725e-164 2.05087e-31 -2.02468e-30)
(1.39971e-157 2.47872e-31 -2.46925e-30)
(5.07238e-151 2.99853e-31 -3.01015e-30)
(1.76788e-144 3.62879e-31 -3.66765e-30)
(5.90749e-138 4.39076e-31 -4.46591e-30)
(1.88591e-131 5.30805e-31 -5.43357e-30)
(5.72843e-125 6.40535e-31 -6.60408e-30)
(1.64778e-118 7.70526e-31 -8.01565e-30)
(4.46391e-112 9.22177e-31 -9.71026e-30)
(1.13151e-105 1.09469e-30 -1.17308e-29)
(2.66278e-99 1.28253e-30 -1.41143e-29)
(5.76275e-93 1.4706e-30 -1.68783e-29)
(1.13351e-86 1.62563e-30 -1.99937e-29)
(1.99637e-80 1.6821e-30 -2.33356e-29)
(3.08737e-74 1.52305e-30 -2.65992e-29)
(4.08261e-68 9.65129e-31 -2.91786e-29)
(4.44389e-62 -2.19768e-31 -3.00435e-29)
(3.75403e-56 -2.17405e-30 -2.7749e-29)
(2.22074e-50 -4.46201e-30 -2.0922e-29)
(-9.49092e-297 2.04637e-32 -1.07078e-32)
(-5.41747e-290 2.14524e-32 -2.80143e-32)
(-3.05392e-283 2.25442e-32 -4.21411e-32)
(-1.69934e-276 2.39361e-32 -5.80378e-32)
(-9.32899e-270 2.57553e-32 -7.59364e-32)
(-5.04987e-263 2.80839e-32 -9.65313e-32)
(-2.69376e-256 3.10113e-32 -1.20638e-31)
(-1.41512e-249 3.46473e-32 -1.49224e-31)
(-7.31617e-243 3.91292e-32 -1.8345e-31)
(-3.71977e-236 4.46281e-32 -2.24711e-31)
(-1.85842e-229 5.13561e-32 -2.74697e-31)
(-9.11585e-223 5.95754e-32 -3.35453e-31)
(-4.38608e-216 6.96085e-32 -4.0946e-31)
(-2.06798e-209 8.18513e-32 -4.99728e-31)
(-9.54405e-203 9.67884e-32 -6.0991e-31)
(-4.30649e-196 1.15012e-31 -7.44434e-31)
(-1.89737e-189 1.37244e-31 -9.08673e-31)
(-8.15085e-183 1.64362e-31 -1.10914e-30)
(-3.40874e-176 1.97432e-31 -1.35371e-30)
(-1.38539e-169 2.37741e-31 -1.65193e-30)
(-5.46135e-163 2.86841e-31 -2.01534e-30)
(-2.08377e-156 3.46592e-31 -2.45789e-30)
(-7.67671e-150 4.19201e-31 -2.99637e-30)
(-2.72334e-143 5.0726e-31 -3.65096e-30)
(-9.27465e-137 6.1375e-31 -4.44577e-30)
(-3.02164e-130 7.41984e-31 -5.40941e-30)
(-9.37979e-124 8.95438e-31 -6.57532e-30)
(-2.76136e-117 1.07732e-30 -7.98185e-30)
(-7.66771e-111 1.28965e-30 -9.67135e-30)
(-1.99535e-104 1.53147e-30 -1.16875e-29)
(-4.82865e-98 1.7953e-30 -1.40691e-29)
(-1.07644e-91 2.06046e-30 -1.68369e-29)
(-2.18494e-85 2.28118e-30 -1.9968e-29)
(-3.97847e-79 2.36679e-30 -2.33474e-29)
(-6.37339e-73 2.15433e-30 -2.66846e-29)
(-8.7478e-67 1.38595e-30 -2.93872e-29)
(-9.90334e-61 -2.64947e-31 -3.04207e-29)
(-8.71789e-55 -3.02379e-30 -2.82643e-29)
(-5.38194e-49 -6.53767e-30 -2.15563e-29)
(3.08774e-298 2.67241e-32 -1.06016e-32)
(1.76028e-291 2.78447e-32 -2.77858e-32)
(9.90668e-285 2.91941e-32 -4.18599e-32)
(5.50119e-278 3.09757e-32 -5.76711e-32)
(3.0125e-271 3.33114e-32 -7.54625e-32)
(1.62586e-264 3.63012e-32 -9.59308e-32)
(8.6428e-258 4.00586e-32 -1.19888e-31)
(4.52219e-251 4.47239e-32 -1.48297e-31)
(2.32731e-244 5.0473e-32 -1.8231e-31)
(1.17716e-237 5.7525e-32 -2.23315e-31)
(5.84698e-231 6.61518e-32 -2.72991e-31)
(2.84943e-224 7.66894e-32 -3.3337e-31)
(1.36111e-217 8.95514e-32 -4.06918e-31)
(6.36624e-211 1.05246e-31 -4.96626e-31)
(2.91231e-204 1.24394e-31 -6.06125e-31)
(1.30143e-197 1.47757e-31 -7.39817e-31)
(5.67342e-191 1.76259e-31 -9.0304e-31)
(2.40921e-184 2.11029e-31 -1.10227e-30)
(9.94952e-178 2.53434e-31 -1.34533e-30)
(3.98891e-171 3.05127e-31 -1.64172e-30)
(1.54942e-164 3.68102e-31 -2.00291e-30)
(5.81828e-158 4.44746e-31 -2.44278e-30)
(2.10697e-151 5.37897e-31 -2.97802e-30)
(7.3377e-145 6.50888e-31 -3.62874e-30)
(2.44986e-138 7.87555e-31 -4.41896e-30)
(7.81362e-132 9.52173e-31 -5.37723e-30)
(2.37094e-125 1.14924e-30 -6.53701e-30)
(6.81229e-119 1.38293e-30 -7.9368e-30)
(1.84318e-112 1.656e-30 -9.61943e-30)
(4.66559e-106 1.96744e-30 -1.16297e-29)
(1.09626e-99 2.30808e-30 -1.40085e-29)
(2.36838e-93 2.65218e-30 -1.67811e-29)
(4.64937e-87 2.94223e-30 -1.99324e-29)
(8.17019e-81 3.06348e-30 -2.33609e-29)
(1.26024e-74 2.80792e-30 -2.67953e-29)
(1.6614e-68 1.84214e-30 -2.96625e-29)
(1.80173e-62 -2.65693e-31 -3.09255e-29)
(1.51459e-56 -3.84333e-30 -2.90036e-29)
(8.88944e-51 -8.55408e-30 -2.26552e-29)
(8.93623e-299 3.28851e-32 -1.04837e-32)
(-2.56274e-292 3.41191e-32 -2.75203e-32)
(-5.97029e-285 3.57188e-32 -4.15149e-32)
(-5.95807e-278 3.78834e-32 -5.72143e-32)
(-4.78424e-271 4.073e-32 -7.48713e-32)
(-3.44574e-264 4.4375e-32 -9.51818e-32)
(-2.3147e-257 4.89555e-32 -1.18953e-31)
(-1.47711e-250 5.46423e-32 -1.47141e-31)
(-9.04294e-244 6.16493e-32 -1.80889e-31)
(-5.34167e-237 7.02436e-32 -2.21575e-31)
(-3.05501e-230 8.07566e-32 -2.70864e-31)
(-1.6952e-223 9.35976e-32 -3.30773e-31)
(-9.13722e-217 1.09271e-31 -4.03749e-31)
(-4.7867e-210 1.28395e-31 -4.9276e-31)
(-2.43742e-203 1.5173e-31 -6.01408e-31)
(-1.2061e-196 1.802e-31 -7.34061e-31)
(-5.79618e-190 2.14935e-31 -8.96019e-31)
(-2.70298e-183 2.57311e-31 -1.0937e-30)
(-1.22182e-176 3.08994e-31 -1.33489e-30)
(-5.34623e-170 3.72002e-31 -1.62899e-30)
(-2.26082e-163 4.48767e-31 -1.98742e-30)
(-9.22245e-157 5.42203e-31 -2.42393e-30)
(-3.62107e-150 6.55776e-31 -2.95514e-30)
(-1.36503e-143 7.93558e-31 -3.60102e-30)
(-4.92604e-137 9.60243e-31 -4.38551e-30)
(-1.69606e-130 1.16108e-30 -5.33707e-30)
(-5.54976e-124 1.40159e-30 -6.48917e-30)
(-1.71797e-117 1.68701e-30 -7.8805e-30)
(-5.00421e-111 2.02085e-30 -9.55445e-30)
(-1.36289e-104 2.40228e-30 -1.15571e-29)
(-3.44402e-98 2.82078e-30 -1.39322e-29)
(-7.99976e-92 3.24612e-30 -1.67101e-29)
(-1.68826e-85 3.61008e-30 -1.98858e-29)
(-3.18942e-79 3.7753e-30 -2.33743e-29)
(-5.28988e-73 3.48996e-30 -2.69288e-29)
(-7.50088e-67 2.34404e-30 -3.00019e-29)
(-8.75176e-61 -2.07542e-31 -3.15578e-29)
(-7.91529e-55 -4.61757e-30 -2.9922e-29)
(-4.99178e-49 -1.08029e-29 -2.3476e-29)
(-2.10869e-298 3.89508e-32 -1.03548e-32)
(-1.98272e-291 4.02937e-32 -2.72191e-32)
(-1.57761e-284 4.21406e-32 -4.1107e-32)
(-1.14565e-277 4.46822e-32 -5.66688e-32)
(-7.82643e-271 4.80339e-32 -7.41642e-32)
(-5.1057e-264 5.23275e-32 -9.42857e-32)
(-3.20743e-257 5.77233e-32 -1.17835e-31)
(-1.95001e-250 6.44223e-32 -1.45758e-31)
(-1.15089e-243 7.26763e-32 -1.7919e-31)
(-6.60648e-237 8.27998e-32 -2.19494e-31)
(-3.69264e-230 9.5183e-32 -2.6832e-31)
(-2.01088e-223 1.10308e-31 -3.27667e-31)
(-1.06707e-216 1.2877e-31 -3.99958e-31)
(-5.51692e-210 1.51297e-31 -4.88134e-31)
(-2.7779e-203 1.78783e-31 -5.95764e-31)
(-1.36137e-196 2.1232e-31 -7.27176e-31)
(-6.4879e-190 2.53239e-31 -8.87618e-31)
(-3.00358e-183 3.0316e-31 -1.08345e-30)
(-1.34906e-176 3.64047e-31 -1.32239e-30)
(-5.86995e-170 4.38281e-31 -1.61377e-30)
(-2.47004e-163 5.28729e-31 -1.96887e-30)
(-1.0032e-156 6.38827e-31 -2.40137e-30)
(-3.92375e-150 7.72669e-31 -2.92775e-30)
(-1.4741e-143 9.35063e-31 -3.56785e-30)
(-5.30373e-137 1.13157e-30 -4.34546e-30)
(-1.8213e-130 1.3684e-30 -5.28896e-30)
(-5.9459e-124 1.65217e-30 -6.43182e-30)
(-1.83695e-117 1.98917e-30 -7.81295e-30)
(-5.34167e-111 2.38383e-30 -9.47638e-30)
(-1.45272e-104 2.83568e-30 -1.14697e-29)
(-3.66663e-98 3.33324e-30 -1.38397e-29)
(-8.50862e-92 3.84256e-30 -1.66232e-29)
(-1.79426e-85 4.28592e-30 -1.98266e-29)
(-3.38757e-79 4.50517e-30 -2.3385e-29)
(-5.61555e-73 4.20645e-30 -2.70816e-29)
(-7.95832e-67 2.9022e-30 -3.0402e-29)
(-9.27889e-61 -7.49443e-32 -3.23178e-29)
(-8.38412e-55 -5.32085e-30 -3.11226e-29)
(-5.28676e-49 -1.29836e-29 -2.55152e-29)
(-2.13396e-304 4.49235e-32 -1.02151e-32)
(-1.21885e-295 4.63776e-32 -2.68824e-32)
(-1.38508e-288 4.847e-32 -4.06371e-32)
(-1.16876e-281 5.1383e-32 -5.60357e-32)
(-8.65274e-275 5.52334e-32 -7.33423e-32)
(-5.92107e-268 6.01683e-32 -9.32439e-32)
(-3.83195e-261 6.63707e-32 -1.16534e-31)
(-2.37346e-254 7.40713e-32 -1.4415e-31)
(-1.41656e-247 8.35593e-32 -1.77214e-31)
(-8.17998e-241 9.51963e-32 -2.17074e-31)
(-4.5815e-234 1.09431e-31 -2.65363e-31)
(-2.49252e-227 1.26818e-31 -3.24056e-31)
(-1.3182e-220 1.4804e-31 -3.95551e-31)
(-6.77888e-214 1.73937e-31 -4.82757e-31)
(-3.38937e-207 2.05534e-31 -5.89203e-31)
(-1.64695e-200 2.44088e-31 -7.1917e-31)
(-7.77215e-194 2.91129e-31 -8.77851e-31)
(-3.55869e-187 3.48521e-31 -1.07154e-30)
(-1.57911e-180 4.18524e-31 -1.30786e-30)
(-6.78093e-174 5.03875e-31 -1.59606e-30)
(-2.81315e-167 6.07874e-31 -1.94731e-30)
(-1.12532e-160 7.34479e-31 -2.37514e-30)
(-4.33071e-154 8.88403e-31 -2.89589e-30)
(-1.59926e-147 1.0752e-30 -3.52924e-30)
(-5.65014e-141 1.30127e-30 -4.29885e-30)
(-1.90317e-134 1.57385e-30 -5.23295e-30)
(-6.08748e-128 1.90064e-30 -6.36501e-30)
(-1.84035e-121 2.28905e-30 -7.73417e-30)
(-5.22957e-115 2.74455e-30 -9.38515e-30)
(-1.38762e-108 3.26727e-30 -1.13672e-29)
(-3.4108e-102 3.84527e-30 -1.37308e-29)
(-7.69062e-96 4.44167e-30 -1.65196e-29)
(-1.57123e-89 4.97077e-30 -1.97533e-29)
(-2.86276e-83 5.25579e-30 -2.33902e-29)
(-4.55355e-77 4.96316e-30 -2.72494e-29)
(-6.13649e-71 3.52727e-30 -3.08582e-29)
(-6.69529e-65 1.48529e-31 -3.32024e-29)
(-5.47279e-59 -5.92752e-30 -3.25037e-29)
(-2.83671e-53 -1.46956e-29 -2.72259e-29)
(3.22606e-300 5.08029e-32 -1.0064e-32)
(1.77896e-293 5.2373e-32 -2.65098e-32)
(9.67158e-287 5.47095e-32 -4.01059e-32)
(5.18079e-280 5.79882e-32 -5.53161e-32)
(2.73257e-273 6.23305e-32 -7.24071e-32)
(1.41812e-266 6.78986e-32 -9.20582e-32)
(7.23566e-260 7.48978e-32 -1.15054e-31)
(3.62666e-253 8.35877e-32 -1.4232e-31)
(1.78402e-246 9.42951e-32 -1.74965e-31)
(8.6045e-240 1.07428e-31 -2.1432e-31)
(4.06453e-233 1.23492e-31 -2.61996e-31)
(1.87817e-226 1.43114e-31 -3.19945e-31)
(8.47858e-220 1.67065e-31 -3.90535e-31)
(3.73368e-213 1.96291e-31 -4.76636e-31)
(1.60125e-206 2.31951e-31 -5.81734e-31)
(6.67555e-200 2.75464e-31 -7.10057e-31)
(2.69958e-193 3.28558e-31 -8.66731e-31)
(1.0564e-186 3.93335e-31 -1.05797e-30)
(3.98877e-180 4.72348e-31 -1.29132e-30)
(1.44829e-173 5.6869e-31 -1.5759e-30)
(5.03587e-167 6.86089e-31 -1.92275e-30)
(1.66817e-160 8.29018e-31 -2.34527e-30)
(5.22878e-154 1.00281e-30 -2.85961e-30)
(1.53639e-147 1.21375e-30 -3.48527e-30)
(4.17383e-141 1.46912e-30 -4.24573e-30)
(1.02466e-134 1.77714e-30 -5.16909e-30)
(2.17417e-128 2.14665e-30 -6.28879e-30)
(3.54815e-122 2.58625e-30 -7.64417e-30)
(2.27181e-116 3.1026e-30 -9.28073e-30)
(-1.28403e-109 3.69668e-30 -1.12495e-29)
(-7.38565e-103 4.35659e-30 -1.36048e-29)
(-2.53634e-96 5.04351e-30 -1.63981e-29)
(-6.80968e-90 5.66541e-30 -1.96638e-29)
(-1.51244e-83 6.02953e-30 -2.33865e-29)
(-2.80248e-77 5.7656e-30 -2.74273e-29)
(-4.26896e-71 4.23007e-30 -3.13649e-29)
(-5.15477e-65 4.80047e-31 -3.42088e-29)
(-4.59387e-59 -6.42659e-30 -3.40915e-29)
(-2.57197e-53 -1.65674e-29 -2.89269e-29)
(1.86255e-296 5.65869e-32 -9.90112e-33)
(1.03989e-289 5.82779e-32 -2.61011e-32)
(5.72474e-283 6.08564e-32 -3.95141e-32)
(3.10552e-276 6.44951e-32 -5.45115e-32)
(1.65895e-269 6.93221e-32 -7.13602e-32)
(8.72039e-263 7.55143e-32 -9.07305e-32)
(4.50714e-256 8.32991e-32 -1.13396e-31)
(2.28854e-249 9.2965e-32 -1.40271e-31)
(1.14052e-242 1.04875e-31 -1.72446e-31)
(5.57307e-236 1.19483e-31 -2.11235e-31)
(2.66716e-229 1.37352e-31 -2.58225e-31)
(1.24862e-222 1.59179e-31 -3.15341e-31)
(5.71011e-216 1.85822e-31 -3.84916e-31)
(2.54698e-209 2.18333e-31 -4.6978e-31)
(1.10618e-202 2.58002e-31 -5.73368e-31)
(4.66865e-196 3.06408e-31 -6.99849e-31)
(1.91046e-189 3.65473e-31 -8.54277e-31)
(7.55987e-183 4.37537e-31 -1.04278e-30)
(2.88373e-176 5.25443e-31 -1.27279e-30)
(1.05631e-169 6.32632e-31 -1.55331e-30)
(3.69775e-163 7.63256e-31 -1.89524e-30)
(1.22933e-156 9.22302e-31 -2.3118e-30)
(3.84815e-150 1.11572e-30 -2.81895e-30)
(1.11989e-143 1.35052e-30 -3.43598e-30)
(2.96786e-137 1.63486e-30 -4.18617e-30)
(6.88414e-131 1.97798e-30 -5.09744e-30)
(1.26583e-124 2.38986e-30 -6.20319e-30)
(1.14951e-118 2.88041e-30 -7.54298e-30)
(-3.97814e-112 3.45757e-30 -9.16307e-30)
(-2.89933e-105 4.12349e-30 -1.11164e-29)
(-1.15096e-98 4.86685e-30 -1.34614e-29)
(-3.56062e-92 5.64798e-30 -1.62578e-29)
(-9.22647e-86 6.37038e-30 -1.9556e-29)
(-2.03933e-79 6.82841e-30 -2.33701e-29)
(-3.83333e-73 6.61889e-30 -2.76093e-29)
(-6.02362e-67 5.02143e-30 -3.19153e-29)
(-7.66127e-61 9.38019e-31 -3.53337e-29)
(-7.46117e-55 -6.7964e-30 -3.59132e-29)
(-5.02585e-49 -1.82327e-29 -3.18135e-29)
(3.07418e-300 6.22715e-32 -9.72587e-33)
(1.70084e-293 6.40874e-32 -2.56559e-32)
(9.27702e-287 6.69055e-32 -3.88625e-32)
(4.98532e-280 7.08981e-32 -5.3623e-32)
(2.63771e-273 7.62017e-32 -7.02033e-32)
(1.37308e-266 8.30083e-32 -8.92628e-32)
(7.0268e-260 9.15665e-32 -1.11564e-31)
(3.53225e-253 1.02193e-31 -1.38005e-31)
(1.74251e-246 1.15288e-31 -1.69661e-31)
(8.42752e-240 1.31348e-31 -2.07824e-31)
(3.99162e-233 1.50995e-31 -2.54057e-31)
(1.84928e-226 1.74993e-31 -3.10251e-31)
(8.3692e-220 2.04286e-31 -3.78704e-31)
(3.69451e-213 2.40033e-31 -4.622e-31)
(1.5882e-206 2.83651e-31 -5.64119e-31)
(6.63626e-200 3.36875e-31 -6.88563e-31)
(2.68964e-193 4.01821e-31 -8.40506e-31)
(1.05478e-186 4.81063e-31 -1.02598e-30)
(3.99107e-180 5.77728e-31 -1.2523e-30)
(1.45214e-173 6.95603e-31 -1.52833e-30)
(5.05983e-167 8.3926e-31 -1.86482e-30)
(1.6797e-160 1.01419e-30 -2.27478e-30)
(5.27701e-154 1.22695e-30 -2.77396e-30)
(1.55457e-147 1.4853e-30 -3.38144e-30)
(4.23654e-141 1.79825e-30 -4.12024e-30)
(1.04458e-134 2.17607e-30 -5.01809e-30)
(2.23249e-128 2.62994e-30 -6.1083e-30)
(3.70474e-122 3.17111e-30 -7.43063e-30)
(2.65446e-116 3.809e-30 -9.03212e-30)
(-1.20017e-109 4.54722e-30 -1.09677e-29)
(-7.22513e-103 5.37564e-30 -1.32999e-29)
(-2.51097e-96 6.25483e-30 -1.60974e-29)
(-6.78166e-90 7.08597e-30 -1.94277e-29)
(-1.51221e-83 7.65401e-30 -2.33368e-29)
(-2.81144e-77 7.52767e-30 -2.77887e-29)
(-4.29757e-71 5.91224e-30 -3.25011e-29)
(-5.21274e-65 1.54227e-30 -3.65723e-29)
(-4.67989e-59 -7.01823e-30 -3.79256e-29)
(-2.66489e-53 -2.01703e-29 -3.42516e-29)
(-3.26563e-300 6.78517e-32 -9.53796e-33)
(-1.82586e-293 6.97952e-32 -2.51743e-32)
(-1.00757e-286 7.28496e-32 -3.8152e-32)
(-5.4849e-280 7.71896e-32 -5.26522e-32)
(-2.94378e-273 8.29614e-32 -6.89381e-32)
(-1.5568e-266 9.03715e-32 -8.76575e-32)
(-8.1073e-260 9.96898e-32 -1.09559e-31)
(-4.15477e-253 1.11261e-31 -1.35527e-31)
(-2.09379e-246 1.25519e-31 -1.66615e-31)
(-1.03682e-239 1.43008e-31 -2.04093e-31)
(-5.04076e-233 1.64402e-31 -2.49496e-31)
(-2.40396e-226 1.90534e-31 -3.04683e-31)
(-1.12352e-219 2.22433e-31 -3.71908e-31)
(-5.14051e-213 2.6136e-31 -4.53907e-31)
(-2.29992e-206 3.08859e-31 -5.54e-31)
(-1.00501e-199 3.66821e-31 -6.76215e-31)
(-4.2835e-193 4.37548e-31 -8.25439e-31)
(-1.77811e-186 5.23848e-31 -1.0076e-30)
(-7.17721e-180 6.29125e-31 -1.22988e-30)
(-2.81201e-173 7.57509e-31 -1.501e-30)
(-1.0673e-166 9.13985e-31 -1.83153e-30)
(-3.91576e-160 1.10455e-30 -2.23426e-30)
(-1.38528e-153 1.33635e-30 -2.72472e-30)
(-4.71257e-147 1.61789e-30 -3.32172e-30)
(-1.53679e-140 1.95905e-30 -4.04801e-30)
(-4.78697e-134 2.37113e-30 -4.9311e-30)
(-1.41845e-127 2.86654e-30 -6.00418e-30)
(-3.97928e-121 3.45797e-30 -7.30717e-30)
(-1.051e-114 4.15644e-30 -8.88785e-30)
(-2.59613e-108 4.96737e-30 -1.08031e-29)
(-5.94965e-102 5.88242e-30 -1.31199e-29)
(-1.25263e-95 6.86364e-30 -1.59157e-29)
(-2.3931e-89 7.8121e-30 -1.92762e-29)
(-4.08292e-83 8.50738e-30 -2.32818e-29)
(-6.08939e-77 8.496e-30 -2.79577e-29)
(-7.70328e-71 6.91321e-30 -3.31124e-29)
(-7.89489e-65 2.31445e-30 -3.79198e-29)
(-6.0563e-59 -7.05651e-30 -4.02557e-29)
(-2.92066e-53 -2.18743e-29 -3.73175e-29)
(-1.91276e-296 7.33214e-32 -9.33718e-33)
(-1.08384e-289 7.5394e-32 -2.46564e-32)
(-6.06272e-283 7.86808e-32 -3.73836e-32)
(-3.34613e-276 8.33615e-32 -5.16006e-32)
(-1.82119e-269 8.95922e-32 -6.75669e-32)
(-9.7691e-263 9.75941e-32 -8.59172e-32)
(-5.16145e-256 1.07658e-31 -1.07386e-31)
(-2.68424e-249 1.20155e-31 -1.32839e-31)
(-1.37308e-242 1.35556e-31 -1.63312e-31)
(-6.90351e-236 1.54446e-31 -2.00048e-31)
(-3.40868e-229 1.77553e-31 -2.44552e-31)
(-1.65146e-222 2.0578e-31 -2.98645e-31)
(-7.84336e-216 2.40236e-31 -3.64539e-31)
(-3.64794e-209 2.82282e-31 -4.44914e-31)
(-1.65967e-202 3.3359e-31 -5.43027e-31)
(-7.37734e-196 3.962e-31 -6.62825e-31)
(-3.19972e-189 4.72601e-31 -8.091e-31)
(-1.35218e-182 5.65826e-31 -9.87665e-31)
(-5.55876e-176 6.79557e-31 -1.20557e-30)
(-2.21915e-169 8.18256e-31 -1.47136e-30)
(-8.58658e-163 9.87317e-31 -1.79541e-30)
(-3.21327e-156 1.19323e-30 -2.1903e-30)
(-1.16017e-149 1.44375e-30 -2.6713e-30)
(-4.03064e-143 1.74808e-30 -3.2569e-30)
(-1.3433e-136 2.117e-30 -3.96959e-30)
(-4.27969e-130 2.56286e-30 -4.83659e-30)
(-1.29823e-123 3.09931e-30 -5.89093e-30)
(-3.73238e-117 3.74056e-30 -7.17265e-30)
(-1.01149e-110 4.49941e-30 -8.73024e-30)
(-2.56746e-104 5.38338e-30 -1.06225e-29)
(-6.05729e-98 6.38659e-30 -1.29207e-29)
(-1.31592e-91 7.4738e-30 -1.57115e-29)
(-2.60204e-85 8.5484e-30 -1.90989e-29)
(-4.61461e-79 9.38904e-30 -2.32e-29)
(-7.19948e-73 9.52715e-30 -2.81075e-29)
(-9.62474e-67 8.03482e-30 -3.37374e-29)
(-1.06166e-60 3.27789e-30 -3.93663e-29)
(-9.11184e-55 -6.87703e-30 -4.27633e-29)
(-5.48819e-49 -2.34594e-29 -3.99999e-29)
(-5.56934e-296 7.8674e-32 -9.12346e-33)
(-3.12467e-289 8.08761e-32 -2.41024e-32)
(-1.72935e-282 8.43908e-32 -3.65585e-32)
(-9.4361e-276 8.94049e-32 -5.04699e-32)
(-5.073e-269 9.60846e-32 -6.60916e-32)
(-2.68544e-262 1.04666e-31 -8.40444e-32)
(-1.39875e-255 1.1546e-31 -1.05047e-31)
(-7.1632e-249 1.28864e-31 -1.29947e-31)
(-3.60385e-242 1.45383e-31 -1.59757e-31)
(-1.77966e-235 1.65644e-31 -1.95694e-31)
(-8.61792e-229 1.90431e-31 -2.3923e-31)
(-4.08808e-222 2.20708e-31 -2.92147e-31)
(-1.89758e-215 2.57667e-31 -3.56608e-31)
(-8.60818e-209 3.02769e-31 -4.35236e-31)
(-3.8113e-202 3.57807e-31 -5.31216e-31)
(-1.64455e-195 4.24969e-31 -6.48413e-31)
(-6.90434e-189 5.06927e-31 -7.91514e-31)
(-2.81526e-182 6.06934e-31 -9.66208e-31)
(-1.11265e-175 7.28945e-31 -1.1794e-30)
(-4.25271e-169 8.77751e-31 -1.43945e-30)
(-1.56793e-162 1.05914e-30 -1.75653e-30)
(-5.56003e-156 1.2801e-30 -2.14297e-30)
(-1.89e-149 1.54897e-30 -2.61375e-30)
(-6.13468e-143 1.87568e-30 -3.18707e-30)
(-1.89262e-136 2.27188e-30 -3.88506e-30)
(-5.51924e-130 2.75097e-30 -4.73464e-30)
(-1.51108e-123 3.32791e-30 -5.76864e-30)
(-3.85084e-117 4.01846e-30 -7.02715e-30)
(-9.03157e-111 4.8374e-30 -8.55928e-30)
(-1.91884e-104 5.79465e-30 -1.04257e-29)
(-3.60518e-98 6.88744e-30 -1.27018e-29)
(-5.74299e-92 8.08449e-30 -1.54834e-29)
(-7.05983e-86 9.29409e-30 -1.88932e-29)
(-4.62511e-80 1.02988e-29 -2.3086e-29)
(5.48975e-74 1.06235e-29 -2.82285e-29)
(2.47519e-67 9.28702e-30 -3.43622e-29)
(4.68186e-61 4.45772e-30 -4.09022e-29)
(5.69712e-55 -6.44056e-30 -4.56032e-29)
(4.42579e-49 -2.42039e-29 -4.39238e-29)
(-1.19366e-299 8.39027e-32 -8.8968e-33)
(-6.60557e-293 8.62334e-32 -2.3513e-32)
(-3.60374e-286 8.99712e-32 -3.56778e-32)
(-1.93703e-279 9.53109e-32 -4.92619e-32)
(-1.02509e-272 1.02429e-31 -6.45147e-32)
(-5.33721e-266 1.11576e-31 -8.20422e-32)
(-2.73177e-259 1.23083e-31 -1.02546e-31)
(-1.37334e-252 1.37374e-31 -1.26855e-31)
(-6.77494e-246 1.54985e-31 -1.55956e-31)
(-3.27629e-239 1.76587e-31 -1.91038e-31)
(-1.55138e-232 2.03014e-31 -2.33539e-31)
(-7.18405e-226 2.35295e-31 -2.85198e-31)
(-3.24888e-219 2.74701e-31 -3.48127e-31)
(-1.43264e-212 3.22789e-31 -4.24886e-31)
(-6.1492e-206 3.81471e-31 -5.18587e-31)
(-2.56395e-199 4.53082e-31 -6.33001e-31)
(-1.03612e-192 5.40472e-31 -7.72707e-31)
(-4.0471e-186 6.4711e-31 -9.43262e-31)
(-1.52304e-179 7.77215e-31 -1.15141e-30)
(-5.50047e-173 9.35902e-31 -1.40532e-30)
(-1.89691e-166 1.12936e-30 -1.71494e-30)
(-6.20595e-160 1.36503e-30 -2.09234e-30)
(-1.9087e-153 1.65187e-30 -2.55218e-30)
(-5.44382e-147 2.0005e-30 -3.11232e-30)
(-1.40718e-140 2.42344e-30 -3.79453e-30)
(-3.14934e-134 2.93517e-30 -4.62538e-30)
(-5.39154e-128 3.55197e-30 -5.63743e-30)
(-3.17992e-122 4.29125e-30 -6.87075e-30)
(2.58542e-115 5.16988e-30 -8.375e-30)
(1.56436e-108 6.20053e-30 -1.02125e-29)
(5.93518e-102 7.38415e-30 -1.24627e-29)
(1.80827e-95 8.69473e-30 -1.52302e-29)
(4.69487e-89 1.0048e-29 -1.86561e-29)
(1.0573e-82 1.12358e-29 -2.29341e-29)
(2.06727e-76 1.17862e-29 -2.83099e-29)
(3.47455e-70 1.06789e-29 -3.49705e-29)
(4.91418e-64 5.88088e-30 -4.25118e-29)
(5.63477e-58 -5.7296e-30 -4.84956e-29)
(4.93874e-52 -2.42902e-29 -4.69888e-29)
(-1.87698e-296 8.90002e-32 -8.65734e-33)
(-1.0634e-289 9.14581e-32 -2.28888e-32)
(-5.94738e-283 9.54136e-32 -3.4743e-32)
(-3.28192e-276 1.01071e-31 -4.79784e-32)
(-1.78595e-269 1.08616e-31 -6.28386e-32)
(-9.57841e-263 1.18315e-31 -7.99136e-32)
(-5.05983e-256 1.30517e-31 -9.98874e-32)
(-2.63093e-249 1.45672e-31 -1.23567e-31)
(-1.34558e-242 1.64349e-31 -1.51914e-31)
(-6.76401e-236 1.87258e-31 -1.86088e-31)
(-3.33921e-229 2.15284e-31 -2.27488e-31)
(-1.61751e-222 2.4952e-31 -2.77809e-31)
(-7.68074e-216 2.91311e-31 -3.39109e-31)
(-3.57166e-209 3.42312e-31 -4.13882e-31)
(-1.62468e-202 4.04548e-31 -5.05158e-31)
(-7.22054e-196 4.80498e-31 -6.16613e-31)
(-3.13118e-189 5.73184e-31 -7.52709e-31)
(-1.32299e-182 6.8629e-31 -9.1886e-31)
(-5.43789e-176 8.24291e-31 -1.12164e-30)
(-2.17056e-169 9.92619e-31 -1.36902e-30)
(-8.39735e-163 1.19785e-30 -1.67071e-30)
(-3.14203e-156 1.44789e-30 -2.03847e-30)
(-1.13432e-149 1.75228e-30 -2.48666e-30)
(-3.94041e-143 2.12233e-30 -3.03276e-30)
(-1.31312e-136 2.57145e-30 -3.69812e-30)
(-4.1833e-130 3.11518e-30 -4.50894e-30)
(-1.26896e-123 3.77115e-30 -5.49743e-30)
(-3.64825e-117 4.55849e-30 -6.70356e-30)
(-9.88751e-111 5.49631e-30 -8.17743e-30)
(-2.51004e-104 6.60032e-30 -9.9828e-30)
(-5.92308e-98 7.87582e-30 -1.2203e-29)
(-1.28719e-91 9.3033e-30 -1.49506e-29)
(-2.5466e-85 1.08086e-29 -1.8385e-29)
(-4.52006e-79 1.21982e-29 -2.27384e-29)
(-7.06145e-73 1.30152e-29 -2.83399e-29)
(-9.46129e-67 1.22184e-29 -3.55433e-29)
(-1.04769e-60 7.57725e-30 -4.41839e-29)
(-9.05849e-55 -4.74073e-30 -5.16374e-29)
(-5.54946e-49 -2.70538e-29 -4.97786e-29)
(-1.5361e-295 9.39595e-32 -8.40526e-33)
(-8.64199e-289 9.65422e-32 -2.22304e-32)
(-4.79708e-282 1.0071e-31 -3.37553e-32)
(-2.62584e-275 1.06675e-31 -4.66214e-32)
(-1.41655e-268 1.14636e-31 -6.10658e-32)
(-7.52655e-262 1.24872e-31 -7.7662e-32)
(-3.93609e-255 1.3775e-31 -9.70748e-32)
(-2.02454e-248 1.53746e-31 -1.20088e-31)
(-1.0234e-241 1.73459e-31 -1.47638e-31)
(-5.07991e-235 1.97641e-31 -1.80851e-31)
(-2.47385e-228 2.27223e-31 -2.21087e-31)
(-1.1808e-221 2.63359e-31 -2.69993e-31)
(-5.51829e-215 3.07472e-31 -3.29568e-31)
(-2.52213e-208 3.61307e-31 -4.02239e-31)
(-1.12597e-201 4.27002e-31 -4.90949e-31)
(-4.90332e-195 5.07174e-31 -5.99274e-31)
(-2.07978e-188 6.05015e-31 -7.31549e-31)
(-8.57827e-182 7.24415e-31 -8.9304e-31)
(-3.43444e-175 8.70102e-31 -1.09014e-30)
(-1.33205e-168 1.04782e-30 -1.33061e-30)
(-4.99381e-162 1.2645e-30 -1.62389e-30)
(-1.80514e-155 1.52855e-30 -1.98145e-30)
(-6.274e-149 1.85003e-30 -2.41729e-30)
(-2.09007e-142 2.24099e-30 -2.94849e-30)
(-6.64962e-136 2.71567e-30 -3.59596e-30)
(-2.01212e-129 3.2907e-30 -4.38544e-30)
(-5.76293e-123 3.98509e-30 -5.34877e-30)
(-1.55354e-116 4.81973e-30 -6.52572e-30)
(-3.91554e-110 5.81612e-30 -7.96663e-30)
(-9.15273e-104 6.99329e-30 -9.73656e-30)
(-1.96478e-97 8.36145e-30 -1.19221e-29)
(-3.82564e-91 9.90881e-30 -1.46436e-29)
(-6.64942e-85 1.15738e-29 -1.80771e-29)
(-1.00985e-78 1.31836e-29 -2.24928e-29)
(-1.3002e-72 1.43087e-29 -2.83058e-29)
(-1.35526e-66 1.39118e-29 -3.60581e-29)
(-1.05567e-60 9.58154e-30 -4.59036e-29)
(-5.13156e-55 -3.35215e-30 -5.54219e-29)
(-5.94517e-50 -2.83965e-29 -5.63004e-29)
(-2.82392e-299 9.87733e-32 -8.14083e-33)
(-1.57394e-292 1.01478e-31 -2.15387e-32)
(-8.654e-286 1.05851e-31 -3.27164e-32)
(-4.69139e-279 1.12116e-31 -4.5193e-32)
(-2.50602e-272 1.20481e-31 -5.91993e-32)
(-1.31822e-265 1.31237e-31 -7.52908e-32)
(-6.8238e-259 1.44771e-31 -9.41126e-32)
(-3.47361e-252 1.61583e-31 -1.16425e-31)
(-1.73747e-245 1.82303e-31 -1.43135e-31)
(-8.53251e-239 2.07718e-31 -1.75335e-31)
(-4.11026e-232 2.38811e-31 -2.14344e-31)
(-1.94034e-225 2.76794e-31 -2.6176e-31)
(-8.96701e-219 3.2316e-31 -3.19519e-31)
(-4.0522e-212 3.79745e-31 -3.89976e-31)
(-1.78844e-205 4.48798e-31 -4.75984e-31)
(-7.69866e-199 5.33069e-31 -5.8101e-31)
(-3.22761e-192 6.35915e-31 -7.0926e-31)
(-1.31576e-185 7.61425e-31 -8.65842e-31)
(-5.20633e-179 9.14576e-31 -1.05696e-30)
(-1.99574e-172 1.10141e-30 -1.29014e-30)
(-7.3952e-166 1.32923e-30 -1.57456e-30)
(-2.64255e-159 1.60688e-30 -1.92136e-30)
(-9.08132e-153 1.945e-30 -2.34417e-30)
(-2.99227e-146 2.35629e-30 -2.85963e-30)
(-9.42051e-140 2.85587e-30 -3.48818e-30)
(-2.82261e-133 3.46146e-30 -4.25505e-30)
(-8.01206e-127 4.19343e-30 -5.19162e-30)
(-2.14313e-120 5.07452e-30 -6.33736e-30)
(-5.36836e-114 6.12873e-30 -7.74271e-30)
(-1.24993e-107 7.37866e-30 -9.47373e-30)
(-2.68071e-101 8.83996e-30 -1.16199e-29)
(-5.23713e-95 1.05097e-29 -1.43081e-29)
(-9.18961e-89 1.23413e-29 -1.773e-29)
(-1.42202e-82 1.41884e-29 -2.21914e-29)
(-1.89305e-76 1.5663e-29 -2.81943e-29)
(-2.09279e-70 1.57624e-29 -3.64887e-29)
(-1.8193e-64 1.1931e-29 -4.76367e-29)
(-1.12951e-58 -1.47926e-30 -5.9233e-29)
(-4.00778e-53 -2.86565e-29 -5.96229e-29)
(-1.97994e-296 1.03435e-31 -7.86434e-33)
(-1.12221e-289 1.06258e-31 -2.08148e-32)
(-6.2791e-283 1.1083e-31 -3.16277e-32)
(-3.46653e-276 1.17385e-31 -4.36955e-32)
(-1.88727e-269 1.2614e-31 -5.72418e-32)
(-1.01265e-262 1.374e-31 -7.28038e-32)
(-5.35188e-256 1.5157e-31 -9.10054e-32)
(-2.78412e-249 1.69172e-31 -1.12582e-31)
(-1.42461e-242 1.90865e-31 -1.38411e-31)
(-7.16482e-236 2.17477e-31 -1.69549e-31)
(-3.53883e-229 2.50032e-31 -2.07271e-31)
(-1.71507e-222 2.89801e-31 -2.53123e-31)
(-8.14814e-216 3.38349e-31 -3.08978e-31)
(-3.79096e-209 3.97598e-31 -3.77111e-31)
(-1.72532e-202 4.69902e-31 -4.60285e-31)
(-7.67184e-196 5.58143e-31 -5.6185e-31)
(-3.32863e-189 6.65835e-31 -6.85878e-31)
(-1.40716e-182 7.97265e-31 -8.37308e-31)
(-5.78694e-176 9.57644e-31 -1.02214e-30)
(-2.31112e-169 1.15331e-30 -1.24768e-30)
(-8.94594e-163 1.39192e-30 -1.52279e-30)
(-3.3491e-156 1.68276e-30 -1.8583e-30)
(-1.20972e-149 2.03701e-30 -2.26741e-30)
(-4.2046e-143 2.46805e-30 -2.76631e-30)
(-1.40192e-136 2.99184e-30 -3.37493e-30)
(-4.46853e-130 3.62717e-30 -4.11793e-30)
(-1.35619e-123 4.39583e-30 -5.02616e-30)
(-3.90102e-117 5.32242e-30 -6.13866e-30)
(-1.05776e-110 6.43354e-30 -7.5058e-30)
(-2.68638e-104 7.75561e-30 -9.19432e-30)
(-6.34131e-98 9.31018e-30 -1.12959e-29)
(-1.37833e-91 1.11041e-29 -1.39433e-29)
(-2.72662e-85 1.31083e-29 -1.73413e-29)
(-4.83674e-79 1.52081e-29 -2.18285e-29)
(-7.54534e-73 1.70722e-29 -2.7991e-29)
(-1.00801e-66 1.77703e-29 -3.68045e-29)
(-1.11001e-60 1.46648e-29 -4.9352e-29)
(-9.4985e-55 9.44243e-31 -6.35394e-29)
(-5.70851e-49 -3.40502e-29 -6.32631e-29)
(-2.76055e-295 1.07937e-31 -7.57616e-33)
(-1.55161e-288 1.10875e-31 -2.00596e-32)
(-8.60433e-282 1.1564e-31 -3.0491e-32)
(-4.705e-275 1.22474e-31 -4.21312e-32)
(-2.53542e-268 1.31605e-31 -5.51964e-32)
(-1.3456e-261 1.43352e-31 -7.02048e-32)
(-7.02842e-255 1.58135e-31 -8.77581e-32)
(-3.61046e-248 1.765e-31 -1.08566e-31)
(-1.8226e-241 1.99134e-31 -1.33474e-31)
(-9.03396e-235 2.269e-31 -1.63502e-31)
(-4.39268e-228 2.60867e-31 -1.99879e-31)
(-2.09325e-221 3.02363e-31 -2.44096e-31)
(-9.76542e-215 3.53018e-31 -2.9796e-31)
(-4.45492e-208 4.14838e-31 -3.63665e-31)
(-1.98482e-201 4.90283e-31 -4.43875e-31)
(-8.62466e-195 5.82357e-31 -5.41823e-31)
(-3.64961e-188 6.9473e-31 -6.61436e-31)
(-1.50147e-181 8.31877e-31 -8.07481e-31)
(-5.9946e-175 9.99241e-31 -9.8575e-31)
(-2.3179e-168 1.20344e-30 -1.20329e-30)
(-8.6604e-162 1.45248e-30 -1.46867e-30)
(-3.11882e-155 1.75608e-30 -1.79235e-30)
(-1.07947e-148 2.12593e-30 -2.18711e-30)
(-3.5792e-142 2.57609e-30 -2.66866e-30)
(-1.13269e-135 3.12334e-30 -3.25636e-30)
(-3.40661e-129 3.78756e-30 -3.97425e-30)
(-9.68851e-123 4.59193e-30 -4.85257e-30)
(-2.59036e-116 5.56296e-30 -5.92982e-30)
(-6.46514e-110 6.72995e-30 -7.25608e-30)
(-1.49348e-103 8.1233e-30 -8.8984e-30)
(-3.15949e-97 9.77087e-30 -1.09502e-29)
(-6.03882e-91 1.16901e-29 -1.35485e-29)
(-1.02434e-84 1.38714e-29 -1.69092e-29)
(-1.50428e-78 1.62373e-29 -2.13986e-29)
(-1.84311e-72 1.8528e-29 -2.76818e-29)
(-1.77084e-66 1.99303e-29 -3.69702e-29)
(-1.17133e-60 1.78247e-29 -5.10019e-29)
(-3.25674e-55 4.21863e-30 -6.8976e-29)
(2.10144e-49 -3.78579e-29 -7.29676e-29)
(-4.48408e-299 1.12273e-31 -7.27669e-33)
(-2.49593e-292 1.15322e-31 -1.92743e-32)
(-1.37037e-285 1.20271e-31 -2.93079e-32)
(-7.41735e-279 1.27375e-31 -4.05024e-32)
(-3.95549e-272 1.36868e-31 -5.30662e-32)
(-2.07689e-265 1.49083e-31 -6.74978e-32)
(-1.07298e-258 1.64458e-31 -8.43757e-32)
(-5.45025e-252 1.83557e-31 -1.04382e-31)
(-2.71984e-245 2.07097e-31 -1.28332e-31)
(-1.33231e-238 2.35974e-31 -1.57203e-31)
(-6.40032e-232 2.71301e-31 -1.92179e-31)
(-3.01237e-225 3.14458e-31 -2.34693e-31)
(-1.38758e-218 3.67142e-31 -2.86483e-31)
(-6.24815e-212 4.3144e-31 -3.49658e-31)
(-2.74685e-205 5.09908e-31 -4.26781e-31)
(-1.17737e-198 6.05674e-31 -5.20961e-31)
(-4.91281e-192 7.22556e-31 -6.35973e-31)
(-1.99234e-185 8.65209e-31 -7.76406e-31)
(-7.83824e-179 1.0393e-30 -9.47832e-31)
(-2.98547e-172 1.25172e-30 -1.15703e-30)
(-1.09841e-165 1.51081e-30 -1.41226e-30)
(-3.89384e-159 1.8267e-30 -1.72361e-30)
(-1.32621e-152 2.21161e-30 -2.10341e-30)
(-4.32576e-146 2.68023e-30 -2.56683e-30)
(-1.34627e-139 3.25017e-30 -3.13263e-30)
(-3.98086e-133 3.94235e-30 -3.82421e-30)
(-1.1129e-126 4.78138e-30 -4.67108e-30)
(-2.92448e-120 5.79569e-30 -5.71105e-30)
(-7.17401e-114 7.01734e-30 -6.99374e-30)
(-1.62918e-107 8.48086e-30 -8.58613e-30)
(-3.39006e-101 1.02207e-29 -1.05826e-29)
(-6.3803e-95 1.22658e-29 -1.31232e-29)
(-1.06794e-88 1.46272e-29 -1.64319e-29)
(-1.5539e-82 1.72694e-29 -2.08972e-29)
(-1.90252e-76 2.00193e-29 -2.72525e-29)
(-1.86376e-70 2.22305e-29 -3.69452e-29)
(-1.33668e-64 2.14463e-29 -5.24943e-29)
(-5.73761e-59 8.6318e-30 -7.46759e-29)
(-5.27765e-54 -4.06017e-29 -7.76238e-29)
(-9.98082e-299 1.16436e-31 -6.96634e-33)
(-5.5407e-292 1.19592e-31 -1.84599e-32)
(-3.03427e-285 1.24718e-31 -2.80804e-32)
(-1.63829e-278 1.3208e-31 -3.88118e-32)
(-8.71599e-272 1.41921e-31 -5.08547e-32)
(-4.56621e-265 1.54585e-31 -6.4687e-32)
(-2.35404e-258 1.70527e-31 -8.08633e-32)
(-1.19337e-251 1.90331e-31 -1.00038e-31)
(-5.94426e-245 2.14741e-31 -1.22991e-31)
(-2.90683e-238 2.44684e-31 -1.50661e-31)
(-1.39427e-231 2.81317e-31 -1.84182e-31)
(-6.55327e-225 3.26069e-31 -2.24928e-31)
(-3.01502e-218 3.80701e-31 -2.74564e-31)
(-1.35627e-211 4.47377e-31 -3.35112e-31)
(-5.95781e-205 5.28747e-31 -4.09028e-31)
(-2.55221e-198 6.28058e-31 -4.99294e-31)
(-1.0646e-191 7.49268e-31 -6.09529e-31)
(-4.31706e-185 8.9721e-31 -7.44131e-31)
(-1.69876e-178 1.07776e-30 -9.08448e-31)
(-6.47366e-172 1.29808e-30 -1.10898e-30)
(-2.38381e-165 1.56683e-30 -1.35367e-30)
(-8.46089e-159 1.89454e-30 -1.65219e-30)
(-2.88644e-152 2.29392e-30 -2.01641e-30)
(-9.43484e-146 2.78031e-30 -2.46095e-30)
(-2.94415e-139 3.3721e-30 -3.00393e-30)
(-8.73446e-133 4.09128e-30 -3.66801e-30)
(-2.45174e-126 4.96384e-30 -4.4819e-30)
(-6.47489e-120 6.02016e-30 -5.48262e-30)
(-1.59817e-113 7.29509e-30 -6.71904e-30)
(-3.6575e-107 8.82742e-30 -8.25772e-30)
(-7.68642e-101 1.06584e-29 -1.01932e-29)
(-1.4658e-94 1.28288e-29 -1.26672e-29)
(-2.49918e-88 1.53719e-29 -1.59084e-29)
(-3.73936e-82 1.82973e-29 -2.03202e-29)
(-4.79771e-76 2.1532e-29 -2.66896e-29)
(-5.13938e-70 2.46506e-29 -3.66848e-29)
(-4.49017e-64 2.55511e-29 -5.37216e-29)
(-3.18189e-58 1.45018e-29 -8.13856e-29)
(-1.70504e-52 -4.17835e-29 -9.06777e-29)
(-5.78595e-295 1.20421e-31 -6.64558e-33)
(-3.25351e-288 1.23678e-31 -1.76178e-32)
(-1.80505e-281 1.28974e-31 -2.68103e-32)
(-9.87515e-275 1.36582e-31 -3.70618e-32)
(-5.32428e-268 1.46756e-31 -4.85651e-32)
(-2.82725e-261 1.5985e-31 -6.17767e-32)
(-1.47762e-254 1.76334e-31 -7.72265e-32)
(-7.59521e-248 1.96813e-31 -9.55394e-32)
(-3.8367e-241 2.22054e-31 -1.17461e-31)
(-1.90307e-234 2.53018e-31 -1.43887e-31)
(-9.2606e-228 2.909e-31 -1.75902e-31)
(-4.41659e-221 3.37178e-31 -2.14816e-31)
(-2.06225e-214 3.93674e-31 -2.62221e-31)
(-9.41681e-208 4.62624e-31 -3.20049e-31)
(-4.19985e-201 5.46772e-31 -3.90645e-31)
(-1.827e-194 6.49474e-31 -4.76856e-31)
(-7.74056e-188 7.74827e-31 -5.82143e-31)
(-3.18875e-181 9.27829e-31 -7.10707e-31)
(-1.27495e-174 1.11457e-30 -8.67659e-31)
(-4.93769e-168 1.34244e-30 -1.05922e-30)
(-1.84814e-161 1.62044e-30 -1.29297e-30)
(-6.66869e-155 1.95947e-30 -1.57819e-30)
(-2.31321e-148 2.37273e-30 -1.92625e-30)
(-7.68901e-142 2.87615e-30 -2.35119e-30)
(-2.44019e-135 3.48894e-30 -2.87044e-30)
(-7.36304e-129 4.23408e-30 -3.50587e-30)
(-2.10215e-122 5.13896e-30 -4.2853e-30)
(-5.64658e-116 6.23591e-30 -5.2448e-30)
(-1.41752e-109 7.56258e-30 -6.43229e-30)
(-3.29968e-103 9.16207e-30 -7.91346e-30)
(-7.05607e-97 1.10826e-29 -9.78228e-30)
(-1.37118e-90 1.3377e-29 -1.21805e-29)
(-2.39298e-84 1.61012e-29 -1.53382e-29)
(-3.71289e-78 1.93128e-29 -1.96651e-29)
(-5.12554e-72 2.30493e-29 -2.59818e-29)
(-6.51911e-66 2.71594e-29 -3.61414e-29)
(-8.38034e-60 3.0136e-29 -5.45241e-29)
(-1.1568e-53 2.21813e-29 -8.81428e-29)
(-1.36566e-47 -4.11361e-29 -1.00514e-28)
(7.34785e-295 1.2422e-31 -6.31491e-33)
(4.53343e-288 1.27574e-31 -1.67492e-32)
(2.76673e-281 1.33032e-31 -2.54996e-32)
(1.66952e-274 1.40875e-31 -3.52553e-32)
(9.95637e-268 1.51365e-31 -4.62011e-32)
(5.8651e-261 1.64869e-31 -5.87715e-32)
(3.41103e-254 1.81869e-31 -7.34708e-32)
(1.9574e-247 2.02991e-31 -9.08939e-32)
(1.10762e-240 2.29025e-31 -1.1175e-31)
(6.17623e-234 2.60962e-31 -1.36892e-31)
(3.3913e-227 3.00035e-31 -1.6735e-31)
(1.8322e-220 3.47768e-31 -2.04373e-31)
(9.73113e-214 4.0604e-31 -2.49475e-31)
(5.07602e-207 4.77159e-31 -3.04492e-31)
(2.59772e-200 5.63955e-31 -3.71659e-31)
(1.30273e-193 6.69889e-31 -4.53683e-31)
(6.39345e-187 7.99191e-31 -5.53858e-31)
(3.06602e-180 9.57018e-31 -6.76184e-31)
(1.43424e-173 1.14965e-30 -8.25526e-31)
(6.53122e-167 1.38474e-30 -1.00781e-30)
(2.88838e-160 1.67156e-30 -1.23026e-30)
(1.23692e-153 2.02139e-30 -1.50173e-30)
(5.11074e-147 2.4479e-30 -1.83307e-30)
(2.02797e-140 2.96761e-30 -2.23771e-30)
(7.67985e-134 3.60048e-30 -2.73235e-30)
(2.75077e-127 4.3705e-30 -3.33801e-30)
(9.1898e-121 5.30643e-30 -4.08154e-30)
(2.79448e-114 6.44251e-30 -4.9979e-30)
(7.34722e-108 7.8192e-30 -6.13381e-30)
(1.43475e-101 9.48392e-30 -7.55371e-30)
(4.27683e-96 1.14919e-29 -9.35021e-30)
(-1.47953e-88 1.3908e-29 -1.16635e-29)
(-1.01806e-81 1.68112e-29 -1.47213e-29)
(-4.82246e-75 2.03073e-29 -1.89306e-29)
(-1.90042e-68 2.45516e-29 -2.51203e-29)
(-6.56009e-62 2.97134e-29 -3.52675e-29)
(-2.01859e-55 3.51606e-29 -5.47172e-29)
(-5.55796e-49 3.20756e-29 -9.564e-29)
(-1.3639e-42 -4.58587e-29 -1.1502e-28)
(-3.54702e-293 1.27829e-31 -5.97482e-33)
(-2.14027e-286 1.31275e-31 -1.58556e-32)
(-1.27679e-279 1.36885e-31 -2.41502e-32)
(-7.5269e-273 1.4495e-31 -3.33951e-32)
(-4.38271e-266 1.55742e-31 -4.37663e-32)
(-2.51923e-259 1.69634e-31 -5.56759e-32)
(-1.42871e-252 1.87125e-31 -6.96021e-32)
(-7.98914e-246 2.08857e-31 -8.61083e-32)
(-4.40199e-239 2.35644e-31 -1.05867e-31)
(-2.38824e-232 2.68504e-31 -1.29685e-31)
(-1.2748e-225 3.08707e-31 -1.58541e-31)
(-6.68908e-219 3.57821e-31 -1.93615e-31)
(-3.447e-212 4.1778e-31 -2.36343e-31)
(-1.74265e-205 4.90958e-31 -2.88466e-31)
(-8.63303e-199 5.80268e-31 -3.52099e-31)
(-4.18536e-192 6.89273e-31 -4.29809e-31)
(-1.98276e-185 8.22325e-31 -5.24717e-31)
(-9.16297e-179 9.84734e-31 -6.40615e-31)
(-4.12257e-172 1.18297e-30 -7.82115e-31)
(-1.80155e-165 1.4249e-30 -9.54837e-31)
(-7.62497e-159 1.72011e-30 -1.16564e-30)
(-3.11471e-152 2.08021e-30 -1.42292e-30)
(-1.22243e-145 2.51932e-30 -1.73701e-30)
(-4.58173e-139 3.05454e-30 -2.12068e-30)
(-1.6259e-132 3.70654e-30 -2.58986e-30)
(-5.39083e-126 4.5003e-30 -3.16468e-30)
(-1.63219e-119 5.46592e-30 -3.8709e-30)
(-4.305e-113 6.63951e-30 -4.74225e-30)
(-8.65977e-107 8.06433e-30 -5.824e-30)
(-4.91784e-101 9.79209e-30 -7.17891e-30)
(7.13889e-94 1.1885e-29 -8.89747e-30)
(5.18199e-87 1.44196e-29 -1.11167e-29)
(2.48184e-80 1.74975e-29 -1.40584e-29)
(9.8085e-74 2.1272e-29 -1.8117e-29)
(3.38991e-67 2.60172e-29 -2.41006e-29)
(1.04531e-60 3.22558e-29 -3.40196e-29)
(2.8918e-54 4.05292e-29 -5.40516e-29)
(7.16122e-48 4.49656e-29 -1.04347e-28)
(1.57501e-41 -5.57953e-29 -1.36054e-28)
(1.6273e-292 1.31243e-31 -5.62587e-33)
(1.03676e-285 1.34774e-31 -1.49382e-32)
(6.53732e-279 1.40527e-31 -2.27644e-32)
(4.07834e-272 1.48803e-31 -3.14839e-32)
(2.51632e-265 1.59879e-31 -4.12644e-32)
(1.5349e-258 1.74138e-31 -5.24948e-32)
(9.25217e-252 1.92093e-31 -6.56262e-32)
(5.50889e-245 2.14402e-31 -8.11902e-32)
(3.23845e-238 2.419e-31 -9.98205e-32)
(1.87864e-231 2.75633e-31 -1.22279e-31)
(1.07486e-224 3.16905e-31 -1.49487e-31)
(6.06198e-218 3.67324e-31 -1.82559e-31)
(3.36795e-211 4.28876e-31 -2.22847e-31)
(1.84212e-204 5.04001e-31 -2.71995e-31)
(9.9122e-198 5.95687e-31 -3.31996e-31)
(5.24314e-191 7.07594e-31 -4.05272e-31)
(2.72414e-184 8.44191e-31 -4.94766e-31)
(1.389e-177 1.01093e-30 -6.04055e-31)
(6.9438e-171 1.21446e-30 -7.37492e-31)
(3.39991e-164 1.46287e-30 -9.00382e-31)
(1.62865e-157 1.76601e-30 -1.0992e-30)
(7.62341e-151 2.13583e-30 -1.34189e-30)
(3.48218e-144 2.58687e-30 -1.63821e-30)
(1.54989e-137 3.13677e-30 -2.00027e-30)
(6.71123e-131 3.80692e-30 -2.4432e-30)
(2.82217e-124 4.62324e-30 -2.98613e-30)
(1.15024e-117 5.6171e-30 -3.65369e-30)
(4.5339e-111 6.8265e-30 -4.47822e-30)
(1.72411e-104 8.2974e-30 -5.5033e-30)
(6.30775e-98 1.00857e-29 -6.78959e-30)
(2.21331e-91 1.22604e-29 -8.4247e-30)
(7.42208e-85 1.49096e-29 -1.0541e-29)
(2.36892e-78 1.8156e-29 -1.33508e-29)
(7.16243e-72 2.21978e-29 -1.72267e-29)
(2.04009e-65 2.74229e-29 -2.29235e-29)
(5.4384e-59 3.47167e-29 -3.23651e-29)
(1.34618e-52 4.6054e-29 -5.21753e-29)
(3.06457e-46 6.20665e-29 -1.14912e-28)
(6.33966e-40 6.47714e-30 -5.11977e-28)
(-4.06233e-292 1.34455e-31 -5.26862e-33)
(-2.57246e-285 1.38066e-31 -1.39987e-32)
(-1.61311e-278 1.43954e-31 -2.13443e-32)
(-1.00132e-271 1.52428e-31 -2.95248e-32)
(-6.15043e-265 1.6377e-31 -3.86993e-32)
(-3.73675e-258 1.78375e-31 -4.92331e-32)
(-2.24469e-251 1.96765e-31 -6.15494e-32)
(-1.33259e-244 2.19616e-31 -7.6147e-32)
(-7.81468e-238 2.47783e-31 -9.36204e-32)
(-4.52461e-231 2.82338e-31 -1.14684e-31)
(-2.58508e-224 3.24614e-31 -1.40203e-31)
(-1.4566e-217 3.76261e-31 -1.71221e-31)
(-8.08942e-211 4.39312e-31 -2.09008e-31)
(-4.42507e-204 5.16267e-31 -2.55104e-31)
(-2.38257e-197 6.10188e-31 -3.1138e-31)
(-1.26173e-190 7.24824e-31 -3.80108e-31)
(-6.56649e-184 8.64755e-31 -4.6405e-31)
(-3.35557e-177 1.03557e-30 -5.66561e-31)
(-1.68212e-170 1.24408e-30 -6.91727e-31)
(-8.26343e-164 1.49859e-30 -8.44528e-31)
(-3.97372e-157 1.80919e-30 -1.03105e-30)
(-1.86828e-150 2.18816e-30 -1.25875e-30)
(-8.57678e-144 2.65044e-30 -1.53682e-30)
(-3.83896e-137 3.21418e-30 -1.87667e-30)
(-1.67271e-130 3.90146e-30 -2.29257e-30)
(-7.08243e-124 4.73908e-30 -2.80264e-30)
(-2.90841e-117 5.75969e-30 -3.43025e-30)
(-1.15584e-110 7.00306e-30 -4.20619e-30)
(-4.43464e-104 8.5178e-30 -5.17216e-30)
(-1.63814e-97 1.03639e-29 -6.38632e-30)
(-5.80812e-91 1.26168e-29 -7.93269e-30)
(-1.96961e-84 1.53757e-29 -9.93756e-30)
(-6.36257e-78 1.87828e-29 -1.26007e-29)
(-1.94873e-71 2.30764e-29 -1.62637e-29)
(-5.62804e-65 2.87458e-29 -2.15968e-29)
(-1.52272e-58 3.70156e-29 -3.02933e-29)
(-3.82957e-52 5.13946e-29 -4.85816e-29)
(-8.86745e-46 8.20353e-29 -1.12264e-28)
(-1.86809e-39 1.38074e-28 -4.77922e-28)
(9.11322e-293 1.37461e-31 -4.90366e-33)
(5.67126e-286 1.41146e-31 -1.30384e-32)
(3.49634e-279 1.4716e-31 -1.98921e-32)
(2.13472e-272 1.55817e-31 -2.75208e-32)
(1.29039e-265 1.67409e-31 -3.60749e-32)
(7.71976e-259 1.82337e-31 -4.58957e-32)
(4.56909e-252 2.01135e-31 -5.73779e-32)
(2.67442e-245 2.24493e-31 -7.09866e-32)
(1.54748e-238 2.53285e-31 -8.72762e-32)
(8.84744e-232 2.88607e-31 -1.06913e-31)
(4.99581e-225 3.31823e-31 -1.30702e-31)
(2.78461e-218 3.84618e-31 -1.59619e-31)
(1.53129e-211 4.49071e-31 -1.94846e-31)
(8.30279e-205 5.27737e-31 -2.3782e-31)
(4.43597e-198 6.23748e-31 -2.90284e-31)
(2.33372e-191 7.40937e-31 -3.54358e-31)
(1.20804e-184 8.83987e-31 -4.32616e-31)
(6.14787e-178 1.05861e-30 -5.28189e-31)
(3.07325e-171 1.27179e-30 -6.44888e-31)
(1.50756e-164 1.532e-30 -7.87361e-31)
(7.2493e-158 1.84958e-30 -9.61287e-31)
(3.41313e-151 2.23712e-30 -1.17364e-30)
(1.57141e-144 2.70992e-30 -1.433e-30)
(7.0646e-138 3.28664e-30 -1.75007e-30)
(3.09649e-131 3.98998e-30 -2.13822e-30)
(1.32094e-124 4.84762e-30 -2.61448e-30)
(5.47375e-118 5.8934e-30 -3.2009e-30)
(2.19856e-111 7.1688e-30 -3.9266e-30)
(8.53871e-105 8.725e-30 -4.83113e-30)
(3.19784e-98 1.06259e-29 -5.96978e-30)
(1.1513e-91 1.29531e-29 -7.42234e-30)
(3.97052e-85 1.5816e-29 -9.3078e-30)
(1.30638e-78 1.93742e-29 -1.18107e-29)
(4.08134e-72 2.39e-29 -1.52341e-29)
(1.20407e-65 2.99647e-29 -2.01357e-29)
(3.33256e-59 3.90697e-29 -2.78353e-29)
(8.58551e-53 5.60869e-29 -4.31713e-29)
(2.03918e-46 1.0099e-28 -9.75759e-29)
(4.41218e-40 2.68848e-28 -4.80285e-28)
(-5.66639e-293 1.40257e-31 -4.53162e-33)
(-3.44333e-286 1.4401e-31 -1.2059e-32)
(-2.06775e-279 1.50139e-31 -1.84101e-32)
(-1.2264e-272 1.58967e-31 -2.54749e-32)
(-7.18003e-266 1.70791e-31 -3.33954e-32)
(-4.14672e-259 1.86018e-31 -4.24879e-32)
(-2.36082e-252 2.05195e-31 -5.31182e-32)
(-1.32392e-245 2.29024e-31 -6.5717e-32)
(-7.30687e-239 2.58397e-31 -8.07975e-32)
(-3.96504e-232 2.94433e-31 -9.89769e-32)
(-2.11317e-225 3.38521e-31 -1.21e-31)
(-1.1047e-218 3.92382e-31 -1.47771e-31)
(-5.65641e-212 4.58138e-31 -1.80384e-31)
(-2.83183e-205 5.38395e-31 -2.20169e-31)
(-1.38329e-198 6.36348e-31 -2.6874e-31)
(-6.57576e-192 7.55908e-31 -3.28061e-31)
(-3.03194e-185 9.01856e-31 -4.00514e-31)
(-1.34993e-178 1.08002e-30 -4.89e-31)
(-5.76791e-172 1.29753e-30 -5.9705e-31)
(-2.34322e-165 1.56304e-30 -7.28969e-31)
(-8.91446e-159 1.88712e-30 -8.90024e-31)
(-3.08712e-152 2.28262e-30 -1.08668e-30)
(-9.11784e-146 2.76522e-30 -1.32692e-30)
(-1.82662e-139 3.35402e-30 -1.62066e-30)
(1.82451e-133 4.07233e-30 -1.98037e-30)
(4.89539e-126 4.94864e-30 -2.42196e-30)
(3.6942e-119 6.01794e-30 -2.96601e-30)
(2.13324e-112 7.32334e-30 -3.63987e-30)
(1.07189e-105 8.91846e-30 -4.48074e-30)
(4.88847e-99 1.08709e-29 -5.54069e-30)
(2.05979e-92 1.32681e-29 -6.89468e-30)
(8.08198e-86 1.62285e-29 -8.65335e-30)
(2.96144e-79 1.99269e-29 -1.09839e-29)
(1.01321e-72 2.4662e-29 -1.41456e-29)
(3.22901e-66 3.1062e-29 -1.85629e-29)
(9.54448e-60 4.08071e-29 -2.50689e-29)
(2.60057e-53 5.96653e-29 -3.61975e-29)
(6.47763e-47 1.15021e-28 -6.97117e-29)
(1.45897e-40 4.25364e-28 -5.35012e-28)
(-8.30184e-297 1.42838e-31 -4.15315e-33)
(-4.99215e-290 1.46652e-31 -1.1062e-32)
(-2.96582e-283 1.52887e-31 -1.69005e-32)
(-1.73986e-276 1.61873e-31 -2.33904e-32)
(-1.00726e-269 1.73909e-31 -3.06648e-32)
(-5.75116e-263 1.89413e-31 -3.90148e-32)
(-3.23635e-256 2.08939e-31 -4.87768e-32)
(-1.79356e-249 2.33203e-31 -6.03462e-32)
(-9.78075e-243 2.63112e-31 -7.41945e-32)
(-5.24352e-236 2.99805e-31 -9.08884e-32)
(-2.76069e-229 3.44697e-31 -1.11112e-31)
(-1.42576e-222 3.99542e-31 -1.35695e-31)
(-7.21314e-216 4.66499e-31 -1.65644e-31)
(-3.56924e-209 5.48222e-31 -2.02178e-31)
(-1.72427e-202 6.47966e-31 -2.46782e-31)
(-8.1143e-196 7.69713e-31 -3.01257e-31)
(-3.70969e-189 9.18334e-31 -3.67793e-31)
(-1.64197e-182 1.09977e-30 -4.49054e-31)
(-7.00429e-176 1.32127e-30 -5.48285e-31)
(-2.86152e-169 1.59167e-30 -6.69443e-31)
(-1.10924e-162 1.92174e-30 -8.17371e-31)
(-4.01899e-156 2.3246e-30 -9.98015e-31)
(-1.32401e-149 2.81624e-30 -1.21872e-30)
(-3.72694e-143 3.4162e-30 -1.48865e-30)
(-7.2663e-137 4.14835e-30 -1.81929e-30)
(4.49276e-131 5.04196e-30 -2.22536e-30)
(1.51337e-123 6.13307e-30 -2.72596e-30)
(1.07916e-116 7.46634e-30 -3.34649e-30)
(5.76633e-110 9.09766e-30 -4.12162e-30)
(2.64829e-103 1.10981e-29 -5.09986e-30)
(1.09098e-96 1.35605e-29 -6.35083e-30)
(4.09718e-90 1.66115e-29 -7.97603e-30)
(1.40962e-83 2.04382e-29 -1.0124e-29)
(4.43487e-77 2.53576e-29 -1.3007e-29)
(1.26627e-70 3.20256e-29 -1.69067e-29)
(3.23272e-64 4.21795e-29 -2.21146e-29)
(7.17684e-58 6.17843e-29 -2.83285e-29)
(1.30552e-51 1.18847e-28 -2.44329e-29)
(1.6329e-45 4.26389e-28 4.09557e-28)
(-1.80913e-298 1.45201e-31 -3.76892e-33)
(-1.03124e-291 1.49069e-31 -1.00492e-32)
(-5.80304e-285 1.554e-31 -1.53659e-32)
(-3.2221e-278 1.64529e-31 -2.12705e-32)
(-1.76429e-271 1.7676e-31 -2.78873e-32)
(-9.5212e-265 1.92517e-31 -3.54819e-32)
(-5.06099e-258 2.12362e-31 -4.43603e-32)
(-2.64796e-251 2.37022e-31 -5.48825e-32)
(-1.36272e-244 2.67421e-31 -6.74772e-32)
(-6.89275e-238 3.04715e-31 -8.26598e-32)
(-3.4238e-231 3.50343e-31 -1.01053e-31)
(-1.66866e-224 4.06087e-31 -1.23411e-31)
(-7.97181e-218 4.74141e-31 -1.50648e-31)
(-3.72927e-211 5.57205e-31 -1.83875e-31)
(-1.7064e-204 6.58585e-31 -2.24442e-31)
(-7.6277e-198 7.82332e-31 -2.73987e-31)
(-3.32647e-191 9.33396e-31 -3.34503e-31)
(-1.41323e-184 1.11782e-30 -4.08413e-31)
(-5.83957e-178 1.34297e-30 -4.9867e-31)
(-2.34269e-171 1.61785e-30 -6.08875e-31)
(-9.10657e-165 1.95339e-30 -7.43439e-31)
(-3.42248e-158 2.36298e-30 -9.07779e-31)
(-1.2405e-151 2.8629e-30 -1.1086e-30)
(-4.32411e-145 3.47309e-30 -1.35424e-30)
(-1.44494e-138 4.21792e-30 -1.65522e-30)
(-4.61144e-132 5.12739e-30 -2.02501e-30)
(-1.39949e-125 6.23853e-30 -2.48113e-30)
(-4.01789e-119 7.59744e-30 -3.04695e-30)
(-1.08436e-112 9.26215e-30 -3.75438e-30)
(-2.72935e-106 1.1307e-29 -4.64812e-30)
(-6.34129e-100 1.38295e-29 -5.79201e-30)
(-1.3409e-93 1.69636e-29 -7.27781e-30)
(-2.52739e-87 2.09059e-29 -9.23469e-30)
(-4.10374e-81 2.59833e-29 -1.18281e-29)
(-5.37015e-75 3.28498e-29 -1.51985e-29)
(-4.7213e-69 4.31735e-29 -1.91172e-29)
(-3.38721e-64 6.24048e-29 -2.0864e-29)
(6.8831e-57 1.12648e-28 3.21291e-30)
(9.24831e-51 2.79493e-28 3.28208e-28)
(-2.45611e-298 1.47343e-31 -3.37967e-33)
(-1.39982e-291 1.51257e-31 -9.02235e-33)
(-7.87587e-285 1.57674e-31 -1.38085e-32)
(-4.37228e-278 1.66932e-31 -1.91183e-32)
(-2.39365e-271 1.79339e-31 -2.50672e-32)
(-1.29152e-264 1.95324e-31 -3.18945e-32)
(-6.86369e-258 2.15458e-31 -3.98757e-32)
(-3.59039e-251 2.40477e-31 -4.93343e-32)
(-1.84732e-244 2.71318e-31 -6.0656e-32)
(-9.34174e-238 3.09156e-31 -7.43039e-32)
(-4.63915e-231 3.55449e-31 -9.08379e-32)
(-2.26042e-224 4.12006e-31 -1.10936e-31)
(-1.07961e-217 4.81053e-31 -1.3542e-31)
(-5.04918e-211 5.65329e-31 -1.65289e-31)
(-2.30974e-204 6.68189e-31 -2.01756e-31)
(-1.03221e-197 7.93745e-31 -2.46294e-31)
(-4.5004e-191 9.47018e-31 -3.00696e-31)
(-1.91155e-184 1.13414e-30 -3.67139e-31)
(-7.89735e-178 1.3626e-30 -4.4828e-31)
(-3.16791e-171 1.64152e-30 -5.47359e-31)
(-1.23145e-164 1.98203e-30 -6.68344e-31)
(-4.62892e-158 2.3977e-30 -8.16113e-31)
(-1.67848e-151 2.90512e-30 -9.96703e-31)
(-5.85543e-145 3.52457e-30 -1.21764e-30)
(-1.95923e-138 4.28091e-30 -1.48843e-30)
(-6.2661e-132 5.20477e-30 -1.82124e-30)
(-1.90802e-125 6.33412e-30 -2.23195e-30)
(-5.5064e-119 7.71636e-30 -2.74177e-30)
(-1.49813e-112 9.41148e-30 -3.37971e-30)
(-3.81873e-106 1.14967e-29 -4.18639e-30)
(-9.05202e-100 1.40741e-29 -5.21951e-30)
(-1.97748e-93 1.72834e-29 -6.56075e-30)
(-3.93718e-87 2.13283e-29 -8.32002e-30)
(-7.0445e-81 2.65375e-29 -1.06183e-29)
(-1.11214e-74 3.35358e-29 -1.34687e-29)
(-1.51143e-68 4.38109e-29 -1.62036e-29)
(-1.7075e-62 6.1784e-29 -1.44335e-29)
(-1.5212e-56 1.01781e-28 1.89846e-29)
(-9.79809e-51 1.78552e-28 2.51479e-28)
(-4.56506e-298 1.4926e-31 -2.98617e-33)
(-2.60347e-291 1.53213e-31 -7.98316e-33)
(-1.4658e-284 1.59704e-31 -1.22309e-32)
(-8.1431e-278 1.69078e-31 -1.69373e-32)
(-4.46125e-271 1.81642e-31 -2.22088e-32)
(-2.40891e-264 1.97831e-31 -2.82582e-32)
(-1.28119e-257 2.18222e-31 -3.53298e-32)
(-6.7072e-251 2.43562e-31 -4.37103e-32)
(-3.45377e-244 2.74798e-31 -5.37414e-32)
(-1.74799e-237 3.13121e-31 -6.58336e-32)
(-8.68791e-231 3.60008e-31 -8.04829e-32)
(-4.2368e-224 4.1729e-31 -9.82899e-32)
(-2.0253e-217 4.87223e-31 -1.19983e-31)
(-9.48016e-211 5.72581e-31 -1.46448e-31)
(-4.34038e-204 6.76763e-31 -1.78759e-31)
(-1.94129e-197 8.03933e-31 -2.18221e-31)
(-8.47076e-191 9.59179e-31 -2.66423e-31)
(-3.60067e-184 1.14872e-30 -3.25297e-31)
(-1.48858e-177 1.38013e-30 -3.97194e-31)
(-5.97463e-171 1.66266e-30 -4.8499e-31)
(-2.32351e-164 2.0076e-30 -5.92202e-31)
(-8.73606e-158 2.42871e-30 -7.2316e-31)
(-3.16777e-151 2.94283e-30 -8.83223e-31)
(-1.10473e-144 3.57056e-30 -1.07908e-30)
(-3.69363e-138 4.33719e-30 -1.31918e-30)
(-1.17976e-131 5.27395e-30 -1.61437e-30)
(-3.5849e-125 6.41961e-30 -1.97882e-30)
(-1.0314e-118 7.82279e-30 -2.43148e-30)
(-2.79377e-112 9.54526e-30 -2.99831e-30)
(-7.07721e-106 1.16669e-29 -3.7156e-30)
(-1.66313e-99 1.42934e-29 -4.63468e-30)
(-3.58978e-93 1.75698e-29 -5.82697e-30)
(-7.02865e-87 2.17042e-29 -7.38385e-30)
(-1.22848e-80 2.70203e-29 -9.38659e-30)
(-1.87628e-74 3.40909e-29 -1.17438e-29)
(-2.43128e-68 4.41402e-29 -1.34675e-29)
(-2.55983e-62 6.02808e-29 -9.26993e-30)
(-2.04466e-56 8.94444e-29 2.65663e-29)
(-1.09404e-50 1.10724e-28 1.99964e-28)
(3.30519e-300 1.5095e-31 -2.58926e-33)
(1.88302e-293 1.54932e-31 -6.93354e-33)
(1.05904e-286 1.61489e-31 -1.06355e-32)
(5.87681e-280 1.70963e-31 -1.47308e-32)
(3.21592e-273 1.83665e-31 -1.93165e-32)
(1.7344e-266 2.00033e-31 -2.45786e-32)
(9.21297e-260 2.2065e-31 -3.07296e-32)
(4.8169e-253 2.46271e-31 -3.8019e-32)
(2.4771e-246 2.77855e-31 -4.67441e-32)
(1.25196e-239 3.16603e-31 -5.7262e-32)
(6.21377e-233 3.64012e-31 -7.0004e-32)
(3.02586e-226 4.21931e-31 -8.54926e-32)
(1.4443e-219 4.92643e-31 -1.04362e-31)
(6.75045e-213 5.78951e-31 -1.27381e-31)
(3.08593e-206 6.84294e-31 -1.55486e-31)
(1.37812e-199 8.12881e-31 -1.89811e-31)
(6.00433e-193 9.6986e-31 -2.31739e-31)
(2.54849e-186 1.16152e-30 -2.8295e-31)
(1.05209e-179 1.39552e-30 -3.45491e-31)
(4.21714e-173 1.68123e-30 -4.21865e-31)
(1.63808e-166 2.03006e-30 -5.15133e-31)
(6.1528e-160 2.45596e-30 -6.29066e-31)
(2.22944e-153 2.97597e-30 -7.68334e-31)
(7.77218e-147 3.61097e-30 -9.3877e-31)
(2.599e-140 4.38666e-30 -1.14775e-30)
(8.30813e-134 5.33478e-30 -1.40475e-30)
(2.52898e-127 6.49482e-30 -1.72218e-30)
(7.29772e-121 7.91649e-30 -2.11664e-30)
(1.98597e-114 9.66312e-30 -2.6109e-30)
(5.06589e-108 1.18169e-29 -3.23675e-30)
(1.20251e-101 1.44869e-29 -4.03893e-30)
(2.63319e-95 1.7822e-29 -5.0786e-30)
(5.26233e-89 2.20328e-29 -6.42991e-30)
(9.46948e-83 2.7433e-29 -8.14093e-30)
(1.50787e-76 3.45271e-29 -1.00447e-29)
(2.07561e-70 4.42259e-29 -1.09656e-29)
(2.38978e-64 5.82548e-29 -5.37271e-30)
(2.18941e-58 7.74239e-29 2.90731e-29)
(1.46668e-52 6.59924e-29 1.50407e-28)
(-1.17696e-300 1.52411e-31 -2.18983e-33)
(-6.70626e-294 1.56413e-31 -5.87544e-33)
(-3.77221e-287 1.63025e-31 -9.02473e-33)
(-2.09355e-280 1.72585e-31 -1.25021e-32)
(-1.14579e-273 1.85406e-31 -1.63948e-32)
(-6.18016e-267 2.01927e-31 -2.08613e-32)
(-3.28321e-260 2.22739e-31 -2.60822e-32)
(-1.71676e-253 2.48602e-31 -3.22693e-32)
(-8.82914e-247 2.80484e-31 -3.96749e-32)
(-4.46263e-240 3.19599e-31 -4.86022e-32)
(-2.21496e-233 3.67455e-31 -5.94173e-32)
(-1.07858e-226 4.25923e-31 -7.25637e-32)
(-5.14798e-220 4.97303e-31 -8.85794e-32)
(-2.4058e-213 5.84428e-31 -1.08118e-31)
(-1.09959e-206 6.90769e-31 -1.31973e-31)
(-4.90921e-200 8.20576e-31 -1.61108e-31)
(-2.13805e-193 9.79046e-31 -1.96697e-31)
(-9.07002e-187 1.17252e-30 -2.40165e-31)
(-3.74179e-180 1.40876e-30 -2.93252e-31)
(-1.49849e-173 1.6972e-30 -3.58082e-31)
(-5.81395e-167 2.04938e-30 -4.37256e-31)
(-2.1806e-160 2.47939e-30 -5.33979e-31)
(-7.88678e-154 3.00447e-30 -6.52219e-31)
(-2.74309e-147 3.64575e-30 -7.9694e-31)
(-9.14611e-141 4.42924e-30 -9.74421e-31)
(-2.91302e-134 5.38714e-30 -1.19274e-30)
(-8.82646e-128 6.5596e-30 -1.46247e-30)
(-2.53227e-121 7.99724e-30 -1.79782e-30)
(-6.84091e-115 9.76474e-30 -2.21823e-30)
(-1.72884e-108 1.19463e-29 -2.75085e-30)
(-4.05537e-102 1.46537e-29 -3.43367e-30)
(-8.74556e-96 1.80391e-29 -4.31777e-30)
(-1.71344e-89 2.2314e-29 -5.46164e-30)
(-3.00401e-83 2.77781e-29 -6.88774e-30)
(-4.62015e-77 3.48593e-29 -8.38523e-30)
(-6.06635e-71 4.41385e-29 -8.72196e-30)
(-6.53811e-65 5.60209e-29 -2.63032e-30)
(-5.43894e-59 6.66289e-29 2.81137e-29)
(-3.13071e-53 3.37977e-29 1.10659e-28)
(-5.94853e-299 1.53641e-31 -1.78889e-33)
(-3.38962e-292 1.57653e-31 -4.81087e-33)
(-1.9068e-285 1.64309e-31 -7.40112e-33)
(-1.05839e-278 1.73941e-31 -1.02546e-32)
(-5.79347e-272 1.86861e-31 -1.34481e-32)
(-3.12558e-265 2.03511e-31 -1.71121e-32)
(-1.66093e-258 2.24484e-31 -2.13947e-32)
(-8.68782e-252 2.50549e-31 -2.647e-32)
(-4.46996e-245 2.82681e-31 -3.25447e-32)
(-2.26047e-238 3.22102e-31 -3.98677e-32)
(-1.12264e-231 3.70333e-31 -4.87392e-32)
(-5.47081e-225 4.29258e-31 -5.9523e-32)
(-2.61346e-218 5.01198e-31 -7.26606e-32)
(-1.22262e-211 5.89005e-31 -8.8688e-32)
(-5.59493e-205 6.9618e-31 -1.08256e-31)
(-2.50152e-198 8.27006e-31 -1.32156e-31)
(-1.09132e-191 9.8672e-31 -1.6135e-31)
(-4.63886e-185 1.18172e-30 -1.97008e-31)
(-1.91825e-178 1.41982e-30 -2.40557e-31)
(-7.70336e-172 1.71054e-30 -2.93741e-31)
(-2.99854e-165 2.06552e-30 -3.58694e-31)
(-1.12895e-158 2.49897e-30 -4.38048e-31)
(-4.10163e-152 3.02829e-30 -5.35062e-31)
(-1.43418e-145 3.67482e-30 -6.53816e-31)
(-4.81203e-139 4.46484e-30 -7.99473e-31)
(-1.54406e-132 5.43094e-30 -9.78681e-31)
(-4.72002e-126 6.61381e-30 -1.20016e-30)
(-1.36848e-119 8.06483e-30 -1.47561e-30)
(-3.74374e-113 9.84985e-30 -1.82108e-30)
(-9.60531e-107 1.20547e-29 -2.25895e-30)
(-2.29463e-100 1.47936e-29 -2.82036e-30)
(-5.05952e-94 1.82208e-29 -3.54655e-30)
(-1.01864e-87 2.25477e-29 -4.48212e-30)
(-1.8474e-81 2.80586e-29 -5.63187e-30)
(-2.96576e-75 3.51039e-29 -6.77259e-30)
(-4.11774e-69 4.39472e-29 -6.73332e-30)
(-4.78871e-63 5.38354e-29 -8.74632e-31)
(-4.45352e-57 5.7573e-29 2.46284e-29)
(-3.08392e-51 1.3348e-29 8.57137e-29)
(1.76599e-299 1.5464e-31 -1.38758e-33)
(9.80651e-293 1.58649e-31 -3.74199e-33)
(5.37206e-286 1.65339e-31 -5.7671e-33)
(2.90151e-279 1.75029e-31 -7.99173e-33)
(1.54421e-272 1.88028e-31 -1.04809e-32)
(8.09312e-266 2.04781e-31 -1.33366e-32)
(4.17402e-259 2.25884e-31 -1.66745e-32)
(2.11695e-252 2.52111e-31 -2.063e-32)
(1.05498e-245 2.84443e-31 -2.53645e-32)
(5.16171e-239 3.24108e-31 -3.10718e-32)
(2.47724e-232 3.7264e-31 -3.7986e-32)
(1.16505e-225 4.31932e-31 -4.63907e-32)
(5.36377e-219 5.04319e-31 -5.66299e-32)
(2.41461e-212 5.92674e-31 -6.91214e-32)
(1.06154e-205 7.00517e-31 -8.43725e-32)
(4.55144e-199 8.3216e-31 -1.03e-31)
(1.9004e-192 9.92872e-31 -1.25753e-31)
(7.71464e-186 1.18909e-30 -1.53545e-31)
(3.03937e-179 1.42868e-30 -1.87489e-31)
(1.15981e-172 1.72124e-30 -2.28941e-31)
(4.27727e-166 2.07846e-30 -2.79569e-31)
(1.52073e-159 2.51468e-30 -3.41424e-31)
(5.1981e-153 3.0474e-30 -4.1705e-31)
(1.70287e-146 3.69814e-30 -5.09629e-31)
(5.32744e-140 4.4934e-30 -6.23197e-31)
(1.5852e-133 5.46609e-30 -7.62946e-31)
(4.46507e-127 6.65731e-30 -9.35698e-31)
(1.18402e-120 8.11909e-30 -1.15061e-30)
(2.93666e-114 9.91821e-30 -1.42025e-30)
(6.75963e-108 1.21418e-29 -1.76211e-30)
(1.43038e-101 1.49059e-29 -2.20045e-30)
(2.75002e-95 1.83666e-29 -2.76695e-30)
(4.73243e-89 2.2734e-29 -3.49408e-30)
(7.14826e-83 2.82778e-29 -4.3765e-30)
(9.22782e-77 3.52769e-29 -5.2075e-30)
(9.79688e-71 4.37146e-29 -4.97565e-30)
(8.05485e-65 5.18934e-29 9.48211e-32)
(4.60426e-59 5.04372e-29 2.00162e-29)
(1.41265e-53 8.64453e-31 5.9596e-29)
(1.03283e-295 1.55406e-31 -9.87172e-34)
(5.81086e-289 1.59398e-31 -2.67104e-33)
(3.22573e-282 1.66114e-31 -4.12508e-33)
(1.76583e-275 1.75847e-31 -5.71691e-33)
(9.52689e-269 1.88905e-31 -7.49774e-33)
(5.06244e-262 2.05735e-31 -9.54071e-33)
(2.64779e-255 2.26937e-31 -1.19286e-32)
(1.36211e-248 2.53285e-31 -1.47583e-32)
(6.88663e-242 2.85766e-31 -1.81453e-32)
(3.41909e-235 3.25616e-31 -2.22282e-32)
(1.66546e-228 3.74373e-31 -2.71745e-32)
(7.9517e-222 4.3394e-31 -3.31871e-32)
(3.71735e-215 5.06664e-31 -4.05121e-32)
(1.69966e-208 5.95429e-31 -4.94484e-32)
(7.59126e-202 7.03774e-31 -6.0359e-32)
(3.30752e-195 8.3603e-31 -7.3685e-32)
(1.40374e-188 9.97492e-31 -8.99628e-32)
(5.79389e-182 1.19463e-30 -1.09845e-31)
(2.32153e-175 1.43534e-30 -1.34129e-31)
(9.01246e-169 1.72927e-30 -1.63785e-31)
(3.38241e-162 2.08819e-30 -2.00006e-31)
(1.22421e-155 2.52647e-30 -2.44261e-31)
(4.26128e-149 3.06175e-30 -2.9837e-31)
(1.42209e-142 3.71566e-30 -3.64614e-31)
(4.53397e-136 4.51487e-30 -4.45883e-31)
(1.37542e-129 5.4925e-30 -5.459e-31)
(3.95149e-123 6.69002e-30 -6.69559e-31)
(1.06925e-116 8.15991e-30 -8.23431e-31)
(2.70762e-110 9.96965e-30 -1.01653e-30)
(6.36692e-104 1.22074e-29 -1.26142e-30)
(1.37732e-97 1.49904e-29 -1.57541e-30)
(2.70934e-91 1.84761e-29 -1.98092e-30)
(4.77575e-85 2.28734e-29 -2.49987e-30)
(7.40083e-79 2.8439e-29 -3.1233e-30)
(9.82668e-73 3.53926e-29 -3.68524e-30)
(1.07811e-66 4.34929e-29 -3.41002e-30)
(9.25645e-61 5.0334e-29 4.69894e-31)
(5.69486e-55 4.5228e-29 1.44226e-29)
(2.15004e-49 -5.55535e-30 4.36633e-29)
(1.67042e-299 1.55941e-31 -5.8919e-34)
(9.30602e-293 1.59899e-31 -1.60041e-33)
(5.11414e-286 1.66633e-31 -2.47737e-33)
(2.77082e-279 1.76394e-31 -3.43354e-33)
(1.47915e-272 1.89492e-31 -4.50319e-33)
(7.77517e-266 2.06373e-31 -5.73025e-33)
(4.02164e-259 2.2764e-31 -7.16445e-33)
(2.04539e-252 2.54069e-31 -8.86401e-33)
(1.02209e-245 2.8665e-31 -1.08983e-32)
(5.01398e-239 3.26623e-31 -1.33505e-32)
(2.41246e-232 3.75529e-31 -1.63213e-32)
(1.13736e-225 4.3528e-31 -1.99326e-32)
(5.24853e-219 5.08228e-31 -2.4332e-32)
(2.36802e-212 5.97267e-31 -2.96993e-32)
(1.04328e-205 7.05946e-31 -3.62525e-32)
(4.48219e-199 8.38611e-31 -4.42564e-32)
(1.87505e-192 1.00057e-30 -5.40332e-32)
(7.62541e-186 1.19832e-30 -6.59751e-32)
(3.00925e-179 1.43979e-30 -8.05604e-32)
(1.1501e-172 1.73463e-30 -9.83731e-32)
(4.24754e-166 2.09467e-30 -1.20129e-31)
(1.51215e-159 2.53434e-30 -1.46711e-31)
(5.1749e-153 3.07133e-30 -1.79213e-31)
(1.69708e-146 3.72735e-30 -2.19006e-31)
(5.31438e-140 4.52919e-30 -2.67827e-31)
(1.58264e-133 5.51014e-30 -3.27916e-31)
(4.4611e-127 6.71186e-30 -4.02217e-31)
(1.18371e-120 8.18717e-30 -4.94685e-31)
(2.93744e-114 1.0004e-29 -6.10749e-31)
(6.76447e-108 1.22512e-29 -7.57956e-31)
(1.43196e-101 1.50469e-29 -9.4671e-31)
(2.75398e-95 1.85492e-29 -1.19035e-30)
(4.74076e-89 2.29661e-29 -1.5015e-30)
(7.16322e-83 2.85448e-29 -1.87266e-30)
(9.25077e-77 3.54627e-29 -2.19673e-30)
(9.82646e-71 4.33222e-29 -1.98738e-30)
(8.0856e-65 4.92496e-29 4.41851e-31)
(4.62803e-59 4.1848e-29 8.83824e-30)
(1.42359e-53 -7.43509e-30 2.41039e-29)
(1.36373e-303 1.56242e-31 -1.95477e-34)
(7.52456e-297 1.60166e-31 -5.32788e-34)
(4.09454e-290 1.66908e-31 -8.2637e-34)
(2.1961e-283 1.76684e-31 -1.14531e-33)
(1.16027e-276 1.89803e-31 -1.5021e-33)
(6.03461e-270 2.0671e-31 -1.91138e-33)
(3.08759e-263 2.2801e-31 -2.38976e-33)
(1.55294e-256 2.5448e-31 -2.95665e-33)
(7.67195e-250 2.87111e-31 -3.63519e-33)
(3.7197e-243 3.27144e-31 -4.45315e-33)
(1.76834e-236 3.76125e-31 -5.44408e-33)
(8.23473e-230 4.35967e-31 -6.64862e-33)
(3.75229e-223 5.09026e-31 -8.1161e-33)
(1.67112e-216 5.98201e-31 -9.90636e-33)
(7.26498e-210 7.07047e-31 -1.20921e-32)
(3.07883e-203 8.39914e-31 -1.47618e-32)
(1.27003e-196 1.00212e-30 -1.80229e-32)
(5.09096e-190 1.20018e-30 -2.20062e-32)
(1.97954e-183 1.44201e-30 -2.68712e-32)
(7.45136e-177 1.73732e-30 -3.28128e-32)
(2.70927e-170 2.09792e-30 -4.00698e-32)
(9.49149e-164 2.53828e-30 -4.89366e-32)
(3.19504e-157 3.07612e-30 -5.97784e-32)
(1.03017e-150 3.73319e-30 -7.30524e-32)
(3.1702e-144 4.53636e-30 -8.93386e-32)
(9.27311e-138 5.51896e-30 -1.09384e-31)
(2.56609e-131 6.72278e-30 -1.34173e-31)
(6.68073e-125 8.20081e-30 -1.65024e-31)
(1.62572e-118 1.00212e-29 -2.03751e-31)
(3.66895e-112 1.22732e-29 -2.52874e-31)
(7.60635e-106 1.50752e-29 -3.1586e-31)
(1.43157e-99 1.85858e-29 -3.97141e-31)
(2.40942e-93 2.30124e-29 -5.00833e-31)
(3.55543e-87 2.85972e-29 -6.24073e-31)
(4.47707e-81 3.54956e-29 -7.29881e-31)
(4.62557e-75 4.32296e-29 -6.52763e-31)
(3.68515e-69 4.86955e-29 1.75019e-31)
(2.02162e-63 4.01449e-29 3.08597e-30)
(5.78682e-58 -1.09211e-29 5.96504e-30)
(1.28881e-05 3.73898e-22 1.14481e-22)
(4.00032e-06 5.52433e-22 2.63389e-22)
(3.99958e-06 3.54456e-22 1.7064e-22)
(3.99888e-06 1.61145e-22 8.11302e-23)
(-4.89028e-06 -1.47779e-23 -2.26688e-23)
(4.98077e-11 2.21148e-23 -9.46323e-23)
(-1.51628e-11 3.3864e-23 -3.94109e-23)
(4.09525e-12 1.672e-23 -2.61839e-23)
(-1.51686e-11 6.48358e-24 -9.26198e-24)
(-3.0805e-12 1.51449e-24 -1.40724e-23)
(8.3664e-17 1.22947e-24 -5.38179e-24)
(-7.49851e-17 1.79135e-24 -2.19105e-24)
(2.857e-18 8.02684e-25 -1.23848e-24)
(-2.07363e-17 3.90764e-25 -8.32302e-25)
(2.35361e-17 1.50042e-25 -7.75378e-25)
(5.39814e-23 6.31416e-26 -2.89797e-25)
(-1.23507e-22 9.06984e-26 -1.14197e-25)
(5.73094e-23 4.08544e-26 -6.98379e-26)
(1.00956e-23 2.112e-26 -4.97518e-26)
(9.82277e-24 7.82698e-27 -3.76815e-26)
(-3.18602e-29 9.3076e-28 -1.33167e-26)
(-5.19442e-29 6.13334e-29 -5.62324e-27)
(1.32314e-28 -2.40432e-27 -3.51878e-27)
(-3.3491e-29 -3.36018e-27 -2.3971e-27)
(-1.16271e-29 -1.82501e-27 -5.23505e-28)
)
;

boundaryField
{
    fixedWallsLeftTop
    {
        type            noSlip;
    }
    backFaceLeftTop
    {
        type            noSlip;
    }
    frontFaceLeftTop
    {
        type            noSlip;
    }
    symmetryWallLeftTop
    {
        type            zeroGradient;
    }
    topToBottom
    {
        type            noSlip;
    }
    plug
    {
        type            cyclicAMI;
        value           nonuniform List<vector> 
40
(
(-3.8757e-30 -1.5729e-27 9.43783e-28)
(-3.8757e-30 -1.77866e-27 9.19894e-28)
(-3.8757e-30 -1.75213e-27 8.95976e-28)
(-3.87658e-30 9.68122e-27 1.99743e-27)
(-5.66781e-30 -1.08043e-27 1.057e-27)
(-3.87658e-30 -1.19058e-26 1.81526e-27)
(-3.8757e-30 -8.9158e-28 9.53996e-28)
(-3.8757e-30 -8.62575e-28 9.44777e-28)
(-1.11637e-29 -1.57033e-27 5.82051e-28)
(-1.11637e-29 -1.69194e-27 5.73401e-28)
(-1.11637e-29 -1.89654e-27 5.47425e-28)
(-1.11637e-29 -1.8788e-27 5.3394e-28)
(-1.11663e-29 9.57458e-27 1.58971e-27)
(-1.63257e-29 -1.58331e-27 2.3152e-28)
(-1.11663e-29 -1.21183e-26 1.48672e-27)
(-1.11637e-29 -1.0779e-27 5.85537e-28)
(4.41049e-29 -7.38865e-28 4.29844e-28)
(4.41048e-29 -9.42714e-28 4.39533e-28)
(4.41048e-29 -1.06758e-27 4.3333e-28)
(4.41048e-29 -1.27509e-27 4.16996e-28)
(4.41049e-29 -1.25876e-27 4.12096e-28)
(4.41155e-29 1.02047e-26 1.41831e-27)
(6.44985e-29 -9.65361e-28 -2.72567e-28)
(4.41154e-29 -1.1595e-26 1.40657e-27)
(-1.73148e-29 3.42227e-28 -1.30322e-28)
(-1.73147e-29 3.46933e-28 -1.23136e-28)
(-1.73147e-29 1.31233e-28 -1.11248e-28)
(-1.73147e-29 -2.10422e-30 -1.09748e-28)
(-1.73147e-29 -2.19736e-28 -1.1837e-28)
(-1.73147e-29 -2.09931e-28 -1.16885e-28)
(-1.73193e-29 1.12499e-26 8.3533e-28)
(-2.53211e-29 8.4434e-28 -1.34562e-27)
(-1.06224e-29 -9.67728e-27 -1.8067e-27)
(-1.06201e-29 7.17408e-28 -2.74753e-27)
(-1.06201e-29 6.79448e-28 -2.7419e-27)
(-1.06201e-29 4.27062e-28 -2.72728e-27)
(-1.06201e-29 2.57222e-28 -2.72522e-27)
(-1.06201e-29 4.36136e-29 -2.73328e-27)
(-1.06201e-29 -5.45912e-29 -2.74211e-27)
(-1.06214e-29 5.58967e-27 -2.32274e-27)
)
;
    }
    fixedWallsChannel
    {
        type            noSlip;
    }
    inlet
    {
        type            fixedValue;
        value           uniform (1 0 0);
    }
    outlet
    {
        type            cyclicAMI;
        value           nonuniform List<vector> 5((-4.15674e-30 -1.26347e-27 1.18616e-27) (-1.19732e-29 -1.53223e-27 7.46913e-28) (4.73032e-29 -9.5522e-28 5.54424e-28) (-1.85699e-29 1.53441e-27 -1.95729e-28) (-1.06205e-29 -2.52182e-28 -2.56834e-27));
    }
    backFaceInletChannel
    {
        type            noSlip;
    }
    frontFaceInletChannel
    {
        type            noSlip;
    }
}


// ************************************************************************* //
