(0 "FOAM to Fluent data File")

(33 (400 2520 882))
(300 (1 1 1 0 0 1 400)(
0
0
0
0
0
0
0
0
0
0
0
0
0
0
0
0
0
0
0
0
0
0
0
0
0
0
0
0
0
0
0
0
0
0
0
0
0
0
0
0
0
0
0
0
0
0
0
0
0
0
0
0
0
0
0
0
0
0
0
0
0
0
0
0
0
0
0
0
0
0
0
0
0
0
0
0
0
0
0
0
0
0
0
0
0
0
0
0
0
0
0
0
0
0
0
0
0
0
0
0
0
0
0
0
0
0
0
0
0
0
0
0
0
0
0
0
0
0
0
0
0
0
0
0
0
0
0
0
0
0
0
0
0
0
0
0
0
0
0
0
0
0
0
0
0
0
0
0
0
0
0
0
0
0
0
0
0
0
0
0
0
0
0
0
0
0
0
0
0
0
0
0
0
0
0
0
0
0
0
0
0
0
0
0
0
0
0
0
0
0
0
0
0
0
0
0
0
0
0
0
0
0
0
0
0
0
0
0
0
0
0
0
0
0
0
0
0
0
0
0
0
0
0
0
0
0
0
0
0
0
0
0
0
0
0
0
0
0
0
0
0
0
0
0
0
0
0
0
0
0
0
0
0
0
0
0
0
0
0
0
0
0
0
0
0
0
0
0
0
0
0
0
0
0
0
0
0
0
0
0
0
0
0
0
0
0
0
0
0
0
0
0
0
0
0
0
0
0
0
0
0
0
0
0
0
0
0
0
0
0
0
0
0
0
0
0
0
0
0
0
0
0
0
0
0
0
0
0
0
0
0
0
0
0
0
0
0
0
0
0
0
0
0
0
0
0
0
0
0
0
0
0
0
0
0
0
0
0
0
0
0
0
0
0
0
0
0
0
0
0
0
0
0
0
0
0
0
0
0
0
0
0
0
0
0
0
0
0
0
0
0
0
0
0
0
0
0
0
0
0
))
(300 (1 10 1 0 0 401 800)(
0
0
0
0
0
0
0
0
0
0
0
0
0
0
0
0
0
0
0
0
0
0
0
0
0
0
0
0
0
0
0
0
0
0
0
0
0
0
0
0
0
0
0
0
0
0
0
0
0
0
0
0
0
0
0
0
0
0
0
0
0
0
0
0
0
0
0
0
0
0
0
0
0
0
0
0
0
0
0
0
0
0
0
0
0
0
0
0
0
0
0
0
0
0
0
0
0
0
0
0
0
0
0
0
0
0
0
0
0
0
0
0
0
0
0
0
0
0
0
0
0
0
0
0
0
0
0
0
0
0
0
0
0
0
0
0
0
0
0
0
0
0
0
0
0
0
0
0
0
0
0
0
0
0
0
0
0
0
0
0
0
0
0
0
0
0
0
0
0
0
0
0
0
0
0
0
0
0
0
0
0
0
0
0
0
0
0
0
0
0
0
0
0
0
0
0
0
0
0
0
0
0
0
0
0
0
0
0
0
0
0
0
0
0
0
0
0
0
0
0
0
0
0
0
0
0
0
0
0
0
0
0
0
0
0
0
0
0
0
0
0
0
0
0
0
0
0
0
0
0
0
0
0
0
0
0
0
0
0
0
0
0
0
0
0
0
0
0
0
0
0
0
0
0
0
0
0
0
0
0
0
0
0
0
0
0
0
0
0
0
0
0
0
0
0
0
0
0
0
0
0
0
0
0
0
0
0
0
0
0
0
0
0
0
0
0
0
0
0
0
0
0
0
0
0
0
0
0
0
0
0
0
0
0
0
0
0
0
0
0
0
0
0
0
0
0
0
0
0
0
0
0
0
0
0
0
0
0
0
0
0
0
0
0
0
0
0
0
0
0
0
0
0
0
0
0
0
0
0
0
0
0
0
0
0
0
0
0
0
0
0
0
0
0
0
0
0
0
0
0
))
(300 (1 11 1 0 0 401 800)(
0
0
0
0
0
0
0
0
0
0
0
0
0
0
0
0
0
0
0
0
0
0
0
0
0
0
0
0
0
0
0
0
0
0
0
0
0
0
0
0
0
0
0
0
0
0
0
0
0
0
0
0
0
0
0
0
0
0
0
0
0
0
0
0
0
0
0
0
0
0
0
0
0
0
0
0
0
0
0
0
0
0
0
0
0
0
0
0
0
0
0
0
0
0
0
0
0
0
0
0
0
0
0
0
0
0
0
0
0
0
0
0
0
0
0
0
0
0
0
0
0
0
0
0
0
0
0
0
0
0
0
0
0
0
0
0
0
0
0
0
0
0
0
0
0
0
0
0
0
0
0
0
0
0
0
0
0
0
0
0
0
0
0
0
0
0
0
0
0
0
0
0
0
0
0
0
0
0
0
0
0
0
0
0
0
0
0
0
0
0
0
0
0
0
0
0
0
0
0
0
0
0
0
0
0
0
0
0
0
0
0
0
0
0
0
0
0
0
0
0
0
0
0
0
0
0
0
0
0
0
0
0
0
0
0
0
0
0
0
0
0
0
0
0
0
0
0
0
0
0
0
0
0
0
0
0
0
0
0
0
0
0
0
0
0
0
0
0
0
0
0
0
0
0
0
0
0
0
0
0
0
0
0
0
0
0
0
0
0
0
0
0
0
0
0
0
0
0
0
0
0
0
0
0
0
0
0
0
0
0
0
0
0
0
0
0
0
0
0
0
0
0
0
0
0
0
0
0
0
0
0
0
0
0
0
0
0
0
0
0
0
0
0
0
0
0
0
0
0
0
0
0
0
0
0
0
0
0
0
0
0
0
0
0
0
0
0
0
0
0
0
0
0
0
0
0
0
0
0
0
0
0
0
0
0
0
0
0
0
0
0
0
0
0
0
0
0
0
0
0
))
(300 (1 12 1 0 0 401 440)(
0
0
0
0
0
0
0
0
0
0
0
0
0
0
0
0
0
0
0
0
0
0
0
0
0
0
0
0
0
0
0
0
0
0
0
0
0
0
0
0
))
(300 (1 13 1 0 0 401 420)(
0
0
0
0
0
0
0
0
0
0
0
0
0
0
0
0
0
0
0
0
))
(300 (1 14 1 0 0 401 420)(
0
0
0
0
0
0
0
0
0
0
0
0
0
0
0
0
0
0
0
0
))
(300 (2 1 3 0 0 1 400)(
0.00159614 0 0 
6.42091e-07 0 0 
1.73314e-10 0 0 
3.53063e-14 0 0 
5.78947e-18 0 0 
7.95972e-22 0 0 
9.43718e-26 0 0 
9.84938e-30 0 0 
9.1922e-34 0 0 
7.76699e-38 0 0 
6.00147e-42 0 0 
4.27585e-46 0 0 
2.82852e-50 0 0 
1.74755e-54 0 0 
1.01354e-58 0 0 
5.5426e-63 0 0 
2.86901e-67 0 0 
1.41055e-71 0 0 
6.60708e-76 0 0 
2.9567e-80 0 0 
0.00159743 0 0 
6.42784e-07 0 0 
1.73526e-10 0 0 
3.53526e-14 0 0 
5.79743e-18 0 0 
7.97104e-22 0 0 
9.45097e-26 0 0 
9.86408e-30 0 0 
9.20618e-34 0 0 
7.77899e-38 0 0 
6.01088e-42 0 0 
4.28264e-46 0 0 
2.83306e-50 0 0 
1.75039e-54 0 0 
1.0152e-58 0 0 
5.55178e-63 0 0 
2.8738e-67 0 0 
1.41293e-71 0 0 
6.61832e-76 0 0 
2.96177e-80 0 0 
0.00159743 0 0 
6.42784e-07 0 0 
1.73526e-10 0 0 
3.53526e-14 0 0 
5.79743e-18 0 0 
7.97105e-22 0 0 
9.45098e-26 0 0 
9.86409e-30 0 0 
9.20618e-34 0 0 
7.779e-38 0 0 
6.01088e-42 0 0 
4.28264e-46 0 0 
2.83307e-50 0 0 
1.75039e-54 0 0 
1.0152e-58 0 0 
5.55178e-63 0 0 
2.87381e-67 0 0 
1.41293e-71 0 0 
6.61832e-76 0 0 
2.96177e-80 0 0 
0.00159743 0 0 
6.42784e-07 0 0 
1.73526e-10 0 0 
3.53526e-14 0 0 
5.79743e-18 0 0 
7.97105e-22 0 0 
9.45098e-26 0 0 
9.86409e-30 0 0 
9.20618e-34 0 0 
7.779e-38 0 0 
6.01088e-42 0 0 
4.28264e-46 0 0 
2.83307e-50 0 0 
1.75039e-54 0 0 
1.0152e-58 0 0 
5.55178e-63 0 0 
2.87381e-67 0 0 
1.41293e-71 0 0 
6.61832e-76 0 0 
2.96177e-80 0 0 
0.00159743 0 0 
6.42784e-07 0 0 
1.73526e-10 0 0 
3.53526e-14 0 0 
5.79743e-18 0 0 
7.97105e-22 0 0 
9.45098e-26 0 0 
9.86409e-30 0 0 
9.20618e-34 0 0 
7.779e-38 0 0 
6.01088e-42 0 0 
4.28264e-46 0 0 
2.83307e-50 0 0 
1.75039e-54 0 0 
1.0152e-58 0 0 
5.55178e-63 0 0 
2.87381e-67 0 0 
1.41293e-71 0 0 
6.61832e-76 0 0 
2.96177e-80 0 0 
0.00159743 0 0 
6.42784e-07 0 0 
1.73526e-10 0 0 
3.53526e-14 0 0 
5.79743e-18 0 0 
7.97105e-22 0 0 
9.45098e-26 0 0 
9.86409e-30 0 0 
9.20618e-34 0 0 
7.779e-38 0 0 
6.01088e-42 0 0 
4.28264e-46 0 0 
2.83307e-50 0 0 
1.75039e-54 0 0 
1.0152e-58 0 0 
5.55178e-63 0 0 
2.87381e-67 0 0 
1.41293e-71 0 0 
6.61832e-76 0 0 
2.96177e-80 0 0 
0.00159743 0 0 
6.42784e-07 0 0 
1.73526e-10 0 0 
3.53526e-14 0 0 
5.79743e-18 0 0 
7.97105e-22 0 0 
9.45098e-26 0 0 
9.86409e-30 0 0 
9.20618e-34 0 0 
7.779e-38 0 0 
6.01088e-42 0 0 
4.28264e-46 0 0 
2.83307e-50 0 0 
1.75039e-54 0 0 
1.0152e-58 0 0 
5.55178e-63 0 0 
2.87381e-67 0 0 
1.41293e-71 0 0 
6.61832e-76 0 0 
2.96177e-80 0 0 
0.00159743 0 0 
6.42784e-07 0 0 
1.73526e-10 0 0 
3.53526e-14 0 0 
5.79743e-18 0 0 
7.97105e-22 0 0 
9.45098e-26 0 0 
9.86409e-30 0 0 
9.20618e-34 0 0 
7.779e-38 0 0 
6.01088e-42 0 0 
4.28264e-46 0 0 
2.83307e-50 0 0 
1.75039e-54 0 0 
1.0152e-58 0 0 
5.55178e-63 0 0 
2.87381e-67 0 0 
1.41293e-71 0 0 
6.61832e-76 0 0 
2.96177e-80 0 0 
0.00159743 0 0 
6.42784e-07 0 0 
1.73526e-10 0 0 
3.53526e-14 0 0 
5.79743e-18 0 0 
7.97105e-22 0 0 
9.45098e-26 0 0 
9.86409e-30 0 0 
9.20618e-34 0 0 
7.779e-38 0 0 
6.01088e-42 0 0 
4.28264e-46 0 0 
2.83307e-50 0 0 
1.75039e-54 0 0 
1.0152e-58 0 0 
5.55178e-63 0 0 
2.87381e-67 0 0 
1.41293e-71 0 0 
6.61832e-76 0 0 
2.96177e-80 0 0 
0.00159743 0 0 
6.42784e-07 0 0 
1.73526e-10 0 0 
3.53526e-14 0 0 
5.79743e-18 0 0 
7.97105e-22 0 0 
9.45098e-26 0 0 
9.86409e-30 0 0 
9.20618e-34 0 0 
7.779e-38 0 0 
6.01088e-42 0 0 
4.28264e-46 0 0 
2.83307e-50 0 0 
1.75039e-54 0 0 
1.0152e-58 0 0 
5.55178e-63 0 0 
2.87381e-67 0 0 
1.41293e-71 0 0 
6.61832e-76 0 0 
2.96177e-80 0 0 
0.00159743 0 0 
6.42784e-07 0 0 
1.73526e-10 0 0 
3.53526e-14 0 0 
5.79743e-18 0 0 
7.97105e-22 0 0 
9.45098e-26 0 0 
9.86409e-30 0 0 
9.20618e-34 0 0 
7.779e-38 0 0 
6.01088e-42 0 0 
4.28264e-46 0 0 
2.83307e-50 0 0 
1.75039e-54 0 0 
1.0152e-58 0 0 
5.55178e-63 0 0 
2.87381e-67 0 0 
1.41293e-71 0 0 
6.61832e-76 0 0 
2.96177e-80 0 0 
0.00159743 0 0 
6.42784e-07 0 0 
1.73526e-10 0 0 
3.53526e-14 0 0 
5.79743e-18 0 0 
7.97105e-22 0 0 
9.45098e-26 0 0 
9.86409e-30 0 0 
9.20618e-34 0 0 
7.779e-38 0 0 
6.01088e-42 0 0 
4.28264e-46 0 0 
2.83307e-50 0 0 
1.75039e-54 0 0 
1.0152e-58 0 0 
5.55178e-63 0 0 
2.87381e-67 0 0 
1.41293e-71 0 0 
6.61832e-76 0 0 
2.96177e-80 0 0 
0.00159743 0 0 
6.42784e-07 0 0 
1.73526e-10 0 0 
3.53526e-14 0 0 
5.79743e-18 0 0 
7.97105e-22 0 0 
9.45098e-26 0 0 
9.86409e-30 0 0 
9.20618e-34 0 0 
7.779e-38 0 0 
6.01088e-42 0 0 
4.28264e-46 0 0 
2.83307e-50 0 0 
1.75039e-54 0 0 
1.0152e-58 0 0 
5.55178e-63 0 0 
2.87381e-67 0 0 
1.41293e-71 0 0 
6.61832e-76 0 0 
2.96177e-80 0 0 
0.00159743 0 0 
6.42784e-07 0 0 
1.73526e-10 0 0 
3.53526e-14 0 0 
5.79743e-18 0 0 
7.97105e-22 0 0 
9.45098e-26 0 0 
9.86409e-30 0 0 
9.20618e-34 0 0 
7.779e-38 0 0 
6.01088e-42 0 0 
4.28264e-46 0 0 
2.83307e-50 0 0 
1.75039e-54 0 0 
1.0152e-58 0 0 
5.55178e-63 0 0 
2.87381e-67 0 0 
1.41293e-71 0 0 
6.61832e-76 0 0 
2.96177e-80 0 0 
0.00159743 0 0 
6.42784e-07 0 0 
1.73526e-10 0 0 
3.53526e-14 0 0 
5.79743e-18 0 0 
7.97105e-22 0 0 
9.45098e-26 0 0 
9.86409e-30 0 0 
9.20618e-34 0 0 
7.779e-38 0 0 
6.01088e-42 0 0 
4.28264e-46 0 0 
2.83307e-50 0 0 
1.75039e-54 0 0 
1.0152e-58 0 0 
5.55178e-63 0 0 
2.87381e-67 0 0 
1.41293e-71 0 0 
6.61832e-76 0 0 
2.96177e-80 0 0 
0.00159743 0 0 
6.42784e-07 0 0 
1.73526e-10 0 0 
3.53526e-14 0 0 
5.79743e-18 0 0 
7.97105e-22 0 0 
9.45098e-26 0 0 
9.86409e-30 0 0 
9.20618e-34 0 0 
7.779e-38 0 0 
6.01088e-42 0 0 
4.28264e-46 0 0 
2.83307e-50 0 0 
1.75039e-54 0 0 
1.0152e-58 0 0 
5.55178e-63 0 0 
2.87381e-67 0 0 
1.41293e-71 0 0 
6.61832e-76 0 0 
2.96177e-80 0 0 
0.00159743 0 0 
6.42784e-07 0 0 
1.73526e-10 0 0 
3.53526e-14 0 0 
5.79743e-18 0 0 
7.97105e-22 0 0 
9.45098e-26 0 0 
9.86409e-30 0 0 
9.20618e-34 0 0 
7.779e-38 0 0 
6.01088e-42 0 0 
4.28264e-46 0 0 
2.83307e-50 0 0 
1.75039e-54 0 0 
1.0152e-58 0 0 
5.55178e-63 0 0 
2.87381e-67 0 0 
1.41293e-71 0 0 
6.61832e-76 0 0 
2.96177e-80 0 0 
0.00159743 0 0 
6.42784e-07 0 0 
1.73526e-10 0 0 
3.53526e-14 0 0 
5.79743e-18 0 0 
7.97105e-22 0 0 
9.45098e-26 0 0 
9.86409e-30 0 0 
9.20618e-34 0 0 
7.779e-38 0 0 
6.01088e-42 0 0 
4.28264e-46 0 0 
2.83307e-50 0 0 
1.75039e-54 0 0 
1.0152e-58 0 0 
5.55178e-63 0 0 
2.87381e-67 0 0 
1.41293e-71 0 0 
6.61832e-76 0 0 
2.96177e-80 0 0 
0.00159743 0 0 
6.42784e-07 0 0 
1.73526e-10 0 0 
3.53526e-14 0 0 
5.79743e-18 0 0 
7.97104e-22 0 0 
9.45097e-26 0 0 
9.86408e-30 0 0 
9.20618e-34 0 0 
7.77899e-38 0 0 
6.01088e-42 0 0 
4.28264e-46 0 0 
2.83306e-50 0 0 
1.75039e-54 0 0 
1.0152e-58 0 0 
5.55178e-63 0 0 
2.8738e-67 0 0 
1.41293e-71 0 0 
6.61832e-76 0 0 
2.96177e-80 0 0 
0.00159614 0 0 
6.42091e-07 0 0 
1.73314e-10 0 0 
3.53063e-14 0 0 
5.78947e-18 0 0 
7.95972e-22 0 0 
9.43718e-26 0 0 
9.84938e-30 0 0 
9.1922e-34 0 0 
7.76699e-38 0 0 
6.00147e-42 0 0 
4.27585e-46 0 0 
2.82852e-50 0 0 
1.74755e-54 0 0 
1.01354e-58 0 0 
5.5426e-63 0 0 
2.86901e-67 0 0 
1.41055e-71 0 0 
6.60708e-76 0 0 
2.9567e-80 0 0 
))
(300 (2 10 3 0 0 401 800)(
0 0 0 
0 0 0 
0 0 0 
0 0 0 
0 0 0 
0 0 0 
0 0 0 
0 0 0 
0 0 0 
0 0 0 
0 0 0 
0 0 0 
0 0 0 
0 0 0 
0 0 0 
0 0 0 
0 0 0 
0 0 0 
0 0 0 
0 0 0 
0 0 0 
0 0 0 
0 0 0 
0 0 0 
0 0 0 
0 0 0 
0 0 0 
0 0 0 
0 0 0 
0 0 0 
0 0 0 
0 0 0 
0 0 0 
0 0 0 
0 0 0 
0 0 0 
0 0 0 
0 0 0 
0 0 0 
0 0 0 
0 0 0 
0 0 0 
0 0 0 
0 0 0 
0 0 0 
0 0 0 
0 0 0 
0 0 0 
0 0 0 
0 0 0 
0 0 0 
0 0 0 
0 0 0 
0 0 0 
0 0 0 
0 0 0 
0 0 0 
0 0 0 
0 0 0 
0 0 0 
0 0 0 
0 0 0 
0 0 0 
0 0 0 
0 0 0 
0 0 0 
0 0 0 
0 0 0 
0 0 0 
0 0 0 
0 0 0 
0 0 0 
0 0 0 
0 0 0 
0 0 0 
0 0 0 
0 0 0 
0 0 0 
0 0 0 
0 0 0 
0 0 0 
0 0 0 
0 0 0 
0 0 0 
0 0 0 
0 0 0 
0 0 0 
0 0 0 
0 0 0 
0 0 0 
0 0 0 
0 0 0 
0 0 0 
0 0 0 
0 0 0 
0 0 0 
0 0 0 
0 0 0 
0 0 0 
0 0 0 
0 0 0 
0 0 0 
0 0 0 
0 0 0 
0 0 0 
0 0 0 
0 0 0 
0 0 0 
0 0 0 
0 0 0 
0 0 0 
0 0 0 
0 0 0 
0 0 0 
0 0 0 
0 0 0 
0 0 0 
0 0 0 
0 0 0 
0 0 0 
0 0 0 
0 0 0 
0 0 0 
0 0 0 
0 0 0 
0 0 0 
0 0 0 
0 0 0 
0 0 0 
0 0 0 
0 0 0 
0 0 0 
0 0 0 
0 0 0 
0 0 0 
0 0 0 
0 0 0 
0 0 0 
0 0 0 
0 0 0 
0 0 0 
0 0 0 
0 0 0 
0 0 0 
0 0 0 
0 0 0 
0 0 0 
0 0 0 
0 0 0 
0 0 0 
0 0 0 
0 0 0 
0 0 0 
0 0 0 
0 0 0 
0 0 0 
0 0 0 
0 0 0 
0 0 0 
0 0 0 
0 0 0 
0 0 0 
0 0 0 
0 0 0 
0 0 0 
0 0 0 
0 0 0 
0 0 0 
0 0 0 
0 0 0 
0 0 0 
0 0 0 
0 0 0 
0 0 0 
0 0 0 
0 0 0 
0 0 0 
0 0 0 
0 0 0 
0 0 0 
0 0 0 
0 0 0 
0 0 0 
0 0 0 
0 0 0 
0 0 0 
0 0 0 
0 0 0 
0 0 0 
0 0 0 
0 0 0 
0 0 0 
0 0 0 
0 0 0 
0 0 0 
0 0 0 
0 0 0 
0 0 0 
0 0 0 
0 0 0 
0 0 0 
0 0 0 
0 0 0 
0 0 0 
0 0 0 
0 0 0 
0 0 0 
0 0 0 
0 0 0 
0 0 0 
0 0 0 
0 0 0 
0 0 0 
0 0 0 
0 0 0 
0 0 0 
0 0 0 
0 0 0 
0 0 0 
0 0 0 
0 0 0 
0 0 0 
0 0 0 
0 0 0 
0 0 0 
0 0 0 
0 0 0 
0 0 0 
0 0 0 
0 0 0 
0 0 0 
0 0 0 
0 0 0 
0 0 0 
0 0 0 
0 0 0 
0 0 0 
0 0 0 
0 0 0 
0 0 0 
0 0 0 
0 0 0 
0 0 0 
0 0 0 
0 0 0 
0 0 0 
0 0 0 
0 0 0 
0 0 0 
0 0 0 
0 0 0 
0 0 0 
0 0 0 
0 0 0 
0 0 0 
0 0 0 
0 0 0 
0 0 0 
0 0 0 
0 0 0 
0 0 0 
0 0 0 
0 0 0 
0 0 0 
0 0 0 
0 0 0 
0 0 0 
0 0 0 
0 0 0 
0 0 0 
0 0 0 
0 0 0 
0 0 0 
0 0 0 
0 0 0 
0 0 0 
0 0 0 
0 0 0 
0 0 0 
0 0 0 
0 0 0 
0 0 0 
0 0 0 
0 0 0 
0 0 0 
0 0 0 
0 0 0 
0 0 0 
0 0 0 
0 0 0 
0 0 0 
0 0 0 
0 0 0 
0 0 0 
0 0 0 
0 0 0 
0 0 0 
0 0 0 
0 0 0 
0 0 0 
0 0 0 
0 0 0 
0 0 0 
0 0 0 
0 0 0 
0 0 0 
0 0 0 
0 0 0 
0 0 0 
0 0 0 
0 0 0 
0 0 0 
0 0 0 
0 0 0 
0 0 0 
0 0 0 
0 0 0 
0 0 0 
0 0 0 
0 0 0 
0 0 0 
0 0 0 
0 0 0 
0 0 0 
0 0 0 
0 0 0 
0 0 0 
0 0 0 
0 0 0 
0 0 0 
0 0 0 
0 0 0 
0 0 0 
0 0 0 
0 0 0 
0 0 0 
0 0 0 
0 0 0 
0 0 0 
0 0 0 
0 0 0 
0 0 0 
0 0 0 
0 0 0 
0 0 0 
0 0 0 
0 0 0 
0 0 0 
0 0 0 
0 0 0 
0 0 0 
0 0 0 
0 0 0 
0 0 0 
0 0 0 
0 0 0 
0 0 0 
0 0 0 
0 0 0 
0 0 0 
0 0 0 
0 0 0 
0 0 0 
0 0 0 
0 0 0 
0 0 0 
0 0 0 
0 0 0 
0 0 0 
0 0 0 
0 0 0 
0 0 0 
0 0 0 
0 0 0 
0 0 0 
0 0 0 
0 0 0 
0 0 0 
0 0 0 
0 0 0 
0 0 0 
0 0 0 
0 0 0 
0 0 0 
0 0 0 
0 0 0 
0 0 0 
0 0 0 
0 0 0 
0 0 0 
0 0 0 
0 0 0 
0 0 0 
0 0 0 
0 0 0 
0 0 0 
0 0 0 
0 0 0 
0 0 0 
0 0 0 
))
(300 (2 11 3 0 0 801 1200)(
0 0 0 
0 0 0 
0 0 0 
0 0 0 
0 0 0 
0 0 0 
0 0 0 
0 0 0 
0 0 0 
0 0 0 
0 0 0 
0 0 0 
0 0 0 
0 0 0 
0 0 0 
0 0 0 
0 0 0 
0 0 0 
0 0 0 
0 0 0 
0 0 0 
0 0 0 
0 0 0 
0 0 0 
0 0 0 
0 0 0 
0 0 0 
0 0 0 
0 0 0 
0 0 0 
0 0 0 
0 0 0 
0 0 0 
0 0 0 
0 0 0 
0 0 0 
0 0 0 
0 0 0 
0 0 0 
0 0 0 
0 0 0 
0 0 0 
0 0 0 
0 0 0 
0 0 0 
0 0 0 
0 0 0 
0 0 0 
0 0 0 
0 0 0 
0 0 0 
0 0 0 
0 0 0 
0 0 0 
0 0 0 
0 0 0 
0 0 0 
0 0 0 
0 0 0 
0 0 0 
0 0 0 
0 0 0 
0 0 0 
0 0 0 
0 0 0 
0 0 0 
0 0 0 
0 0 0 
0 0 0 
0 0 0 
0 0 0 
0 0 0 
0 0 0 
0 0 0 
0 0 0 
0 0 0 
0 0 0 
0 0 0 
0 0 0 
0 0 0 
0 0 0 
0 0 0 
0 0 0 
0 0 0 
0 0 0 
0 0 0 
0 0 0 
0 0 0 
0 0 0 
0 0 0 
0 0 0 
0 0 0 
0 0 0 
0 0 0 
0 0 0 
0 0 0 
0 0 0 
0 0 0 
0 0 0 
0 0 0 
0 0 0 
0 0 0 
0 0 0 
0 0 0 
0 0 0 
0 0 0 
0 0 0 
0 0 0 
0 0 0 
0 0 0 
0 0 0 
0 0 0 
0 0 0 
0 0 0 
0 0 0 
0 0 0 
0 0 0 
0 0 0 
0 0 0 
0 0 0 
0 0 0 
0 0 0 
0 0 0 
0 0 0 
0 0 0 
0 0 0 
0 0 0 
0 0 0 
0 0 0 
0 0 0 
0 0 0 
0 0 0 
0 0 0 
0 0 0 
0 0 0 
0 0 0 
0 0 0 
0 0 0 
0 0 0 
0 0 0 
0 0 0 
0 0 0 
0 0 0 
0 0 0 
0 0 0 
0 0 0 
0 0 0 
0 0 0 
0 0 0 
0 0 0 
0 0 0 
0 0 0 
0 0 0 
0 0 0 
0 0 0 
0 0 0 
0 0 0 
0 0 0 
0 0 0 
0 0 0 
0 0 0 
0 0 0 
0 0 0 
0 0 0 
0 0 0 
0 0 0 
0 0 0 
0 0 0 
0 0 0 
0 0 0 
0 0 0 
0 0 0 
0 0 0 
0 0 0 
0 0 0 
0 0 0 
0 0 0 
0 0 0 
0 0 0 
0 0 0 
0 0 0 
0 0 0 
0 0 0 
0 0 0 
0 0 0 
0 0 0 
0 0 0 
0 0 0 
0 0 0 
0 0 0 
0 0 0 
0 0 0 
0 0 0 
0 0 0 
0 0 0 
0 0 0 
0 0 0 
0 0 0 
0 0 0 
0 0 0 
0 0 0 
0 0 0 
0 0 0 
0 0 0 
0 0 0 
0 0 0 
0 0 0 
0 0 0 
0 0 0 
0 0 0 
0 0 0 
0 0 0 
0 0 0 
0 0 0 
0 0 0 
0 0 0 
0 0 0 
0 0 0 
0 0 0 
0 0 0 
0 0 0 
0 0 0 
0 0 0 
0 0 0 
0 0 0 
0 0 0 
0 0 0 
0 0 0 
0 0 0 
0 0 0 
0 0 0 
0 0 0 
0 0 0 
0 0 0 
0 0 0 
0 0 0 
0 0 0 
0 0 0 
0 0 0 
0 0 0 
0 0 0 
0 0 0 
0 0 0 
0 0 0 
0 0 0 
0 0 0 
0 0 0 
0 0 0 
0 0 0 
0 0 0 
0 0 0 
0 0 0 
0 0 0 
0 0 0 
0 0 0 
0 0 0 
0 0 0 
0 0 0 
0 0 0 
0 0 0 
0 0 0 
0 0 0 
0 0 0 
0 0 0 
0 0 0 
0 0 0 
0 0 0 
0 0 0 
0 0 0 
0 0 0 
0 0 0 
0 0 0 
0 0 0 
0 0 0 
0 0 0 
0 0 0 
0 0 0 
0 0 0 
0 0 0 
0 0 0 
0 0 0 
0 0 0 
0 0 0 
0 0 0 
0 0 0 
0 0 0 
0 0 0 
0 0 0 
0 0 0 
0 0 0 
0 0 0 
0 0 0 
0 0 0 
0 0 0 
0 0 0 
0 0 0 
0 0 0 
0 0 0 
0 0 0 
0 0 0 
0 0 0 
0 0 0 
0 0 0 
0 0 0 
0 0 0 
0 0 0 
0 0 0 
0 0 0 
0 0 0 
0 0 0 
0 0 0 
0 0 0 
0 0 0 
0 0 0 
0 0 0 
0 0 0 
0 0 0 
0 0 0 
0 0 0 
0 0 0 
0 0 0 
0 0 0 
0 0 0 
0 0 0 
0 0 0 
0 0 0 
0 0 0 
0 0 0 
0 0 0 
0 0 0 
0 0 0 
0 0 0 
0 0 0 
0 0 0 
0 0 0 
0 0 0 
0 0 0 
0 0 0 
0 0 0 
0 0 0 
0 0 0 
0 0 0 
0 0 0 
0 0 0 
0 0 0 
0 0 0 
0 0 0 
0 0 0 
0 0 0 
0 0 0 
0 0 0 
0 0 0 
0 0 0 
0 0 0 
0 0 0 
0 0 0 
0 0 0 
0 0 0 
0 0 0 
0 0 0 
0 0 0 
0 0 0 
0 0 0 
0 0 0 
0 0 0 
0 0 0 
0 0 0 
0 0 0 
0 0 0 
0 0 0 
0 0 0 
0 0 0 
0 0 0 
0 0 0 
0 0 0 
0 0 0 
0 0 0 
0 0 0 
0 0 0 
0 0 0 
0 0 0 
0 0 0 
0 0 0 
0 0 0 
0 0 0 
0 0 0 
0 0 0 
0 0 0 
0 0 0 
0 0 0 
0 0 0 
0 0 0 
0 0 0 
0 0 0 
0 0 0 
0 0 0 
0 0 0 
0 0 0 
0 0 0 
0 0 0 
))
(300 (2 12 3 0 0 1201 1240)(
0 0 0 
0 0 0 
0 0 0 
0 0 0 
0 0 0 
0 0 0 
0 0 0 
0 0 0 
0 0 0 
0 0 0 
0 0 0 
0 0 0 
0 0 0 
0 0 0 
0 0 0 
0 0 0 
0 0 0 
0 0 0 
0 0 0 
0 0 0 
0 0 0 
0 0 0 
0 0 0 
0 0 0 
0 0 0 
0 0 0 
0 0 0 
0 0 0 
0 0 0 
0 0 0 
0 0 0 
0 0 0 
0 0 0 
0 0 0 
0 0 0 
0 0 0 
0 0 0 
0 0 0 
0 0 0 
0 0 0 
))
(300 (2 13 3 0 0 1241 1260)(
2.9567e-80 0 0 
2.96177e-80 0 0 
2.96177e-80 0 0 
2.96177e-80 0 0 
2.96177e-80 0 0 
2.96177e-80 0 0 
2.96177e-80 0 0 
2.96177e-80 0 0 
2.96177e-80 0 0 
2.96177e-80 0 0 
2.96177e-80 0 0 
2.96177e-80 0 0 
2.96177e-80 0 0 
2.96177e-80 0 0 
2.96177e-80 0 0 
2.96177e-80 0 0 
2.96177e-80 0 0 
2.96177e-80 0 0 
2.96177e-80 0 0 
2.9567e-80 0 0 
))
(300 (2 14 3 0 0 1261 1280)(
1 0 0 
1 0 0 
1 0 0 
1 0 0 
1 0 0 
1 0 0 
1 0 0 
1 0 0 
1 0 0 
1 0 0 
1 0 0 
1 0 0 
1 0 0 
1 0 0 
1 0 0 
1 0 0 
1 0 0 
1 0 0 
1 0 0 
1 0 0 
))
