(0 "FOAM to Fluent data File")

(33 (400 2520 882))
(300 (1 1 1 0 0 1 400)(
0
0
0
0
0
0
0
0
0
0
0
0
0
0
0
0
0
0
0
0
0
0
0
0
0
0
0
0
0
0
0
0
0
0
0
0
0
0
0
0
0
0
0
0
0
0
0
0
0
0
0
0
0
0
0
0
0
0
0
0
0
0
0
0
0
0
0
0
0
0
0
0
0
0
0
0
0
0
0
0
0
0
0
0
0
0
0
0
0
0
0
0
0
0
0
0
0
0
0
0
0
0
0
0
0
0
0
0
0
0
0
0
0
0
0
0
0
0
0
0
0
0
0
0
0
0
0
0
0
0
0
0
0
0
0
0
0
0
0
0
0
0
0
0
0
0
0
0
0
0
0
0
0
0
0
0
0
0
0
0
0
0
0
0
0
0
0
0
0
0
0
0
0
0
0
0
0
0
0
0
0
0
0
0
0
0
0
0
0
0
0
0
0
0
0
0
0
0
0
0
0
0
0
0
0
0
0
0
0
0
0
0
0
0
0
0
0
0
0
0
0
0
0
0
0
0
0
0
0
0
0
0
0
0
0
0
0
0
0
0
0
0
0
0
0
0
0
0
0
0
0
0
0
0
0
0
0
0
0
0
0
0
0
0
0
0
0
0
0
0
0
0
0
0
0
0
0
0
0
0
0
0
0
0
0
0
0
0
0
0
0
0
0
0
0
0
0
0
0
0
0
0
0
0
0
0
0
0
0
0
0
0
0
0
0
0
0
0
0
0
0
0
0
0
0
0
0
0
0
0
0
0
0
0
0
0
0
0
0
0
0
0
0
0
0
0
0
0
0
0
0
0
0
0
0
0
0
0
0
0
0
0
0
0
0
0
0
0
0
0
0
0
0
0
0
0
0
0
0
0
0
0
0
0
0
0
0
0
0
0
0
0
0
0
0
0
0
0
0
0
))
(300 (1 10 1 0 0 401 800)(
0
0
0
0
0
0
0
0
0
0
0
0
0
0
0
0
0
0
0
0
0
0
0
0
0
0
0
0
0
0
0
0
0
0
0
0
0
0
0
0
0
0
0
0
0
0
0
0
0
0
0
0
0
0
0
0
0
0
0
0
0
0
0
0
0
0
0
0
0
0
0
0
0
0
0
0
0
0
0
0
0
0
0
0
0
0
0
0
0
0
0
0
0
0
0
0
0
0
0
0
0
0
0
0
0
0
0
0
0
0
0
0
0
0
0
0
0
0
0
0
0
0
0
0
0
0
0
0
0
0
0
0
0
0
0
0
0
0
0
0
0
0
0
0
0
0
0
0
0
0
0
0
0
0
0
0
0
0
0
0
0
0
0
0
0
0
0
0
0
0
0
0
0
0
0
0
0
0
0
0
0
0
0
0
0
0
0
0
0
0
0
0
0
0
0
0
0
0
0
0
0
0
0
0
0
0
0
0
0
0
0
0
0
0
0
0
0
0
0
0
0
0
0
0
0
0
0
0
0
0
0
0
0
0
0
0
0
0
0
0
0
0
0
0
0
0
0
0
0
0
0
0
0
0
0
0
0
0
0
0
0
0
0
0
0
0
0
0
0
0
0
0
0
0
0
0
0
0
0
0
0
0
0
0
0
0
0
0
0
0
0
0
0
0
0
0
0
0
0
0
0
0
0
0
0
0
0
0
0
0
0
0
0
0
0
0
0
0
0
0
0
0
0
0
0
0
0
0
0
0
0
0
0
0
0
0
0
0
0
0
0
0
0
0
0
0
0
0
0
0
0
0
0
0
0
0
0
0
0
0
0
0
0
0
0
0
0
0
0
0
0
0
0
0
0
0
0
0
0
0
0
0
0
0
0
0
0
0
0
0
0
0
0
0
0
0
0
0
0
0
))
(300 (1 11 1 0 0 401 800)(
0
0
0
0
0
0
0
0
0
0
0
0
0
0
0
0
0
0
0
0
0
0
0
0
0
0
0
0
0
0
0
0
0
0
0
0
0
0
0
0
0
0
0
0
0
0
0
0
0
0
0
0
0
0
0
0
0
0
0
0
0
0
0
0
0
0
0
0
0
0
0
0
0
0
0
0
0
0
0
0
0
0
0
0
0
0
0
0
0
0
0
0
0
0
0
0
0
0
0
0
0
0
0
0
0
0
0
0
0
0
0
0
0
0
0
0
0
0
0
0
0
0
0
0
0
0
0
0
0
0
0
0
0
0
0
0
0
0
0
0
0
0
0
0
0
0
0
0
0
0
0
0
0
0
0
0
0
0
0
0
0
0
0
0
0
0
0
0
0
0
0
0
0
0
0
0
0
0
0
0
0
0
0
0
0
0
0
0
0
0
0
0
0
0
0
0
0
0
0
0
0
0
0
0
0
0
0
0
0
0
0
0
0
0
0
0
0
0
0
0
0
0
0
0
0
0
0
0
0
0
0
0
0
0
0
0
0
0
0
0
0
0
0
0
0
0
0
0
0
0
0
0
0
0
0
0
0
0
0
0
0
0
0
0
0
0
0
0
0
0
0
0
0
0
0
0
0
0
0
0
0
0
0
0
0
0
0
0
0
0
0
0
0
0
0
0
0
0
0
0
0
0
0
0
0
0
0
0
0
0
0
0
0
0
0
0
0
0
0
0
0
0
0
0
0
0
0
0
0
0
0
0
0
0
0
0
0
0
0
0
0
0
0
0
0
0
0
0
0
0
0
0
0
0
0
0
0
0
0
0
0
0
0
0
0
0
0
0
0
0
0
0
0
0
0
0
0
0
0
0
0
0
0
0
0
0
0
0
0
0
0
0
0
0
0
0
0
0
0
0
))
(300 (1 12 1 0 0 401 440)(
0
0
0
0
0
0
0
0
0
0
0
0
0
0
0
0
0
0
0
0
0
0
0
0
0
0
0
0
0
0
0
0
0
0
0
0
0
0
0
0
))
(300 (1 13 1 0 0 401 420)(
0
0
0
0
0
0
0
0
0
0
0
0
0
0
0
0
0
0
0
0
))
(300 (1 14 1 0 0 401 420)(
0
0
0
0
0
0
0
0
0
0
0
0
0
0
0
0
0
0
0
0
))
(300 (2 1 3 0 0 1 400)(
0.000799029 0 0 
1.61757e-07 0 0 
2.21033e-11 0 0 
2.29298e-15 0 0 
1.92595e-19 0 0 
1.36413e-23 0 0 
8.37921e-28 0 0 
4.55598e-32 0 0 
2.22727e-36 0 0 
9.91098e-41 0 0 
4.05434e-45 0 0 
1.53722e-49 0 0 
5.4392e-54 0 0 
1.80653e-58 0 0 
5.66029e-63 0 0 
1.68035e-67 0 0 
4.74436e-72 0 0 
1.2783e-76 0 0 
3.29658e-81 0 0 
8.15901e-86 0 0 
0.000799352 0 0 
1.61845e-07 0 0 
2.2117e-11 0 0 
2.29452e-15 0 0 
1.92732e-19 0 0 
1.36514e-23 0 0 
8.38559e-28 0 0 
4.55955e-32 0 0 
2.22906e-36 0 0 
9.91909e-41 0 0 
4.05772e-45 0 0 
1.53852e-49 0 0 
5.4439e-54 0 0 
1.80812e-58 0 0 
5.66533e-63 0 0 
1.68186e-67 0 0 
4.74871e-72 0 0 
1.27949e-76 0 0 
3.29968e-81 0 0 
8.16678e-86 0 0 
0.000799352 0 0 
1.61845e-07 0 0 
2.2117e-11 0 0 
2.29452e-15 0 0 
1.92732e-19 0 0 
1.36514e-23 0 0 
8.38559e-28 0 0 
4.55955e-32 0 0 
2.22906e-36 0 0 
9.91909e-41 0 0 
4.05772e-45 0 0 
1.53852e-49 0 0 
5.4439e-54 0 0 
1.80812e-58 0 0 
5.66533e-63 0 0 
1.68187e-67 0 0 
4.74871e-72 0 0 
1.27949e-76 0 0 
3.29969e-81 0 0 
8.16678e-86 0 0 
0.000799352 0 0 
1.61845e-07 0 0 
2.2117e-11 0 0 
2.29452e-15 0 0 
1.92732e-19 0 0 
1.36514e-23 0 0 
8.38559e-28 0 0 
4.55955e-32 0 0 
2.22906e-36 0 0 
9.91909e-41 0 0 
4.05772e-45 0 0 
1.53852e-49 0 0 
5.4439e-54 0 0 
1.80812e-58 0 0 
5.66533e-63 0 0 
1.68187e-67 0 0 
4.74871e-72 0 0 
1.27949e-76 0 0 
3.29969e-81 0 0 
8.16678e-86 0 0 
0.000799352 0 0 
1.61845e-07 0 0 
2.2117e-11 0 0 
2.29452e-15 0 0 
1.92732e-19 0 0 
1.36514e-23 0 0 
8.38559e-28 0 0 
4.55955e-32 0 0 
2.22906e-36 0 0 
9.91909e-41 0 0 
4.05772e-45 0 0 
1.53852e-49 0 0 
5.4439e-54 0 0 
1.80812e-58 0 0 
5.66533e-63 0 0 
1.68187e-67 0 0 
4.74871e-72 0 0 
1.27949e-76 0 0 
3.29969e-81 0 0 
8.16678e-86 0 0 
0.000799352 0 0 
1.61845e-07 0 0 
2.2117e-11 0 0 
2.29452e-15 0 0 
1.92732e-19 0 0 
1.36514e-23 0 0 
8.38559e-28 0 0 
4.55955e-32 0 0 
2.22906e-36 0 0 
9.91909e-41 0 0 
4.05772e-45 0 0 
1.53852e-49 0 0 
5.4439e-54 0 0 
1.80812e-58 0 0 
5.66533e-63 0 0 
1.68187e-67 0 0 
4.74871e-72 0 0 
1.27949e-76 0 0 
3.29969e-81 0 0 
8.16678e-86 0 0 
0.000799352 0 0 
1.61845e-07 0 0 
2.2117e-11 0 0 
2.29452e-15 0 0 
1.92732e-19 0 0 
1.36514e-23 0 0 
8.38559e-28 0 0 
4.55955e-32 0 0 
2.22906e-36 0 0 
9.91909e-41 0 0 
4.05772e-45 0 0 
1.53852e-49 0 0 
5.4439e-54 0 0 
1.80812e-58 0 0 
5.66533e-63 0 0 
1.68187e-67 0 0 
4.74871e-72 0 0 
1.27949e-76 0 0 
3.29969e-81 0 0 
8.16678e-86 0 0 
0.000799352 0 0 
1.61845e-07 0 0 
2.2117e-11 0 0 
2.29452e-15 0 0 
1.92732e-19 0 0 
1.36514e-23 0 0 
8.38559e-28 0 0 
4.55955e-32 0 0 
2.22906e-36 0 0 
9.91909e-41 0 0 
4.05772e-45 0 0 
1.53852e-49 0 0 
5.4439e-54 0 0 
1.80812e-58 0 0 
5.66533e-63 0 0 
1.68187e-67 0 0 
4.74871e-72 0 0 
1.27949e-76 0 0 
3.29969e-81 0 0 
8.16678e-86 0 0 
0.000799352 0 0 
1.61845e-07 0 0 
2.2117e-11 0 0 
2.29452e-15 0 0 
1.92732e-19 0 0 
1.36514e-23 0 0 
8.38559e-28 0 0 
4.55955e-32 0 0 
2.22906e-36 0 0 
9.91909e-41 0 0 
4.05772e-45 0 0 
1.53852e-49 0 0 
5.4439e-54 0 0 
1.80812e-58 0 0 
5.66533e-63 0 0 
1.68187e-67 0 0 
4.74871e-72 0 0 
1.27949e-76 0 0 
3.29969e-81 0 0 
8.16678e-86 0 0 
0.000799352 0 0 
1.61845e-07 0 0 
2.2117e-11 0 0 
2.29452e-15 0 0 
1.92732e-19 0 0 
1.36514e-23 0 0 
8.38559e-28 0 0 
4.55955e-32 0 0 
2.22906e-36 0 0 
9.91909e-41 0 0 
4.05772e-45 0 0 
1.53852e-49 0 0 
5.4439e-54 0 0 
1.80812e-58 0 0 
5.66533e-63 0 0 
1.68187e-67 0 0 
4.74871e-72 0 0 
1.27949e-76 0 0 
3.29969e-81 0 0 
8.16678e-86 0 0 
0.000799352 0 0 
1.61845e-07 0 0 
2.2117e-11 0 0 
2.29452e-15 0 0 
1.92732e-19 0 0 
1.36514e-23 0 0 
8.38559e-28 0 0 
4.55955e-32 0 0 
2.22906e-36 0 0 
9.91909e-41 0 0 
4.05772e-45 0 0 
1.53852e-49 0 0 
5.4439e-54 0 0 
1.80812e-58 0 0 
5.66533e-63 0 0 
1.68187e-67 0 0 
4.74871e-72 0 0 
1.27949e-76 0 0 
3.29969e-81 0 0 
8.16678e-86 0 0 
0.000799352 0 0 
1.61845e-07 0 0 
2.2117e-11 0 0 
2.29452e-15 0 0 
1.92732e-19 0 0 
1.36514e-23 0 0 
8.38559e-28 0 0 
4.55955e-32 0 0 
2.22906e-36 0 0 
9.91909e-41 0 0 
4.05772e-45 0 0 
1.53852e-49 0 0 
5.4439e-54 0 0 
1.80812e-58 0 0 
5.66533e-63 0 0 
1.68187e-67 0 0 
4.74871e-72 0 0 
1.27949e-76 0 0 
3.29969e-81 0 0 
8.16678e-86 0 0 
0.000799352 0 0 
1.61845e-07 0 0 
2.2117e-11 0 0 
2.29452e-15 0 0 
1.92732e-19 0 0 
1.36514e-23 0 0 
8.38559e-28 0 0 
4.55955e-32 0 0 
2.22906e-36 0 0 
9.91909e-41 0 0 
4.05772e-45 0 0 
1.53852e-49 0 0 
5.4439e-54 0 0 
1.80812e-58 0 0 
5.66533e-63 0 0 
1.68187e-67 0 0 
4.74871e-72 0 0 
1.27949e-76 0 0 
3.29969e-81 0 0 
8.16678e-86 0 0 
0.000799352 0 0 
1.61845e-07 0 0 
2.2117e-11 0 0 
2.29452e-15 0 0 
1.92732e-19 0 0 
1.36514e-23 0 0 
8.38559e-28 0 0 
4.55955e-32 0 0 
2.22906e-36 0 0 
9.91909e-41 0 0 
4.05772e-45 0 0 
1.53852e-49 0 0 
5.4439e-54 0 0 
1.80812e-58 0 0 
5.66533e-63 0 0 
1.68187e-67 0 0 
4.74871e-72 0 0 
1.27949e-76 0 0 
3.29969e-81 0 0 
8.16678e-86 0 0 
0.000799352 0 0 
1.61845e-07 0 0 
2.2117e-11 0 0 
2.29452e-15 0 0 
1.92732e-19 0 0 
1.36514e-23 0 0 
8.38559e-28 0 0 
4.55955e-32 0 0 
2.22906e-36 0 0 
9.91909e-41 0 0 
4.05772e-45 0 0 
1.53852e-49 0 0 
5.4439e-54 0 0 
1.80812e-58 0 0 
5.66533e-63 0 0 
1.68187e-67 0 0 
4.74871e-72 0 0 
1.27949e-76 0 0 
3.29969e-81 0 0 
8.16678e-86 0 0 
0.000799352 0 0 
1.61845e-07 0 0 
2.2117e-11 0 0 
2.29452e-15 0 0 
1.92732e-19 0 0 
1.36514e-23 0 0 
8.38559e-28 0 0 
4.55955e-32 0 0 
2.22906e-36 0 0 
9.91909e-41 0 0 
4.05772e-45 0 0 
1.53852e-49 0 0 
5.4439e-54 0 0 
1.80812e-58 0 0 
5.66533e-63 0 0 
1.68187e-67 0 0 
4.74871e-72 0 0 
1.27949e-76 0 0 
3.29969e-81 0 0 
8.16678e-86 0 0 
0.000799352 0 0 
1.61845e-07 0 0 
2.2117e-11 0 0 
2.29452e-15 0 0 
1.92732e-19 0 0 
1.36514e-23 0 0 
8.38559e-28 0 0 
4.55955e-32 0 0 
2.22906e-36 0 0 
9.91909e-41 0 0 
4.05772e-45 0 0 
1.53852e-49 0 0 
5.4439e-54 0 0 
1.80812e-58 0 0 
5.66533e-63 0 0 
1.68187e-67 0 0 
4.74871e-72 0 0 
1.27949e-76 0 0 
3.29969e-81 0 0 
8.16678e-86 0 0 
0.000799352 0 0 
1.61845e-07 0 0 
2.2117e-11 0 0 
2.29452e-15 0 0 
1.92732e-19 0 0 
1.36514e-23 0 0 
8.38559e-28 0 0 
4.55955e-32 0 0 
2.22906e-36 0 0 
9.91909e-41 0 0 
4.05772e-45 0 0 
1.53852e-49 0 0 
5.4439e-54 0 0 
1.80812e-58 0 0 
5.66533e-63 0 0 
1.68187e-67 0 0 
4.74871e-72 0 0 
1.27949e-76 0 0 
3.29969e-81 0 0 
8.16678e-86 0 0 
0.000799352 0 0 
1.61845e-07 0 0 
2.2117e-11 0 0 
2.29452e-15 0 0 
1.92732e-19 0 0 
1.36514e-23 0 0 
8.38559e-28 0 0 
4.55955e-32 0 0 
2.22906e-36 0 0 
9.91909e-41 0 0 
4.05772e-45 0 0 
1.53852e-49 0 0 
5.4439e-54 0 0 
1.80812e-58 0 0 
5.66533e-63 0 0 
1.68186e-67 0 0 
4.74871e-72 0 0 
1.27949e-76 0 0 
3.29968e-81 0 0 
8.16678e-86 0 0 
0.000799029 0 0 
1.61757e-07 0 0 
2.21033e-11 0 0 
2.29298e-15 0 0 
1.92595e-19 0 0 
1.36413e-23 0 0 
8.37921e-28 0 0 
4.55598e-32 0 0 
2.22727e-36 0 0 
9.91098e-41 0 0 
4.05434e-45 0 0 
1.53722e-49 0 0 
5.4392e-54 0 0 
1.80653e-58 0 0 
5.66029e-63 0 0 
1.68035e-67 0 0 
4.74437e-72 0 0 
1.27831e-76 0 0 
3.29659e-81 0 0 
8.15901e-86 0 0 
))
(300 (2 10 3 0 0 401 800)(
0 0 0 
0 0 0 
0 0 0 
0 0 0 
0 0 0 
0 0 0 
0 0 0 
0 0 0 
0 0 0 
0 0 0 
0 0 0 
0 0 0 
0 0 0 
0 0 0 
0 0 0 
0 0 0 
0 0 0 
0 0 0 
0 0 0 
0 0 0 
0 0 0 
0 0 0 
0 0 0 
0 0 0 
0 0 0 
0 0 0 
0 0 0 
0 0 0 
0 0 0 
0 0 0 
0 0 0 
0 0 0 
0 0 0 
0 0 0 
0 0 0 
0 0 0 
0 0 0 
0 0 0 
0 0 0 
0 0 0 
0 0 0 
0 0 0 
0 0 0 
0 0 0 
0 0 0 
0 0 0 
0 0 0 
0 0 0 
0 0 0 
0 0 0 
0 0 0 
0 0 0 
0 0 0 
0 0 0 
0 0 0 
0 0 0 
0 0 0 
0 0 0 
0 0 0 
0 0 0 
0 0 0 
0 0 0 
0 0 0 
0 0 0 
0 0 0 
0 0 0 
0 0 0 
0 0 0 
0 0 0 
0 0 0 
0 0 0 
0 0 0 
0 0 0 
0 0 0 
0 0 0 
0 0 0 
0 0 0 
0 0 0 
0 0 0 
0 0 0 
0 0 0 
0 0 0 
0 0 0 
0 0 0 
0 0 0 
0 0 0 
0 0 0 
0 0 0 
0 0 0 
0 0 0 
0 0 0 
0 0 0 
0 0 0 
0 0 0 
0 0 0 
0 0 0 
0 0 0 
0 0 0 
0 0 0 
0 0 0 
0 0 0 
0 0 0 
0 0 0 
0 0 0 
0 0 0 
0 0 0 
0 0 0 
0 0 0 
0 0 0 
0 0 0 
0 0 0 
0 0 0 
0 0 0 
0 0 0 
0 0 0 
0 0 0 
0 0 0 
0 0 0 
0 0 0 
0 0 0 
0 0 0 
0 0 0 
0 0 0 
0 0 0 
0 0 0 
0 0 0 
0 0 0 
0 0 0 
0 0 0 
0 0 0 
0 0 0 
0 0 0 
0 0 0 
0 0 0 
0 0 0 
0 0 0 
0 0 0 
0 0 0 
0 0 0 
0 0 0 
0 0 0 
0 0 0 
0 0 0 
0 0 0 
0 0 0 
0 0 0 
0 0 0 
0 0 0 
0 0 0 
0 0 0 
0 0 0 
0 0 0 
0 0 0 
0 0 0 
0 0 0 
0 0 0 
0 0 0 
0 0 0 
0 0 0 
0 0 0 
0 0 0 
0 0 0 
0 0 0 
0 0 0 
0 0 0 
0 0 0 
0 0 0 
0 0 0 
0 0 0 
0 0 0 
0 0 0 
0 0 0 
0 0 0 
0 0 0 
0 0 0 
0 0 0 
0 0 0 
0 0 0 
0 0 0 
0 0 0 
0 0 0 
0 0 0 
0 0 0 
0 0 0 
0 0 0 
0 0 0 
0 0 0 
0 0 0 
0 0 0 
0 0 0 
0 0 0 
0 0 0 
0 0 0 
0 0 0 
0 0 0 
0 0 0 
0 0 0 
0 0 0 
0 0 0 
0 0 0 
0 0 0 
0 0 0 
0 0 0 
0 0 0 
0 0 0 
0 0 0 
0 0 0 
0 0 0 
0 0 0 
0 0 0 
0 0 0 
0 0 0 
0 0 0 
0 0 0 
0 0 0 
0 0 0 
0 0 0 
0 0 0 
0 0 0 
0 0 0 
0 0 0 
0 0 0 
0 0 0 
0 0 0 
0 0 0 
0 0 0 
0 0 0 
0 0 0 
0 0 0 
0 0 0 
0 0 0 
0 0 0 
0 0 0 
0 0 0 
0 0 0 
0 0 0 
0 0 0 
0 0 0 
0 0 0 
0 0 0 
0 0 0 
0 0 0 
0 0 0 
0 0 0 
0 0 0 
0 0 0 
0 0 0 
0 0 0 
0 0 0 
0 0 0 
0 0 0 
0 0 0 
0 0 0 
0 0 0 
0 0 0 
0 0 0 
0 0 0 
0 0 0 
0 0 0 
0 0 0 
0 0 0 
0 0 0 
0 0 0 
0 0 0 
0 0 0 
0 0 0 
0 0 0 
0 0 0 
0 0 0 
0 0 0 
0 0 0 
0 0 0 
0 0 0 
0 0 0 
0 0 0 
0 0 0 
0 0 0 
0 0 0 
0 0 0 
0 0 0 
0 0 0 
0 0 0 
0 0 0 
0 0 0 
0 0 0 
0 0 0 
0 0 0 
0 0 0 
0 0 0 
0 0 0 
0 0 0 
0 0 0 
0 0 0 
0 0 0 
0 0 0 
0 0 0 
0 0 0 
0 0 0 
0 0 0 
0 0 0 
0 0 0 
0 0 0 
0 0 0 
0 0 0 
0 0 0 
0 0 0 
0 0 0 
0 0 0 
0 0 0 
0 0 0 
0 0 0 
0 0 0 
0 0 0 
0 0 0 
0 0 0 
0 0 0 
0 0 0 
0 0 0 
0 0 0 
0 0 0 
0 0 0 
0 0 0 
0 0 0 
0 0 0 
0 0 0 
0 0 0 
0 0 0 
0 0 0 
0 0 0 
0 0 0 
0 0 0 
0 0 0 
0 0 0 
0 0 0 
0 0 0 
0 0 0 
0 0 0 
0 0 0 
0 0 0 
0 0 0 
0 0 0 
0 0 0 
0 0 0 
0 0 0 
0 0 0 
0 0 0 
0 0 0 
0 0 0 
0 0 0 
0 0 0 
0 0 0 
0 0 0 
0 0 0 
0 0 0 
0 0 0 
0 0 0 
0 0 0 
0 0 0 
0 0 0 
0 0 0 
0 0 0 
0 0 0 
0 0 0 
0 0 0 
0 0 0 
0 0 0 
0 0 0 
0 0 0 
0 0 0 
0 0 0 
0 0 0 
0 0 0 
0 0 0 
0 0 0 
0 0 0 
0 0 0 
0 0 0 
0 0 0 
0 0 0 
0 0 0 
0 0 0 
0 0 0 
0 0 0 
0 0 0 
0 0 0 
0 0 0 
0 0 0 
0 0 0 
0 0 0 
0 0 0 
0 0 0 
0 0 0 
0 0 0 
0 0 0 
0 0 0 
0 0 0 
0 0 0 
0 0 0 
0 0 0 
0 0 0 
))
(300 (2 11 3 0 0 801 1200)(
0 0 0 
0 0 0 
0 0 0 
0 0 0 
0 0 0 
0 0 0 
0 0 0 
0 0 0 
0 0 0 
0 0 0 
0 0 0 
0 0 0 
0 0 0 
0 0 0 
0 0 0 
0 0 0 
0 0 0 
0 0 0 
0 0 0 
0 0 0 
0 0 0 
0 0 0 
0 0 0 
0 0 0 
0 0 0 
0 0 0 
0 0 0 
0 0 0 
0 0 0 
0 0 0 
0 0 0 
0 0 0 
0 0 0 
0 0 0 
0 0 0 
0 0 0 
0 0 0 
0 0 0 
0 0 0 
0 0 0 
0 0 0 
0 0 0 
0 0 0 
0 0 0 
0 0 0 
0 0 0 
0 0 0 
0 0 0 
0 0 0 
0 0 0 
0 0 0 
0 0 0 
0 0 0 
0 0 0 
0 0 0 
0 0 0 
0 0 0 
0 0 0 
0 0 0 
0 0 0 
0 0 0 
0 0 0 
0 0 0 
0 0 0 
0 0 0 
0 0 0 
0 0 0 
0 0 0 
0 0 0 
0 0 0 
0 0 0 
0 0 0 
0 0 0 
0 0 0 
0 0 0 
0 0 0 
0 0 0 
0 0 0 
0 0 0 
0 0 0 
0 0 0 
0 0 0 
0 0 0 
0 0 0 
0 0 0 
0 0 0 
0 0 0 
0 0 0 
0 0 0 
0 0 0 
0 0 0 
0 0 0 
0 0 0 
0 0 0 
0 0 0 
0 0 0 
0 0 0 
0 0 0 
0 0 0 
0 0 0 
0 0 0 
0 0 0 
0 0 0 
0 0 0 
0 0 0 
0 0 0 
0 0 0 
0 0 0 
0 0 0 
0 0 0 
0 0 0 
0 0 0 
0 0 0 
0 0 0 
0 0 0 
0 0 0 
0 0 0 
0 0 0 
0 0 0 
0 0 0 
0 0 0 
0 0 0 
0 0 0 
0 0 0 
0 0 0 
0 0 0 
0 0 0 
0 0 0 
0 0 0 
0 0 0 
0 0 0 
0 0 0 
0 0 0 
0 0 0 
0 0 0 
0 0 0 
0 0 0 
0 0 0 
0 0 0 
0 0 0 
0 0 0 
0 0 0 
0 0 0 
0 0 0 
0 0 0 
0 0 0 
0 0 0 
0 0 0 
0 0 0 
0 0 0 
0 0 0 
0 0 0 
0 0 0 
0 0 0 
0 0 0 
0 0 0 
0 0 0 
0 0 0 
0 0 0 
0 0 0 
0 0 0 
0 0 0 
0 0 0 
0 0 0 
0 0 0 
0 0 0 
0 0 0 
0 0 0 
0 0 0 
0 0 0 
0 0 0 
0 0 0 
0 0 0 
0 0 0 
0 0 0 
0 0 0 
0 0 0 
0 0 0 
0 0 0 
0 0 0 
0 0 0 
0 0 0 
0 0 0 
0 0 0 
0 0 0 
0 0 0 
0 0 0 
0 0 0 
0 0 0 
0 0 0 
0 0 0 
0 0 0 
0 0 0 
0 0 0 
0 0 0 
0 0 0 
0 0 0 
0 0 0 
0 0 0 
0 0 0 
0 0 0 
0 0 0 
0 0 0 
0 0 0 
0 0 0 
0 0 0 
0 0 0 
0 0 0 
0 0 0 
0 0 0 
0 0 0 
0 0 0 
0 0 0 
0 0 0 
0 0 0 
0 0 0 
0 0 0 
0 0 0 
0 0 0 
0 0 0 
0 0 0 
0 0 0 
0 0 0 
0 0 0 
0 0 0 
0 0 0 
0 0 0 
0 0 0 
0 0 0 
0 0 0 
0 0 0 
0 0 0 
0 0 0 
0 0 0 
0 0 0 
0 0 0 
0 0 0 
0 0 0 
0 0 0 
0 0 0 
0 0 0 
0 0 0 
0 0 0 
0 0 0 
0 0 0 
0 0 0 
0 0 0 
0 0 0 
0 0 0 
0 0 0 
0 0 0 
0 0 0 
0 0 0 
0 0 0 
0 0 0 
0 0 0 
0 0 0 
0 0 0 
0 0 0 
0 0 0 
0 0 0 
0 0 0 
0 0 0 
0 0 0 
0 0 0 
0 0 0 
0 0 0 
0 0 0 
0 0 0 
0 0 0 
0 0 0 
0 0 0 
0 0 0 
0 0 0 
0 0 0 
0 0 0 
0 0 0 
0 0 0 
0 0 0 
0 0 0 
0 0 0 
0 0 0 
0 0 0 
0 0 0 
0 0 0 
0 0 0 
0 0 0 
0 0 0 
0 0 0 
0 0 0 
0 0 0 
0 0 0 
0 0 0 
0 0 0 
0 0 0 
0 0 0 
0 0 0 
0 0 0 
0 0 0 
0 0 0 
0 0 0 
0 0 0 
0 0 0 
0 0 0 
0 0 0 
0 0 0 
0 0 0 
0 0 0 
0 0 0 
0 0 0 
0 0 0 
0 0 0 
0 0 0 
0 0 0 
0 0 0 
0 0 0 
0 0 0 
0 0 0 
0 0 0 
0 0 0 
0 0 0 
0 0 0 
0 0 0 
0 0 0 
0 0 0 
0 0 0 
0 0 0 
0 0 0 
0 0 0 
0 0 0 
0 0 0 
0 0 0 
0 0 0 
0 0 0 
0 0 0 
0 0 0 
0 0 0 
0 0 0 
0 0 0 
0 0 0 
0 0 0 
0 0 0 
0 0 0 
0 0 0 
0 0 0 
0 0 0 
0 0 0 
0 0 0 
0 0 0 
0 0 0 
0 0 0 
0 0 0 
0 0 0 
0 0 0 
0 0 0 
0 0 0 
0 0 0 
0 0 0 
0 0 0 
0 0 0 
0 0 0 
0 0 0 
0 0 0 
0 0 0 
0 0 0 
0 0 0 
0 0 0 
0 0 0 
0 0 0 
0 0 0 
0 0 0 
0 0 0 
0 0 0 
0 0 0 
0 0 0 
0 0 0 
0 0 0 
0 0 0 
0 0 0 
0 0 0 
0 0 0 
0 0 0 
0 0 0 
0 0 0 
0 0 0 
0 0 0 
0 0 0 
0 0 0 
0 0 0 
0 0 0 
0 0 0 
0 0 0 
0 0 0 
0 0 0 
0 0 0 
0 0 0 
0 0 0 
0 0 0 
0 0 0 
0 0 0 
))
(300 (2 12 3 0 0 1201 1240)(
0 0 0 
0 0 0 
0 0 0 
0 0 0 
0 0 0 
0 0 0 
0 0 0 
0 0 0 
0 0 0 
0 0 0 
0 0 0 
0 0 0 
0 0 0 
0 0 0 
0 0 0 
0 0 0 
0 0 0 
0 0 0 
0 0 0 
0 0 0 
0 0 0 
0 0 0 
0 0 0 
0 0 0 
0 0 0 
0 0 0 
0 0 0 
0 0 0 
0 0 0 
0 0 0 
0 0 0 
0 0 0 
0 0 0 
0 0 0 
0 0 0 
0 0 0 
0 0 0 
0 0 0 
0 0 0 
0 0 0 
))
(300 (2 13 3 0 0 1241 1260)(
8.15901e-86 0 0 
8.16678e-86 0 0 
8.16678e-86 0 0 
8.16678e-86 0 0 
8.16678e-86 0 0 
8.16678e-86 0 0 
8.16678e-86 0 0 
8.16678e-86 0 0 
8.16678e-86 0 0 
8.16678e-86 0 0 
8.16678e-86 0 0 
8.16678e-86 0 0 
8.16678e-86 0 0 
8.16678e-86 0 0 
8.16678e-86 0 0 
8.16678e-86 0 0 
8.16678e-86 0 0 
8.16678e-86 0 0 
8.16678e-86 0 0 
8.15901e-86 0 0 
))
(300 (2 14 3 0 0 1261 1280)(
1 0 0 
1 0 0 
1 0 0 
1 0 0 
1 0 0 
1 0 0 
1 0 0 
1 0 0 
1 0 0 
1 0 0 
1 0 0 
1 0 0 
1 0 0 
1 0 0 
1 0 0 
1 0 0 
1 0 0 
1 0 0 
1 0 0 
1 0 0 
))
