(0 "FOAM to Fluent data File")

(33 (400 2520 882))
(300 (1 1 1 0 0 1 400)(
0
0
0
0
0
0
0
0
0
0
0
0
0
0
0
0
0
0
0
0
0
0
0
0
0
0
0
0
0
0
0
0
0
0
0
0
0
0
0
0
0
0
0
0
0
0
0
0
0
0
0
0
0
0
0
0
0
0
0
0
0
0
0
0
0
0
0
0
0
0
0
0
0
0
0
0
0
0
0
0
0
0
0
0
0
0
0
0
0
0
0
0
0
0
0
0
0
0
0
0
0
0
0
0
0
0
0
0
0
0
0
0
0
0
0
0
0
0
0
0
0
0
0
0
0
0
0
0
0
0
0
0
0
0
0
0
0
0
0
0
0
0
0
0
0
0
0
0
0
0
0
0
0
0
0
0
0
0
0
0
0
0
0
0
0
0
0
0
0
0
0
0
0
0
0
0
0
0
0
0
0
0
0
0
0
0
0
0
0
0
0
0
0
0
0
0
0
0
0
0
0
0
0
0
0
0
0
0
0
0
0
0
0
0
0
0
0
0
0
0
0
0
0
0
0
0
0
0
0
0
0
0
0
0
0
0
0
0
0
0
0
0
0
0
0
0
0
0
0
0
0
0
0
0
0
0
0
0
0
0
0
0
0
0
0
0
0
0
0
0
0
0
0
0
0
0
0
0
0
0
0
0
0
0
0
0
0
0
0
0
0
0
0
0
0
0
0
0
0
0
0
0
0
0
0
0
0
0
0
0
0
0
0
0
0
0
0
0
0
0
0
0
0
0
0
0
0
0
0
0
0
0
0
0
0
0
0
0
0
0
0
0
0
0
0
0
0
0
0
0
0
0
0
0
0
0
0
0
0
0
0
0
0
0
0
0
0
0
0
0
0
0
0
0
0
0
0
0
0
0
0
0
0
0
0
0
0
0
0
0
0
0
0
0
0
0
0
0
0
0
))
(300 (1 10 1 0 0 401 800)(
0
0
0
0
0
0
0
0
0
0
0
0
0
0
0
0
0
0
0
0
0
0
0
0
0
0
0
0
0
0
0
0
0
0
0
0
0
0
0
0
0
0
0
0
0
0
0
0
0
0
0
0
0
0
0
0
0
0
0
0
0
0
0
0
0
0
0
0
0
0
0
0
0
0
0
0
0
0
0
0
0
0
0
0
0
0
0
0
0
0
0
0
0
0
0
0
0
0
0
0
0
0
0
0
0
0
0
0
0
0
0
0
0
0
0
0
0
0
0
0
0
0
0
0
0
0
0
0
0
0
0
0
0
0
0
0
0
0
0
0
0
0
0
0
0
0
0
0
0
0
0
0
0
0
0
0
0
0
0
0
0
0
0
0
0
0
0
0
0
0
0
0
0
0
0
0
0
0
0
0
0
0
0
0
0
0
0
0
0
0
0
0
0
0
0
0
0
0
0
0
0
0
0
0
0
0
0
0
0
0
0
0
0
0
0
0
0
0
0
0
0
0
0
0
0
0
0
0
0
0
0
0
0
0
0
0
0
0
0
0
0
0
0
0
0
0
0
0
0
0
0
0
0
0
0
0
0
0
0
0
0
0
0
0
0
0
0
0
0
0
0
0
0
0
0
0
0
0
0
0
0
0
0
0
0
0
0
0
0
0
0
0
0
0
0
0
0
0
0
0
0
0
0
0
0
0
0
0
0
0
0
0
0
0
0
0
0
0
0
0
0
0
0
0
0
0
0
0
0
0
0
0
0
0
0
0
0
0
0
0
0
0
0
0
0
0
0
0
0
0
0
0
0
0
0
0
0
0
0
0
0
0
0
0
0
0
0
0
0
0
0
0
0
0
0
0
0
0
0
0
0
0
0
0
0
0
0
0
0
0
0
0
0
0
0
0
0
0
0
0
))
(300 (1 11 1 0 0 401 800)(
0
0
0
0
0
0
0
0
0
0
0
0
0
0
0
0
0
0
0
0
0
0
0
0
0
0
0
0
0
0
0
0
0
0
0
0
0
0
0
0
0
0
0
0
0
0
0
0
0
0
0
0
0
0
0
0
0
0
0
0
0
0
0
0
0
0
0
0
0
0
0
0
0
0
0
0
0
0
0
0
0
0
0
0
0
0
0
0
0
0
0
0
0
0
0
0
0
0
0
0
0
0
0
0
0
0
0
0
0
0
0
0
0
0
0
0
0
0
0
0
0
0
0
0
0
0
0
0
0
0
0
0
0
0
0
0
0
0
0
0
0
0
0
0
0
0
0
0
0
0
0
0
0
0
0
0
0
0
0
0
0
0
0
0
0
0
0
0
0
0
0
0
0
0
0
0
0
0
0
0
0
0
0
0
0
0
0
0
0
0
0
0
0
0
0
0
0
0
0
0
0
0
0
0
0
0
0
0
0
0
0
0
0
0
0
0
0
0
0
0
0
0
0
0
0
0
0
0
0
0
0
0
0
0
0
0
0
0
0
0
0
0
0
0
0
0
0
0
0
0
0
0
0
0
0
0
0
0
0
0
0
0
0
0
0
0
0
0
0
0
0
0
0
0
0
0
0
0
0
0
0
0
0
0
0
0
0
0
0
0
0
0
0
0
0
0
0
0
0
0
0
0
0
0
0
0
0
0
0
0
0
0
0
0
0
0
0
0
0
0
0
0
0
0
0
0
0
0
0
0
0
0
0
0
0
0
0
0
0
0
0
0
0
0
0
0
0
0
0
0
0
0
0
0
0
0
0
0
0
0
0
0
0
0
0
0
0
0
0
0
0
0
0
0
0
0
0
0
0
0
0
0
0
0
0
0
0
0
0
0
0
0
0
0
0
0
0
0
0
0
))
(300 (1 12 1 0 0 401 440)(
0
0
0
0
0
0
0
0
0
0
0
0
0
0
0
0
0
0
0
0
0
0
0
0
0
0
0
0
0
0
0
0
0
0
0
0
0
0
0
0
))
(300 (1 13 1 0 0 401 420)(
0
0
0
0
0
0
0
0
0
0
0
0
0
0
0
0
0
0
0
0
))
(300 (1 14 1 0 0 401 420)(
0
0
0
0
0
0
0
0
0
0
0
0
0
0
0
0
0
0
0
0
))
(300 (2 1 3 0 0 1 400)(
0.00119782 0 0 
3.62189e-07 0 0 
7.36287e-11 0 0 
1.13188e-14 0 0 
1.40338e-18 0 0 
1.46174e-22 0 0 
1.31547e-26 0 0 
1.0441e-30 0 0 
7.42431e-35 0 0 
4.78846e-39 0 0 
2.82942e-43 0 0 
1.54433e-47 0 0 
7.84015e-52 0 0 
3.72393e-56 0 0 
1.6633e-60 0 0 
7.01681e-65 0 0 
2.80663e-69 0 0 
1.06804e-73 0 0 
3.87857e-78 0 0 
1.34781e-82 0 0 
0.00119855 0 0 
3.62484e-07 0 0 
7.36966e-11 0 0 
1.133e-14 0 0 
1.40484e-18 0 0 
1.46332e-22 0 0 
1.31694e-26 0 0 
1.04529e-30 0 0 
7.43293e-35 0 0 
4.79412e-39 0 0 
2.83282e-43 0 0 
1.54621e-47 0 0 
7.84983e-52 0 0 
3.72859e-56 0 0 
1.6654e-60 0 0 
7.02579e-65 0 0 
2.81026e-69 0 0 
1.06944e-73 0 0 
3.88369e-78 0 0 
1.3496e-82 0 0 
0.00119855 0 0 
3.62484e-07 0 0 
7.36966e-11 0 0 
1.133e-14 0 0 
1.40484e-18 0 0 
1.46332e-22 0 0 
1.31694e-26 0 0 
1.04529e-30 0 0 
7.43293e-35 0 0 
4.79412e-39 0 0 
2.83282e-43 0 0 
1.54621e-47 0 0 
7.84983e-52 0 0 
3.72859e-56 0 0 
1.6654e-60 0 0 
7.02579e-65 0 0 
2.81026e-69 0 0 
1.06944e-73 0 0 
3.88369e-78 0 0 
1.3496e-82 0 0 
0.00119855 0 0 
3.62484e-07 0 0 
7.36966e-11 0 0 
1.133e-14 0 0 
1.40484e-18 0 0 
1.46332e-22 0 0 
1.31694e-26 0 0 
1.04529e-30 0 0 
7.43293e-35 0 0 
4.79412e-39 0 0 
2.83282e-43 0 0 
1.54621e-47 0 0 
7.84983e-52 0 0 
3.72859e-56 0 0 
1.6654e-60 0 0 
7.02579e-65 0 0 
2.81026e-69 0 0 
1.06944e-73 0 0 
3.88369e-78 0 0 
1.3496e-82 0 0 
0.00119855 0 0 
3.62484e-07 0 0 
7.36966e-11 0 0 
1.133e-14 0 0 
1.40484e-18 0 0 
1.46332e-22 0 0 
1.31694e-26 0 0 
1.04529e-30 0 0 
7.43293e-35 0 0 
4.79412e-39 0 0 
2.83282e-43 0 0 
1.54621e-47 0 0 
7.84983e-52 0 0 
3.72859e-56 0 0 
1.6654e-60 0 0 
7.02579e-65 0 0 
2.81026e-69 0 0 
1.06944e-73 0 0 
3.88369e-78 0 0 
1.3496e-82 0 0 
0.00119855 0 0 
3.62484e-07 0 0 
7.36966e-11 0 0 
1.133e-14 0 0 
1.40484e-18 0 0 
1.46332e-22 0 0 
1.31694e-26 0 0 
1.04529e-30 0 0 
7.43293e-35 0 0 
4.79412e-39 0 0 
2.83282e-43 0 0 
1.54621e-47 0 0 
7.84983e-52 0 0 
3.72859e-56 0 0 
1.6654e-60 0 0 
7.02579e-65 0 0 
2.81026e-69 0 0 
1.06944e-73 0 0 
3.88369e-78 0 0 
1.3496e-82 0 0 
0.00119855 0 0 
3.62484e-07 0 0 
7.36966e-11 0 0 
1.133e-14 0 0 
1.40484e-18 0 0 
1.46332e-22 0 0 
1.31694e-26 0 0 
1.04529e-30 0 0 
7.43293e-35 0 0 
4.79412e-39 0 0 
2.83282e-43 0 0 
1.54621e-47 0 0 
7.84983e-52 0 0 
3.72859e-56 0 0 
1.6654e-60 0 0 
7.02579e-65 0 0 
2.81026e-69 0 0 
1.06944e-73 0 0 
3.88369e-78 0 0 
1.3496e-82 0 0 
0.00119855 0 0 
3.62484e-07 0 0 
7.36966e-11 0 0 
1.133e-14 0 0 
1.40484e-18 0 0 
1.46332e-22 0 0 
1.31694e-26 0 0 
1.04529e-30 0 0 
7.43293e-35 0 0 
4.79412e-39 0 0 
2.83282e-43 0 0 
1.54621e-47 0 0 
7.84983e-52 0 0 
3.72859e-56 0 0 
1.6654e-60 0 0 
7.02579e-65 0 0 
2.81026e-69 0 0 
1.06944e-73 0 0 
3.88369e-78 0 0 
1.3496e-82 0 0 
0.00119855 0 0 
3.62484e-07 0 0 
7.36966e-11 0 0 
1.133e-14 0 0 
1.40484e-18 0 0 
1.46332e-22 0 0 
1.31694e-26 0 0 
1.04529e-30 0 0 
7.43293e-35 0 0 
4.79412e-39 0 0 
2.83282e-43 0 0 
1.54621e-47 0 0 
7.84983e-52 0 0 
3.72859e-56 0 0 
1.6654e-60 0 0 
7.02579e-65 0 0 
2.81026e-69 0 0 
1.06944e-73 0 0 
3.88369e-78 0 0 
1.3496e-82 0 0 
0.00119855 0 0 
3.62484e-07 0 0 
7.36966e-11 0 0 
1.133e-14 0 0 
1.40484e-18 0 0 
1.46332e-22 0 0 
1.31694e-26 0 0 
1.04529e-30 0 0 
7.43293e-35 0 0 
4.79412e-39 0 0 
2.83282e-43 0 0 
1.54621e-47 0 0 
7.84983e-52 0 0 
3.72859e-56 0 0 
1.6654e-60 0 0 
7.02579e-65 0 0 
2.81026e-69 0 0 
1.06944e-73 0 0 
3.88369e-78 0 0 
1.3496e-82 0 0 
0.00119855 0 0 
3.62484e-07 0 0 
7.36966e-11 0 0 
1.133e-14 0 0 
1.40484e-18 0 0 
1.46332e-22 0 0 
1.31694e-26 0 0 
1.04529e-30 0 0 
7.43293e-35 0 0 
4.79412e-39 0 0 
2.83282e-43 0 0 
1.54621e-47 0 0 
7.84983e-52 0 0 
3.72859e-56 0 0 
1.6654e-60 0 0 
7.02579e-65 0 0 
2.81026e-69 0 0 
1.06944e-73 0 0 
3.88369e-78 0 0 
1.3496e-82 0 0 
0.00119855 0 0 
3.62484e-07 0 0 
7.36966e-11 0 0 
1.133e-14 0 0 
1.40484e-18 0 0 
1.46332e-22 0 0 
1.31694e-26 0 0 
1.04529e-30 0 0 
7.43293e-35 0 0 
4.79412e-39 0 0 
2.83282e-43 0 0 
1.54621e-47 0 0 
7.84983e-52 0 0 
3.72859e-56 0 0 
1.6654e-60 0 0 
7.02579e-65 0 0 
2.81026e-69 0 0 
1.06944e-73 0 0 
3.88369e-78 0 0 
1.3496e-82 0 0 
0.00119855 0 0 
3.62484e-07 0 0 
7.36966e-11 0 0 
1.133e-14 0 0 
1.40484e-18 0 0 
1.46332e-22 0 0 
1.31694e-26 0 0 
1.04529e-30 0 0 
7.43293e-35 0 0 
4.79412e-39 0 0 
2.83282e-43 0 0 
1.54621e-47 0 0 
7.84983e-52 0 0 
3.72859e-56 0 0 
1.6654e-60 0 0 
7.02579e-65 0 0 
2.81026e-69 0 0 
1.06944e-73 0 0 
3.88369e-78 0 0 
1.3496e-82 0 0 
0.00119855 0 0 
3.62484e-07 0 0 
7.36966e-11 0 0 
1.133e-14 0 0 
1.40484e-18 0 0 
1.46332e-22 0 0 
1.31694e-26 0 0 
1.04529e-30 0 0 
7.43293e-35 0 0 
4.79412e-39 0 0 
2.83282e-43 0 0 
1.54621e-47 0 0 
7.84983e-52 0 0 
3.72859e-56 0 0 
1.6654e-60 0 0 
7.02579e-65 0 0 
2.81026e-69 0 0 
1.06944e-73 0 0 
3.88369e-78 0 0 
1.3496e-82 0 0 
0.00119855 0 0 
3.62484e-07 0 0 
7.36966e-11 0 0 
1.133e-14 0 0 
1.40484e-18 0 0 
1.46332e-22 0 0 
1.31694e-26 0 0 
1.04529e-30 0 0 
7.43293e-35 0 0 
4.79412e-39 0 0 
2.83282e-43 0 0 
1.54621e-47 0 0 
7.84983e-52 0 0 
3.72859e-56 0 0 
1.6654e-60 0 0 
7.02579e-65 0 0 
2.81026e-69 0 0 
1.06944e-73 0 0 
3.88369e-78 0 0 
1.3496e-82 0 0 
0.00119855 0 0 
3.62484e-07 0 0 
7.36966e-11 0 0 
1.133e-14 0 0 
1.40484e-18 0 0 
1.46332e-22 0 0 
1.31694e-26 0 0 
1.04529e-30 0 0 
7.43293e-35 0 0 
4.79412e-39 0 0 
2.83282e-43 0 0 
1.54621e-47 0 0 
7.84983e-52 0 0 
3.72859e-56 0 0 
1.6654e-60 0 0 
7.02579e-65 0 0 
2.81026e-69 0 0 
1.06944e-73 0 0 
3.88369e-78 0 0 
1.3496e-82 0 0 
0.00119855 0 0 
3.62484e-07 0 0 
7.36966e-11 0 0 
1.133e-14 0 0 
1.40484e-18 0 0 
1.46332e-22 0 0 
1.31694e-26 0 0 
1.04529e-30 0 0 
7.43293e-35 0 0 
4.79412e-39 0 0 
2.83282e-43 0 0 
1.54621e-47 0 0 
7.84983e-52 0 0 
3.72859e-56 0 0 
1.6654e-60 0 0 
7.02579e-65 0 0 
2.81026e-69 0 0 
1.06944e-73 0 0 
3.88369e-78 0 0 
1.3496e-82 0 0 
0.00119855 0 0 
3.62484e-07 0 0 
7.36966e-11 0 0 
1.133e-14 0 0 
1.40484e-18 0 0 
1.46332e-22 0 0 
1.31694e-26 0 0 
1.04529e-30 0 0 
7.43293e-35 0 0 
4.79412e-39 0 0 
2.83282e-43 0 0 
1.54621e-47 0 0 
7.84983e-52 0 0 
3.72859e-56 0 0 
1.6654e-60 0 0 
7.02579e-65 0 0 
2.81026e-69 0 0 
1.06944e-73 0 0 
3.88369e-78 0 0 
1.3496e-82 0 0 
0.00119855 0 0 
3.62484e-07 0 0 
7.36966e-11 0 0 
1.133e-14 0 0 
1.40484e-18 0 0 
1.46332e-22 0 0 
1.31694e-26 0 0 
1.04529e-30 0 0 
7.43293e-35 0 0 
4.79412e-39 0 0 
2.83282e-43 0 0 
1.54621e-47 0 0 
7.84983e-52 0 0 
3.72859e-56 0 0 
1.6654e-60 0 0 
7.02579e-65 0 0 
2.81026e-69 0 0 
1.06944e-73 0 0 
3.88369e-78 0 0 
1.3496e-82 0 0 
0.00119782 0 0 
3.62189e-07 0 0 
7.36287e-11 0 0 
1.13188e-14 0 0 
1.40338e-18 0 0 
1.46174e-22 0 0 
1.31547e-26 0 0 
1.0441e-30 0 0 
7.42431e-35 0 0 
4.78846e-39 0 0 
2.82942e-43 0 0 
1.54433e-47 0 0 
7.84015e-52 0 0 
3.72393e-56 0 0 
1.6633e-60 0 0 
7.01681e-65 0 0 
2.80663e-69 0 0 
1.06804e-73 0 0 
3.87857e-78 0 0 
1.34781e-82 0 0 
))
(300 (2 10 3 0 0 401 800)(
0 0 0 
0 0 0 
0 0 0 
0 0 0 
0 0 0 
0 0 0 
0 0 0 
0 0 0 
0 0 0 
0 0 0 
0 0 0 
0 0 0 
0 0 0 
0 0 0 
0 0 0 
0 0 0 
0 0 0 
0 0 0 
0 0 0 
0 0 0 
0 0 0 
0 0 0 
0 0 0 
0 0 0 
0 0 0 
0 0 0 
0 0 0 
0 0 0 
0 0 0 
0 0 0 
0 0 0 
0 0 0 
0 0 0 
0 0 0 
0 0 0 
0 0 0 
0 0 0 
0 0 0 
0 0 0 
0 0 0 
0 0 0 
0 0 0 
0 0 0 
0 0 0 
0 0 0 
0 0 0 
0 0 0 
0 0 0 
0 0 0 
0 0 0 
0 0 0 
0 0 0 
0 0 0 
0 0 0 
0 0 0 
0 0 0 
0 0 0 
0 0 0 
0 0 0 
0 0 0 
0 0 0 
0 0 0 
0 0 0 
0 0 0 
0 0 0 
0 0 0 
0 0 0 
0 0 0 
0 0 0 
0 0 0 
0 0 0 
0 0 0 
0 0 0 
0 0 0 
0 0 0 
0 0 0 
0 0 0 
0 0 0 
0 0 0 
0 0 0 
0 0 0 
0 0 0 
0 0 0 
0 0 0 
0 0 0 
0 0 0 
0 0 0 
0 0 0 
0 0 0 
0 0 0 
0 0 0 
0 0 0 
0 0 0 
0 0 0 
0 0 0 
0 0 0 
0 0 0 
0 0 0 
0 0 0 
0 0 0 
0 0 0 
0 0 0 
0 0 0 
0 0 0 
0 0 0 
0 0 0 
0 0 0 
0 0 0 
0 0 0 
0 0 0 
0 0 0 
0 0 0 
0 0 0 
0 0 0 
0 0 0 
0 0 0 
0 0 0 
0 0 0 
0 0 0 
0 0 0 
0 0 0 
0 0 0 
0 0 0 
0 0 0 
0 0 0 
0 0 0 
0 0 0 
0 0 0 
0 0 0 
0 0 0 
0 0 0 
0 0 0 
0 0 0 
0 0 0 
0 0 0 
0 0 0 
0 0 0 
0 0 0 
0 0 0 
0 0 0 
0 0 0 
0 0 0 
0 0 0 
0 0 0 
0 0 0 
0 0 0 
0 0 0 
0 0 0 
0 0 0 
0 0 0 
0 0 0 
0 0 0 
0 0 0 
0 0 0 
0 0 0 
0 0 0 
0 0 0 
0 0 0 
0 0 0 
0 0 0 
0 0 0 
0 0 0 
0 0 0 
0 0 0 
0 0 0 
0 0 0 
0 0 0 
0 0 0 
0 0 0 
0 0 0 
0 0 0 
0 0 0 
0 0 0 
0 0 0 
0 0 0 
0 0 0 
0 0 0 
0 0 0 
0 0 0 
0 0 0 
0 0 0 
0 0 0 
0 0 0 
0 0 0 
0 0 0 
0 0 0 
0 0 0 
0 0 0 
0 0 0 
0 0 0 
0 0 0 
0 0 0 
0 0 0 
0 0 0 
0 0 0 
0 0 0 
0 0 0 
0 0 0 
0 0 0 
0 0 0 
0 0 0 
0 0 0 
0 0 0 
0 0 0 
0 0 0 
0 0 0 
0 0 0 
0 0 0 
0 0 0 
0 0 0 
0 0 0 
0 0 0 
0 0 0 
0 0 0 
0 0 0 
0 0 0 
0 0 0 
0 0 0 
0 0 0 
0 0 0 
0 0 0 
0 0 0 
0 0 0 
0 0 0 
0 0 0 
0 0 0 
0 0 0 
0 0 0 
0 0 0 
0 0 0 
0 0 0 
0 0 0 
0 0 0 
0 0 0 
0 0 0 
0 0 0 
0 0 0 
0 0 0 
0 0 0 
0 0 0 
0 0 0 
0 0 0 
0 0 0 
0 0 0 
0 0 0 
0 0 0 
0 0 0 
0 0 0 
0 0 0 
0 0 0 
0 0 0 
0 0 0 
0 0 0 
0 0 0 
0 0 0 
0 0 0 
0 0 0 
0 0 0 
0 0 0 
0 0 0 
0 0 0 
0 0 0 
0 0 0 
0 0 0 
0 0 0 
0 0 0 
0 0 0 
0 0 0 
0 0 0 
0 0 0 
0 0 0 
0 0 0 
0 0 0 
0 0 0 
0 0 0 
0 0 0 
0 0 0 
0 0 0 
0 0 0 
0 0 0 
0 0 0 
0 0 0 
0 0 0 
0 0 0 
0 0 0 
0 0 0 
0 0 0 
0 0 0 
0 0 0 
0 0 0 
0 0 0 
0 0 0 
0 0 0 
0 0 0 
0 0 0 
0 0 0 
0 0 0 
0 0 0 
0 0 0 
0 0 0 
0 0 0 
0 0 0 
0 0 0 
0 0 0 
0 0 0 
0 0 0 
0 0 0 
0 0 0 
0 0 0 
0 0 0 
0 0 0 
0 0 0 
0 0 0 
0 0 0 
0 0 0 
0 0 0 
0 0 0 
0 0 0 
0 0 0 
0 0 0 
0 0 0 
0 0 0 
0 0 0 
0 0 0 
0 0 0 
0 0 0 
0 0 0 
0 0 0 
0 0 0 
0 0 0 
0 0 0 
0 0 0 
0 0 0 
0 0 0 
0 0 0 
0 0 0 
0 0 0 
0 0 0 
0 0 0 
0 0 0 
0 0 0 
0 0 0 
0 0 0 
0 0 0 
0 0 0 
0 0 0 
0 0 0 
0 0 0 
0 0 0 
0 0 0 
0 0 0 
0 0 0 
0 0 0 
0 0 0 
0 0 0 
0 0 0 
0 0 0 
0 0 0 
0 0 0 
0 0 0 
0 0 0 
0 0 0 
0 0 0 
0 0 0 
0 0 0 
0 0 0 
0 0 0 
0 0 0 
0 0 0 
0 0 0 
0 0 0 
0 0 0 
0 0 0 
0 0 0 
0 0 0 
0 0 0 
0 0 0 
0 0 0 
0 0 0 
0 0 0 
0 0 0 
0 0 0 
0 0 0 
0 0 0 
0 0 0 
0 0 0 
0 0 0 
0 0 0 
0 0 0 
0 0 0 
0 0 0 
0 0 0 
0 0 0 
0 0 0 
0 0 0 
0 0 0 
0 0 0 
0 0 0 
0 0 0 
0 0 0 
))
(300 (2 11 3 0 0 801 1200)(
0 0 0 
0 0 0 
0 0 0 
0 0 0 
0 0 0 
0 0 0 
0 0 0 
0 0 0 
0 0 0 
0 0 0 
0 0 0 
0 0 0 
0 0 0 
0 0 0 
0 0 0 
0 0 0 
0 0 0 
0 0 0 
0 0 0 
0 0 0 
0 0 0 
0 0 0 
0 0 0 
0 0 0 
0 0 0 
0 0 0 
0 0 0 
0 0 0 
0 0 0 
0 0 0 
0 0 0 
0 0 0 
0 0 0 
0 0 0 
0 0 0 
0 0 0 
0 0 0 
0 0 0 
0 0 0 
0 0 0 
0 0 0 
0 0 0 
0 0 0 
0 0 0 
0 0 0 
0 0 0 
0 0 0 
0 0 0 
0 0 0 
0 0 0 
0 0 0 
0 0 0 
0 0 0 
0 0 0 
0 0 0 
0 0 0 
0 0 0 
0 0 0 
0 0 0 
0 0 0 
0 0 0 
0 0 0 
0 0 0 
0 0 0 
0 0 0 
0 0 0 
0 0 0 
0 0 0 
0 0 0 
0 0 0 
0 0 0 
0 0 0 
0 0 0 
0 0 0 
0 0 0 
0 0 0 
0 0 0 
0 0 0 
0 0 0 
0 0 0 
0 0 0 
0 0 0 
0 0 0 
0 0 0 
0 0 0 
0 0 0 
0 0 0 
0 0 0 
0 0 0 
0 0 0 
0 0 0 
0 0 0 
0 0 0 
0 0 0 
0 0 0 
0 0 0 
0 0 0 
0 0 0 
0 0 0 
0 0 0 
0 0 0 
0 0 0 
0 0 0 
0 0 0 
0 0 0 
0 0 0 
0 0 0 
0 0 0 
0 0 0 
0 0 0 
0 0 0 
0 0 0 
0 0 0 
0 0 0 
0 0 0 
0 0 0 
0 0 0 
0 0 0 
0 0 0 
0 0 0 
0 0 0 
0 0 0 
0 0 0 
0 0 0 
0 0 0 
0 0 0 
0 0 0 
0 0 0 
0 0 0 
0 0 0 
0 0 0 
0 0 0 
0 0 0 
0 0 0 
0 0 0 
0 0 0 
0 0 0 
0 0 0 
0 0 0 
0 0 0 
0 0 0 
0 0 0 
0 0 0 
0 0 0 
0 0 0 
0 0 0 
0 0 0 
0 0 0 
0 0 0 
0 0 0 
0 0 0 
0 0 0 
0 0 0 
0 0 0 
0 0 0 
0 0 0 
0 0 0 
0 0 0 
0 0 0 
0 0 0 
0 0 0 
0 0 0 
0 0 0 
0 0 0 
0 0 0 
0 0 0 
0 0 0 
0 0 0 
0 0 0 
0 0 0 
0 0 0 
0 0 0 
0 0 0 
0 0 0 
0 0 0 
0 0 0 
0 0 0 
0 0 0 
0 0 0 
0 0 0 
0 0 0 
0 0 0 
0 0 0 
0 0 0 
0 0 0 
0 0 0 
0 0 0 
0 0 0 
0 0 0 
0 0 0 
0 0 0 
0 0 0 
0 0 0 
0 0 0 
0 0 0 
0 0 0 
0 0 0 
0 0 0 
0 0 0 
0 0 0 
0 0 0 
0 0 0 
0 0 0 
0 0 0 
0 0 0 
0 0 0 
0 0 0 
0 0 0 
0 0 0 
0 0 0 
0 0 0 
0 0 0 
0 0 0 
0 0 0 
0 0 0 
0 0 0 
0 0 0 
0 0 0 
0 0 0 
0 0 0 
0 0 0 
0 0 0 
0 0 0 
0 0 0 
0 0 0 
0 0 0 
0 0 0 
0 0 0 
0 0 0 
0 0 0 
0 0 0 
0 0 0 
0 0 0 
0 0 0 
0 0 0 
0 0 0 
0 0 0 
0 0 0 
0 0 0 
0 0 0 
0 0 0 
0 0 0 
0 0 0 
0 0 0 
0 0 0 
0 0 0 
0 0 0 
0 0 0 
0 0 0 
0 0 0 
0 0 0 
0 0 0 
0 0 0 
0 0 0 
0 0 0 
0 0 0 
0 0 0 
0 0 0 
0 0 0 
0 0 0 
0 0 0 
0 0 0 
0 0 0 
0 0 0 
0 0 0 
0 0 0 
0 0 0 
0 0 0 
0 0 0 
0 0 0 
0 0 0 
0 0 0 
0 0 0 
0 0 0 
0 0 0 
0 0 0 
0 0 0 
0 0 0 
0 0 0 
0 0 0 
0 0 0 
0 0 0 
0 0 0 
0 0 0 
0 0 0 
0 0 0 
0 0 0 
0 0 0 
0 0 0 
0 0 0 
0 0 0 
0 0 0 
0 0 0 
0 0 0 
0 0 0 
0 0 0 
0 0 0 
0 0 0 
0 0 0 
0 0 0 
0 0 0 
0 0 0 
0 0 0 
0 0 0 
0 0 0 
0 0 0 
0 0 0 
0 0 0 
0 0 0 
0 0 0 
0 0 0 
0 0 0 
0 0 0 
0 0 0 
0 0 0 
0 0 0 
0 0 0 
0 0 0 
0 0 0 
0 0 0 
0 0 0 
0 0 0 
0 0 0 
0 0 0 
0 0 0 
0 0 0 
0 0 0 
0 0 0 
0 0 0 
0 0 0 
0 0 0 
0 0 0 
0 0 0 
0 0 0 
0 0 0 
0 0 0 
0 0 0 
0 0 0 
0 0 0 
0 0 0 
0 0 0 
0 0 0 
0 0 0 
0 0 0 
0 0 0 
0 0 0 
0 0 0 
0 0 0 
0 0 0 
0 0 0 
0 0 0 
0 0 0 
0 0 0 
0 0 0 
0 0 0 
0 0 0 
0 0 0 
0 0 0 
0 0 0 
0 0 0 
0 0 0 
0 0 0 
0 0 0 
0 0 0 
0 0 0 
0 0 0 
0 0 0 
0 0 0 
0 0 0 
0 0 0 
0 0 0 
0 0 0 
0 0 0 
0 0 0 
0 0 0 
0 0 0 
0 0 0 
0 0 0 
0 0 0 
0 0 0 
0 0 0 
0 0 0 
0 0 0 
0 0 0 
0 0 0 
0 0 0 
0 0 0 
0 0 0 
0 0 0 
0 0 0 
0 0 0 
0 0 0 
0 0 0 
0 0 0 
0 0 0 
0 0 0 
0 0 0 
0 0 0 
0 0 0 
0 0 0 
))
(300 (2 12 3 0 0 1201 1240)(
0 0 0 
0 0 0 
0 0 0 
0 0 0 
0 0 0 
0 0 0 
0 0 0 
0 0 0 
0 0 0 
0 0 0 
0 0 0 
0 0 0 
0 0 0 
0 0 0 
0 0 0 
0 0 0 
0 0 0 
0 0 0 
0 0 0 
0 0 0 
0 0 0 
0 0 0 
0 0 0 
0 0 0 
0 0 0 
0 0 0 
0 0 0 
0 0 0 
0 0 0 
0 0 0 
0 0 0 
0 0 0 
0 0 0 
0 0 0 
0 0 0 
0 0 0 
0 0 0 
0 0 0 
0 0 0 
0 0 0 
))
(300 (2 13 3 0 0 1241 1260)(
1.34781e-82 0 0 
1.3496e-82 0 0 
1.3496e-82 0 0 
1.3496e-82 0 0 
1.3496e-82 0 0 
1.3496e-82 0 0 
1.3496e-82 0 0 
1.3496e-82 0 0 
1.3496e-82 0 0 
1.3496e-82 0 0 
1.3496e-82 0 0 
1.3496e-82 0 0 
1.3496e-82 0 0 
1.3496e-82 0 0 
1.3496e-82 0 0 
1.3496e-82 0 0 
1.3496e-82 0 0 
1.3496e-82 0 0 
1.3496e-82 0 0 
1.34781e-82 0 0 
))
(300 (2 14 3 0 0 1261 1280)(
1 0 0 
1 0 0 
1 0 0 
1 0 0 
1 0 0 
1 0 0 
1 0 0 
1 0 0 
1 0 0 
1 0 0 
1 0 0 
1 0 0 
1 0 0 
1 0 0 
1 0 0 
1 0 0 
1 0 0 
1 0 0 
1 0 0 
1 0 0 
))
