(0 "FOAM to Fluent data File")

(33 (400 2520 882))
(300 (1 1 1 0 0 1 400)(
0
0
0
0
0
0
0
0
0
0
0
0
0
0
0
0
0
0
0
0
0
0
0
0
0
0
0
0
0
0
0
0
0
0
0
0
0
0
0
0
0
0
0
0
0
0
0
0
0
0
0
0
0
0
0
0
0
0
0
0
0
0
0
0
0
0
0
0
0
0
0
0
0
0
0
0
0
0
0
0
0
0
0
0
0
0
0
0
0
0
0
0
0
0
0
0
0
0
0
0
0
0
0
0
0
0
0
0
0
0
0
0
0
0
0
0
0
0
0
0
0
0
0
0
0
0
0
0
0
0
0
0
0
0
0
0
0
0
0
0
0
0
0
0
0
0
0
0
0
0
0
0
0
0
0
0
0
0
0
0
0
0
0
0
0
0
0
0
0
0
0
0
0
0
0
0
0
0
0
0
0
0
0
0
0
0
0
0
0
0
0
0
0
0
0
0
0
0
0
0
0
0
0
0
0
0
0
0
0
0
0
0
0
0
0
0
0
0
0
0
0
0
0
0
0
0
0
0
0
0
0
0
0
0
0
0
0
0
0
0
0
0
0
0
0
0
0
0
0
0
0
0
0
0
0
0
0
0
0
0
0
0
0
0
0
0
0
0
0
0
0
0
0
0
0
0
0
0
0
0
0
0
0
0
0
0
0
0
0
0
0
0
0
0
0
0
0
0
0
0
0
0
0
0
0
0
0
0
0
0
0
0
0
0
0
0
0
0
0
0
0
0
0
0
0
0
0
0
0
0
0
0
0
0
0
0
0
0
0
0
0
0
0
0
0
0
0
0
0
0
0
0
0
0
0
0
0
0
0
0
0
0
0
0
0
0
0
0
0
0
0
0
0
0
0
0
0
0
0
0
0
0
0
0
0
0
0
0
0
0
0
0
0
0
0
0
0
0
0
0
))
(300 (1 10 1 0 0 401 800)(
0
0
0
0
0
0
0
0
0
0
0
0
0
0
0
0
0
0
0
0
0
0
0
0
0
0
0
0
0
0
0
0
0
0
0
0
0
0
0
0
0
0
0
0
0
0
0
0
0
0
0
0
0
0
0
0
0
0
0
0
0
0
0
0
0
0
0
0
0
0
0
0
0
0
0
0
0
0
0
0
0
0
0
0
0
0
0
0
0
0
0
0
0
0
0
0
0
0
0
0
0
0
0
0
0
0
0
0
0
0
0
0
0
0
0
0
0
0
0
0
0
0
0
0
0
0
0
0
0
0
0
0
0
0
0
0
0
0
0
0
0
0
0
0
0
0
0
0
0
0
0
0
0
0
0
0
0
0
0
0
0
0
0
0
0
0
0
0
0
0
0
0
0
0
0
0
0
0
0
0
0
0
0
0
0
0
0
0
0
0
0
0
0
0
0
0
0
0
0
0
0
0
0
0
0
0
0
0
0
0
0
0
0
0
0
0
0
0
0
0
0
0
0
0
0
0
0
0
0
0
0
0
0
0
0
0
0
0
0
0
0
0
0
0
0
0
0
0
0
0
0
0
0
0
0
0
0
0
0
0
0
0
0
0
0
0
0
0
0
0
0
0
0
0
0
0
0
0
0
0
0
0
0
0
0
0
0
0
0
0
0
0
0
0
0
0
0
0
0
0
0
0
0
0
0
0
0
0
0
0
0
0
0
0
0
0
0
0
0
0
0
0
0
0
0
0
0
0
0
0
0
0
0
0
0
0
0
0
0
0
0
0
0
0
0
0
0
0
0
0
0
0
0
0
0
0
0
0
0
0
0
0
0
0
0
0
0
0
0
0
0
0
0
0
0
0
0
0
0
0
0
0
0
0
0
0
0
0
0
0
0
0
0
0
0
0
0
0
0
0
))
(300 (1 11 1 0 0 401 800)(
0
0
0
0
0
0
0
0
0
0
0
0
0
0
0
0
0
0
0
0
0
0
0
0
0
0
0
0
0
0
0
0
0
0
0
0
0
0
0
0
0
0
0
0
0
0
0
0
0
0
0
0
0
0
0
0
0
0
0
0
0
0
0
0
0
0
0
0
0
0
0
0
0
0
0
0
0
0
0
0
0
0
0
0
0
0
0
0
0
0
0
0
0
0
0
0
0
0
0
0
0
0
0
0
0
0
0
0
0
0
0
0
0
0
0
0
0
0
0
0
0
0
0
0
0
0
0
0
0
0
0
0
0
0
0
0
0
0
0
0
0
0
0
0
0
0
0
0
0
0
0
0
0
0
0
0
0
0
0
0
0
0
0
0
0
0
0
0
0
0
0
0
0
0
0
0
0
0
0
0
0
0
0
0
0
0
0
0
0
0
0
0
0
0
0
0
0
0
0
0
0
0
0
0
0
0
0
0
0
0
0
0
0
0
0
0
0
0
0
0
0
0
0
0
0
0
0
0
0
0
0
0
0
0
0
0
0
0
0
0
0
0
0
0
0
0
0
0
0
0
0
0
0
0
0
0
0
0
0
0
0
0
0
0
0
0
0
0
0
0
0
0
0
0
0
0
0
0
0
0
0
0
0
0
0
0
0
0
0
0
0
0
0
0
0
0
0
0
0
0
0
0
0
0
0
0
0
0
0
0
0
0
0
0
0
0
0
0
0
0
0
0
0
0
0
0
0
0
0
0
0
0
0
0
0
0
0
0
0
0
0
0
0
0
0
0
0
0
0
0
0
0
0
0
0
0
0
0
0
0
0
0
0
0
0
0
0
0
0
0
0
0
0
0
0
0
0
0
0
0
0
0
0
0
0
0
0
0
0
0
0
0
0
0
0
0
0
0
0
0
))
(300 (1 12 1 0 0 401 440)(
0
0
0
0
0
0
0
0
0
0
0
0
0
0
0
0
0
0
0
0
0
0
0
0
0
0
0
0
0
0
0
0
0
0
0
0
0
0
0
0
))
(300 (1 13 1 0 0 401 420)(
0
0
0
0
0
0
0
0
0
0
0
0
0
0
0
0
0
0
0
0
))
(300 (1 14 1 0 0 401 420)(
0
0
0
0
0
0
0
0
0
0
0
0
0
0
0
0
0
0
0
0
))
(300 (2 1 3 0 0 1 400)(
0.000599451 0 0 
9.13961e-08 0 0 
9.4431e-12 0 0 
7.43581e-16 0 0 
4.75861e-20 0 0 
2.57745e-24 0 0 
1.21503e-28 0 0 
5.08771e-33 0 0 
1.92195e-37 0 0 
6.63049e-42 0 0 
2.10963e-46 0 0 
6.24079e-51 0 0 
1.72816e-55 0 0 
4.50543e-60 0 0 
1.11131e-64 0 0 
2.60455e-69 0 0 
5.82176e-74 0 0 
1.24517e-78 0 0 
2.55581e-83 0 0 
5.04768e-88 0 0 
0.000599634 0 0 
9.14338e-08 0 0 
9.44756e-12 0 0 
7.43962e-16 0 0 
4.76119e-20 0 0 
2.5789e-24 0 0 
1.21574e-28 0 0 
5.09078e-33 0 0 
1.92314e-37 0 0 
6.63471e-42 0 0 
2.111e-46 0 0 
6.24493e-51 0 0 
1.72933e-55 0 0 
4.50854e-60 0 0 
1.11209e-64 0 0 
2.60641e-69 0 0 
5.82599e-74 0 0 
1.24609e-78 0 0 
2.55773e-83 0 0 
5.05153e-88 0 0 
0.000599634 0 0 
9.14338e-08 0 0 
9.44756e-12 0 0 
7.43962e-16 0 0 
4.76119e-20 0 0 
2.5789e-24 0 0 
1.21574e-28 0 0 
5.09078e-33 0 0 
1.92314e-37 0 0 
6.63471e-42 0 0 
2.111e-46 0 0 
6.24493e-51 0 0 
1.72933e-55 0 0 
4.50854e-60 0 0 
1.11209e-64 0 0 
2.60641e-69 0 0 
5.82599e-74 0 0 
1.24609e-78 0 0 
2.55773e-83 0 0 
5.05153e-88 0 0 
0.000599634 0 0 
9.14338e-08 0 0 
9.44756e-12 0 0 
7.43962e-16 0 0 
4.76119e-20 0 0 
2.5789e-24 0 0 
1.21574e-28 0 0 
5.09078e-33 0 0 
1.92314e-37 0 0 
6.63471e-42 0 0 
2.111e-46 0 0 
6.24493e-51 0 0 
1.72933e-55 0 0 
4.50854e-60 0 0 
1.11209e-64 0 0 
2.60641e-69 0 0 
5.82599e-74 0 0 
1.24609e-78 0 0 
2.55773e-83 0 0 
5.05153e-88 0 0 
0.000599634 0 0 
9.14338e-08 0 0 
9.44756e-12 0 0 
7.43962e-16 0 0 
4.76119e-20 0 0 
2.5789e-24 0 0 
1.21574e-28 0 0 
5.09078e-33 0 0 
1.92314e-37 0 0 
6.63471e-42 0 0 
2.111e-46 0 0 
6.24493e-51 0 0 
1.72933e-55 0 0 
4.50854e-60 0 0 
1.11209e-64 0 0 
2.60641e-69 0 0 
5.82599e-74 0 0 
1.24609e-78 0 0 
2.55773e-83 0 0 
5.05153e-88 0 0 
0.000599634 0 0 
9.14338e-08 0 0 
9.44756e-12 0 0 
7.43962e-16 0 0 
4.76119e-20 0 0 
2.5789e-24 0 0 
1.21574e-28 0 0 
5.09078e-33 0 0 
1.92314e-37 0 0 
6.63471e-42 0 0 
2.111e-46 0 0 
6.24493e-51 0 0 
1.72933e-55 0 0 
4.50854e-60 0 0 
1.11209e-64 0 0 
2.60641e-69 0 0 
5.82599e-74 0 0 
1.24609e-78 0 0 
2.55773e-83 0 0 
5.05153e-88 0 0 
0.000599634 0 0 
9.14338e-08 0 0 
9.44756e-12 0 0 
7.43962e-16 0 0 
4.76119e-20 0 0 
2.5789e-24 0 0 
1.21574e-28 0 0 
5.09078e-33 0 0 
1.92314e-37 0 0 
6.63471e-42 0 0 
2.111e-46 0 0 
6.24493e-51 0 0 
1.72933e-55 0 0 
4.50854e-60 0 0 
1.11209e-64 0 0 
2.60641e-69 0 0 
5.82599e-74 0 0 
1.24609e-78 0 0 
2.55773e-83 0 0 
5.05153e-88 0 0 
0.000599634 0 0 
9.14338e-08 0 0 
9.44756e-12 0 0 
7.43962e-16 0 0 
4.76119e-20 0 0 
2.5789e-24 0 0 
1.21574e-28 0 0 
5.09078e-33 0 0 
1.92314e-37 0 0 
6.63471e-42 0 0 
2.111e-46 0 0 
6.24493e-51 0 0 
1.72933e-55 0 0 
4.50854e-60 0 0 
1.11209e-64 0 0 
2.60641e-69 0 0 
5.82599e-74 0 0 
1.24609e-78 0 0 
2.55773e-83 0 0 
5.05153e-88 0 0 
0.000599634 0 0 
9.14338e-08 0 0 
9.44756e-12 0 0 
7.43962e-16 0 0 
4.76119e-20 0 0 
2.5789e-24 0 0 
1.21574e-28 0 0 
5.09078e-33 0 0 
1.92314e-37 0 0 
6.63471e-42 0 0 
2.111e-46 0 0 
6.24493e-51 0 0 
1.72933e-55 0 0 
4.50854e-60 0 0 
1.11209e-64 0 0 
2.60641e-69 0 0 
5.82599e-74 0 0 
1.24609e-78 0 0 
2.55773e-83 0 0 
5.05153e-88 0 0 
0.000599634 0 0 
9.14338e-08 0 0 
9.44756e-12 0 0 
7.43962e-16 0 0 
4.76119e-20 0 0 
2.5789e-24 0 0 
1.21574e-28 0 0 
5.09078e-33 0 0 
1.92314e-37 0 0 
6.63471e-42 0 0 
2.111e-46 0 0 
6.24493e-51 0 0 
1.72933e-55 0 0 
4.50854e-60 0 0 
1.11209e-64 0 0 
2.60641e-69 0 0 
5.82599e-74 0 0 
1.24609e-78 0 0 
2.55773e-83 0 0 
5.05153e-88 0 0 
0.000599634 0 0 
9.14338e-08 0 0 
9.44756e-12 0 0 
7.43962e-16 0 0 
4.76119e-20 0 0 
2.5789e-24 0 0 
1.21574e-28 0 0 
5.09078e-33 0 0 
1.92314e-37 0 0 
6.63471e-42 0 0 
2.111e-46 0 0 
6.24493e-51 0 0 
1.72933e-55 0 0 
4.50854e-60 0 0 
1.11209e-64 0 0 
2.60641e-69 0 0 
5.82599e-74 0 0 
1.24609e-78 0 0 
2.55773e-83 0 0 
5.05153e-88 0 0 
0.000599634 0 0 
9.14338e-08 0 0 
9.44756e-12 0 0 
7.43962e-16 0 0 
4.76119e-20 0 0 
2.5789e-24 0 0 
1.21574e-28 0 0 
5.09078e-33 0 0 
1.92314e-37 0 0 
6.63471e-42 0 0 
2.111e-46 0 0 
6.24493e-51 0 0 
1.72933e-55 0 0 
4.50854e-60 0 0 
1.11209e-64 0 0 
2.60641e-69 0 0 
5.82599e-74 0 0 
1.24609e-78 0 0 
2.55773e-83 0 0 
5.05153e-88 0 0 
0.000599634 0 0 
9.14338e-08 0 0 
9.44756e-12 0 0 
7.43962e-16 0 0 
4.76119e-20 0 0 
2.5789e-24 0 0 
1.21574e-28 0 0 
5.09078e-33 0 0 
1.92314e-37 0 0 
6.63471e-42 0 0 
2.111e-46 0 0 
6.24493e-51 0 0 
1.72933e-55 0 0 
4.50854e-60 0 0 
1.11209e-64 0 0 
2.60641e-69 0 0 
5.82599e-74 0 0 
1.24609e-78 0 0 
2.55773e-83 0 0 
5.05153e-88 0 0 
0.000599634 0 0 
9.14338e-08 0 0 
9.44756e-12 0 0 
7.43962e-16 0 0 
4.76119e-20 0 0 
2.5789e-24 0 0 
1.21574e-28 0 0 
5.09078e-33 0 0 
1.92314e-37 0 0 
6.63471e-42 0 0 
2.111e-46 0 0 
6.24493e-51 0 0 
1.72933e-55 0 0 
4.50854e-60 0 0 
1.11209e-64 0 0 
2.60641e-69 0 0 
5.82599e-74 0 0 
1.24609e-78 0 0 
2.55773e-83 0 0 
5.05153e-88 0 0 
0.000599634 0 0 
9.14338e-08 0 0 
9.44756e-12 0 0 
7.43962e-16 0 0 
4.76119e-20 0 0 
2.5789e-24 0 0 
1.21574e-28 0 0 
5.09078e-33 0 0 
1.92314e-37 0 0 
6.63471e-42 0 0 
2.111e-46 0 0 
6.24493e-51 0 0 
1.72933e-55 0 0 
4.50854e-60 0 0 
1.11209e-64 0 0 
2.60641e-69 0 0 
5.82599e-74 0 0 
1.24609e-78 0 0 
2.55773e-83 0 0 
5.05153e-88 0 0 
0.000599634 0 0 
9.14338e-08 0 0 
9.44756e-12 0 0 
7.43962e-16 0 0 
4.76119e-20 0 0 
2.5789e-24 0 0 
1.21574e-28 0 0 
5.09078e-33 0 0 
1.92314e-37 0 0 
6.63471e-42 0 0 
2.111e-46 0 0 
6.24493e-51 0 0 
1.72933e-55 0 0 
4.50854e-60 0 0 
1.11209e-64 0 0 
2.60641e-69 0 0 
5.82599e-74 0 0 
1.24609e-78 0 0 
2.55773e-83 0 0 
5.05153e-88 0 0 
0.000599634 0 0 
9.14338e-08 0 0 
9.44756e-12 0 0 
7.43962e-16 0 0 
4.76119e-20 0 0 
2.5789e-24 0 0 
1.21574e-28 0 0 
5.09078e-33 0 0 
1.92314e-37 0 0 
6.63471e-42 0 0 
2.111e-46 0 0 
6.24493e-51 0 0 
1.72933e-55 0 0 
4.50854e-60 0 0 
1.11209e-64 0 0 
2.60641e-69 0 0 
5.82599e-74 0 0 
1.24609e-78 0 0 
2.55773e-83 0 0 
5.05153e-88 0 0 
0.000599634 0 0 
9.14338e-08 0 0 
9.44756e-12 0 0 
7.43962e-16 0 0 
4.76119e-20 0 0 
2.5789e-24 0 0 
1.21574e-28 0 0 
5.09078e-33 0 0 
1.92314e-37 0 0 
6.63471e-42 0 0 
2.111e-46 0 0 
6.24493e-51 0 0 
1.72933e-55 0 0 
4.50854e-60 0 0 
1.11209e-64 0 0 
2.60641e-69 0 0 
5.82599e-74 0 0 
1.24609e-78 0 0 
2.55773e-83 0 0 
5.05153e-88 0 0 
0.000599634 0 0 
9.14338e-08 0 0 
9.44756e-12 0 0 
7.43962e-16 0 0 
4.76119e-20 0 0 
2.5789e-24 0 0 
1.21574e-28 0 0 
5.09078e-33 0 0 
1.92314e-37 0 0 
6.63471e-42 0 0 
2.111e-46 0 0 
6.24493e-51 0 0 
1.72933e-55 0 0 
4.50854e-60 0 0 
1.11209e-64 0 0 
2.60641e-69 0 0 
5.82599e-74 0 0 
1.24609e-78 0 0 
2.55773e-83 0 0 
5.05153e-88 0 0 
0.000599451 0 0 
9.13961e-08 0 0 
9.4431e-12 0 0 
7.43581e-16 0 0 
4.75861e-20 0 0 
2.57745e-24 0 0 
1.21503e-28 0 0 
5.08771e-33 0 0 
1.92195e-37 0 0 
6.63049e-42 0 0 
2.10963e-46 0 0 
6.24079e-51 0 0 
1.72816e-55 0 0 
4.50543e-60 0 0 
1.11131e-64 0 0 
2.60455e-69 0 0 
5.82176e-74 0 0 
1.24517e-78 0 0 
2.55581e-83 0 0 
5.04769e-88 0 0 
))
(300 (2 10 3 0 0 401 800)(
0 0 0 
0 0 0 
0 0 0 
0 0 0 
0 0 0 
0 0 0 
0 0 0 
0 0 0 
0 0 0 
0 0 0 
0 0 0 
0 0 0 
0 0 0 
0 0 0 
0 0 0 
0 0 0 
0 0 0 
0 0 0 
0 0 0 
0 0 0 
0 0 0 
0 0 0 
0 0 0 
0 0 0 
0 0 0 
0 0 0 
0 0 0 
0 0 0 
0 0 0 
0 0 0 
0 0 0 
0 0 0 
0 0 0 
0 0 0 
0 0 0 
0 0 0 
0 0 0 
0 0 0 
0 0 0 
0 0 0 
0 0 0 
0 0 0 
0 0 0 
0 0 0 
0 0 0 
0 0 0 
0 0 0 
0 0 0 
0 0 0 
0 0 0 
0 0 0 
0 0 0 
0 0 0 
0 0 0 
0 0 0 
0 0 0 
0 0 0 
0 0 0 
0 0 0 
0 0 0 
0 0 0 
0 0 0 
0 0 0 
0 0 0 
0 0 0 
0 0 0 
0 0 0 
0 0 0 
0 0 0 
0 0 0 
0 0 0 
0 0 0 
0 0 0 
0 0 0 
0 0 0 
0 0 0 
0 0 0 
0 0 0 
0 0 0 
0 0 0 
0 0 0 
0 0 0 
0 0 0 
0 0 0 
0 0 0 
0 0 0 
0 0 0 
0 0 0 
0 0 0 
0 0 0 
0 0 0 
0 0 0 
0 0 0 
0 0 0 
0 0 0 
0 0 0 
0 0 0 
0 0 0 
0 0 0 
0 0 0 
0 0 0 
0 0 0 
0 0 0 
0 0 0 
0 0 0 
0 0 0 
0 0 0 
0 0 0 
0 0 0 
0 0 0 
0 0 0 
0 0 0 
0 0 0 
0 0 0 
0 0 0 
0 0 0 
0 0 0 
0 0 0 
0 0 0 
0 0 0 
0 0 0 
0 0 0 
0 0 0 
0 0 0 
0 0 0 
0 0 0 
0 0 0 
0 0 0 
0 0 0 
0 0 0 
0 0 0 
0 0 0 
0 0 0 
0 0 0 
0 0 0 
0 0 0 
0 0 0 
0 0 0 
0 0 0 
0 0 0 
0 0 0 
0 0 0 
0 0 0 
0 0 0 
0 0 0 
0 0 0 
0 0 0 
0 0 0 
0 0 0 
0 0 0 
0 0 0 
0 0 0 
0 0 0 
0 0 0 
0 0 0 
0 0 0 
0 0 0 
0 0 0 
0 0 0 
0 0 0 
0 0 0 
0 0 0 
0 0 0 
0 0 0 
0 0 0 
0 0 0 
0 0 0 
0 0 0 
0 0 0 
0 0 0 
0 0 0 
0 0 0 
0 0 0 
0 0 0 
0 0 0 
0 0 0 
0 0 0 
0 0 0 
0 0 0 
0 0 0 
0 0 0 
0 0 0 
0 0 0 
0 0 0 
0 0 0 
0 0 0 
0 0 0 
0 0 0 
0 0 0 
0 0 0 
0 0 0 
0 0 0 
0 0 0 
0 0 0 
0 0 0 
0 0 0 
0 0 0 
0 0 0 
0 0 0 
0 0 0 
0 0 0 
0 0 0 
0 0 0 
0 0 0 
0 0 0 
0 0 0 
0 0 0 
0 0 0 
0 0 0 
0 0 0 
0 0 0 
0 0 0 
0 0 0 
0 0 0 
0 0 0 
0 0 0 
0 0 0 
0 0 0 
0 0 0 
0 0 0 
0 0 0 
0 0 0 
0 0 0 
0 0 0 
0 0 0 
0 0 0 
0 0 0 
0 0 0 
0 0 0 
0 0 0 
0 0 0 
0 0 0 
0 0 0 
0 0 0 
0 0 0 
0 0 0 
0 0 0 
0 0 0 
0 0 0 
0 0 0 
0 0 0 
0 0 0 
0 0 0 
0 0 0 
0 0 0 
0 0 0 
0 0 0 
0 0 0 
0 0 0 
0 0 0 
0 0 0 
0 0 0 
0 0 0 
0 0 0 
0 0 0 
0 0 0 
0 0 0 
0 0 0 
0 0 0 
0 0 0 
0 0 0 
0 0 0 
0 0 0 
0 0 0 
0 0 0 
0 0 0 
0 0 0 
0 0 0 
0 0 0 
0 0 0 
0 0 0 
0 0 0 
0 0 0 
0 0 0 
0 0 0 
0 0 0 
0 0 0 
0 0 0 
0 0 0 
0 0 0 
0 0 0 
0 0 0 
0 0 0 
0 0 0 
0 0 0 
0 0 0 
0 0 0 
0 0 0 
0 0 0 
0 0 0 
0 0 0 
0 0 0 
0 0 0 
0 0 0 
0 0 0 
0 0 0 
0 0 0 
0 0 0 
0 0 0 
0 0 0 
0 0 0 
0 0 0 
0 0 0 
0 0 0 
0 0 0 
0 0 0 
0 0 0 
0 0 0 
0 0 0 
0 0 0 
0 0 0 
0 0 0 
0 0 0 
0 0 0 
0 0 0 
0 0 0 
0 0 0 
0 0 0 
0 0 0 
0 0 0 
0 0 0 
0 0 0 
0 0 0 
0 0 0 
0 0 0 
0 0 0 
0 0 0 
0 0 0 
0 0 0 
0 0 0 
0 0 0 
0 0 0 
0 0 0 
0 0 0 
0 0 0 
0 0 0 
0 0 0 
0 0 0 
0 0 0 
0 0 0 
0 0 0 
0 0 0 
0 0 0 
0 0 0 
0 0 0 
0 0 0 
0 0 0 
0 0 0 
0 0 0 
0 0 0 
0 0 0 
0 0 0 
0 0 0 
0 0 0 
0 0 0 
0 0 0 
0 0 0 
0 0 0 
0 0 0 
0 0 0 
0 0 0 
0 0 0 
0 0 0 
0 0 0 
0 0 0 
0 0 0 
0 0 0 
0 0 0 
0 0 0 
0 0 0 
0 0 0 
0 0 0 
0 0 0 
0 0 0 
0 0 0 
0 0 0 
0 0 0 
0 0 0 
0 0 0 
0 0 0 
0 0 0 
0 0 0 
0 0 0 
0 0 0 
0 0 0 
0 0 0 
0 0 0 
0 0 0 
0 0 0 
0 0 0 
0 0 0 
0 0 0 
0 0 0 
0 0 0 
0 0 0 
0 0 0 
0 0 0 
0 0 0 
0 0 0 
0 0 0 
))
(300 (2 11 3 0 0 801 1200)(
0 0 0 
0 0 0 
0 0 0 
0 0 0 
0 0 0 
0 0 0 
0 0 0 
0 0 0 
0 0 0 
0 0 0 
0 0 0 
0 0 0 
0 0 0 
0 0 0 
0 0 0 
0 0 0 
0 0 0 
0 0 0 
0 0 0 
0 0 0 
0 0 0 
0 0 0 
0 0 0 
0 0 0 
0 0 0 
0 0 0 
0 0 0 
0 0 0 
0 0 0 
0 0 0 
0 0 0 
0 0 0 
0 0 0 
0 0 0 
0 0 0 
0 0 0 
0 0 0 
0 0 0 
0 0 0 
0 0 0 
0 0 0 
0 0 0 
0 0 0 
0 0 0 
0 0 0 
0 0 0 
0 0 0 
0 0 0 
0 0 0 
0 0 0 
0 0 0 
0 0 0 
0 0 0 
0 0 0 
0 0 0 
0 0 0 
0 0 0 
0 0 0 
0 0 0 
0 0 0 
0 0 0 
0 0 0 
0 0 0 
0 0 0 
0 0 0 
0 0 0 
0 0 0 
0 0 0 
0 0 0 
0 0 0 
0 0 0 
0 0 0 
0 0 0 
0 0 0 
0 0 0 
0 0 0 
0 0 0 
0 0 0 
0 0 0 
0 0 0 
0 0 0 
0 0 0 
0 0 0 
0 0 0 
0 0 0 
0 0 0 
0 0 0 
0 0 0 
0 0 0 
0 0 0 
0 0 0 
0 0 0 
0 0 0 
0 0 0 
0 0 0 
0 0 0 
0 0 0 
0 0 0 
0 0 0 
0 0 0 
0 0 0 
0 0 0 
0 0 0 
0 0 0 
0 0 0 
0 0 0 
0 0 0 
0 0 0 
0 0 0 
0 0 0 
0 0 0 
0 0 0 
0 0 0 
0 0 0 
0 0 0 
0 0 0 
0 0 0 
0 0 0 
0 0 0 
0 0 0 
0 0 0 
0 0 0 
0 0 0 
0 0 0 
0 0 0 
0 0 0 
0 0 0 
0 0 0 
0 0 0 
0 0 0 
0 0 0 
0 0 0 
0 0 0 
0 0 0 
0 0 0 
0 0 0 
0 0 0 
0 0 0 
0 0 0 
0 0 0 
0 0 0 
0 0 0 
0 0 0 
0 0 0 
0 0 0 
0 0 0 
0 0 0 
0 0 0 
0 0 0 
0 0 0 
0 0 0 
0 0 0 
0 0 0 
0 0 0 
0 0 0 
0 0 0 
0 0 0 
0 0 0 
0 0 0 
0 0 0 
0 0 0 
0 0 0 
0 0 0 
0 0 0 
0 0 0 
0 0 0 
0 0 0 
0 0 0 
0 0 0 
0 0 0 
0 0 0 
0 0 0 
0 0 0 
0 0 0 
0 0 0 
0 0 0 
0 0 0 
0 0 0 
0 0 0 
0 0 0 
0 0 0 
0 0 0 
0 0 0 
0 0 0 
0 0 0 
0 0 0 
0 0 0 
0 0 0 
0 0 0 
0 0 0 
0 0 0 
0 0 0 
0 0 0 
0 0 0 
0 0 0 
0 0 0 
0 0 0 
0 0 0 
0 0 0 
0 0 0 
0 0 0 
0 0 0 
0 0 0 
0 0 0 
0 0 0 
0 0 0 
0 0 0 
0 0 0 
0 0 0 
0 0 0 
0 0 0 
0 0 0 
0 0 0 
0 0 0 
0 0 0 
0 0 0 
0 0 0 
0 0 0 
0 0 0 
0 0 0 
0 0 0 
0 0 0 
0 0 0 
0 0 0 
0 0 0 
0 0 0 
0 0 0 
0 0 0 
0 0 0 
0 0 0 
0 0 0 
0 0 0 
0 0 0 
0 0 0 
0 0 0 
0 0 0 
0 0 0 
0 0 0 
0 0 0 
0 0 0 
0 0 0 
0 0 0 
0 0 0 
0 0 0 
0 0 0 
0 0 0 
0 0 0 
0 0 0 
0 0 0 
0 0 0 
0 0 0 
0 0 0 
0 0 0 
0 0 0 
0 0 0 
0 0 0 
0 0 0 
0 0 0 
0 0 0 
0 0 0 
0 0 0 
0 0 0 
0 0 0 
0 0 0 
0 0 0 
0 0 0 
0 0 0 
0 0 0 
0 0 0 
0 0 0 
0 0 0 
0 0 0 
0 0 0 
0 0 0 
0 0 0 
0 0 0 
0 0 0 
0 0 0 
0 0 0 
0 0 0 
0 0 0 
0 0 0 
0 0 0 
0 0 0 
0 0 0 
0 0 0 
0 0 0 
0 0 0 
0 0 0 
0 0 0 
0 0 0 
0 0 0 
0 0 0 
0 0 0 
0 0 0 
0 0 0 
0 0 0 
0 0 0 
0 0 0 
0 0 0 
0 0 0 
0 0 0 
0 0 0 
0 0 0 
0 0 0 
0 0 0 
0 0 0 
0 0 0 
0 0 0 
0 0 0 
0 0 0 
0 0 0 
0 0 0 
0 0 0 
0 0 0 
0 0 0 
0 0 0 
0 0 0 
0 0 0 
0 0 0 
0 0 0 
0 0 0 
0 0 0 
0 0 0 
0 0 0 
0 0 0 
0 0 0 
0 0 0 
0 0 0 
0 0 0 
0 0 0 
0 0 0 
0 0 0 
0 0 0 
0 0 0 
0 0 0 
0 0 0 
0 0 0 
0 0 0 
0 0 0 
0 0 0 
0 0 0 
0 0 0 
0 0 0 
0 0 0 
0 0 0 
0 0 0 
0 0 0 
0 0 0 
0 0 0 
0 0 0 
0 0 0 
0 0 0 
0 0 0 
0 0 0 
0 0 0 
0 0 0 
0 0 0 
0 0 0 
0 0 0 
0 0 0 
0 0 0 
0 0 0 
0 0 0 
0 0 0 
0 0 0 
0 0 0 
0 0 0 
0 0 0 
0 0 0 
0 0 0 
0 0 0 
0 0 0 
0 0 0 
0 0 0 
0 0 0 
0 0 0 
0 0 0 
0 0 0 
0 0 0 
0 0 0 
0 0 0 
0 0 0 
0 0 0 
0 0 0 
0 0 0 
0 0 0 
0 0 0 
0 0 0 
0 0 0 
0 0 0 
0 0 0 
0 0 0 
0 0 0 
0 0 0 
0 0 0 
0 0 0 
0 0 0 
0 0 0 
0 0 0 
))
(300 (2 12 3 0 0 1201 1240)(
0 0 0 
0 0 0 
0 0 0 
0 0 0 
0 0 0 
0 0 0 
0 0 0 
0 0 0 
0 0 0 
0 0 0 
0 0 0 
0 0 0 
0 0 0 
0 0 0 
0 0 0 
0 0 0 
0 0 0 
0 0 0 
0 0 0 
0 0 0 
0 0 0 
0 0 0 
0 0 0 
0 0 0 
0 0 0 
0 0 0 
0 0 0 
0 0 0 
0 0 0 
0 0 0 
0 0 0 
0 0 0 
0 0 0 
0 0 0 
0 0 0 
0 0 0 
0 0 0 
0 0 0 
0 0 0 
0 0 0 
))
(300 (2 13 3 0 0 1241 1260)(
5.04768e-88 0 0 
5.05153e-88 0 0 
5.05153e-88 0 0 
5.05153e-88 0 0 
5.05153e-88 0 0 
5.05153e-88 0 0 
5.05153e-88 0 0 
5.05153e-88 0 0 
5.05153e-88 0 0 
5.05153e-88 0 0 
5.05153e-88 0 0 
5.05153e-88 0 0 
5.05153e-88 0 0 
5.05153e-88 0 0 
5.05153e-88 0 0 
5.05153e-88 0 0 
5.05153e-88 0 0 
5.05153e-88 0 0 
5.05153e-88 0 0 
5.04769e-88 0 0 
))
(300 (2 14 3 0 0 1261 1280)(
1 0 0 
1 0 0 
1 0 0 
1 0 0 
1 0 0 
1 0 0 
1 0 0 
1 0 0 
1 0 0 
1 0 0 
1 0 0 
1 0 0 
1 0 0 
1 0 0 
1 0 0 
1 0 0 
1 0 0 
1 0 0 
1 0 0 
1 0 0 
))
