(0 "FOAM to Fluent data File")

(33 (400 2520 882))
(300 (1 1 1 0 0 1 400)(
0
0
0
0
0
0
0
0
0
0
0
0
0
0
0
0
0
0
0
0
0
0
0
0
0
0
0
0
0
0
0
0
0
0
0
0
0
0
0
0
0
0
0
0
0
0
0
0
0
0
0
0
0
0
0
0
0
0
0
0
0
0
0
0
0
0
0
0
0
0
0
0
0
0
0
0
0
0
0
0
0
0
0
0
0
0
0
0
0
0
0
0
0
0
0
0
0
0
0
0
0
0
0
0
0
0
0
0
0
0
0
0
0
0
0
0
0
0
0
0
0
0
0
0
0
0
0
0
0
0
0
0
0
0
0
0
0
0
0
0
0
0
0
0
0
0
0
0
0
0
0
0
0
0
0
0
0
0
0
0
0
0
0
0
0
0
0
0
0
0
0
0
0
0
0
0
0
0
0
0
0
0
0
0
0
0
0
0
0
0
0
0
0
0
0
0
0
0
0
0
0
0
0
0
0
0
0
0
0
0
0
0
0
0
0
0
0
0
0
0
0
0
0
0
0
0
0
0
0
0
0
0
0
0
0
0
0
0
0
0
0
0
0
0
0
0
0
0
0
0
0
0
0
0
0
0
0
0
0
0
0
0
0
0
0
0
0
0
0
0
0
0
0
0
0
0
0
0
0
0
0
0
0
0
0
0
0
0
0
0
0
0
0
0
0
0
0
0
0
0
0
0
0
0
0
0
0
0
0
0
0
0
0
0
0
0
0
0
0
0
0
0
0
0
0
0
0
0
0
0
0
0
0
0
0
0
0
0
0
0
0
0
0
0
0
0
0
0
0
0
0
0
0
0
0
0
0
0
0
0
0
0
0
0
0
0
0
0
0
0
0
0
0
0
0
0
0
0
0
0
0
0
0
0
0
0
0
0
0
0
0
0
0
0
0
0
0
0
0
0
))
(300 (1 10 1 0 0 401 800)(
0
0
0
0
0
0
0
0
0
0
0
0
0
0
0
0
0
0
0
0
0
0
0
0
0
0
0
0
0
0
0
0
0
0
0
0
0
0
0
0
0
0
0
0
0
0
0
0
0
0
0
0
0
0
0
0
0
0
0
0
0
0
0
0
0
0
0
0
0
0
0
0
0
0
0
0
0
0
0
0
0
0
0
0
0
0
0
0
0
0
0
0
0
0
0
0
0
0
0
0
0
0
0
0
0
0
0
0
0
0
0
0
0
0
0
0
0
0
0
0
0
0
0
0
0
0
0
0
0
0
0
0
0
0
0
0
0
0
0
0
0
0
0
0
0
0
0
0
0
0
0
0
0
0
0
0
0
0
0
0
0
0
0
0
0
0
0
0
0
0
0
0
0
0
0
0
0
0
0
0
0
0
0
0
0
0
0
0
0
0
0
0
0
0
0
0
0
0
0
0
0
0
0
0
0
0
0
0
0
0
0
0
0
0
0
0
0
0
0
0
0
0
0
0
0
0
0
0
0
0
0
0
0
0
0
0
0
0
0
0
0
0
0
0
0
0
0
0
0
0
0
0
0
0
0
0
0
0
0
0
0
0
0
0
0
0
0
0
0
0
0
0
0
0
0
0
0
0
0
0
0
0
0
0
0
0
0
0
0
0
0
0
0
0
0
0
0
0
0
0
0
0
0
0
0
0
0
0
0
0
0
0
0
0
0
0
0
0
0
0
0
0
0
0
0
0
0
0
0
0
0
0
0
0
0
0
0
0
0
0
0
0
0
0
0
0
0
0
0
0
0
0
0
0
0
0
0
0
0
0
0
0
0
0
0
0
0
0
0
0
0
0
0
0
0
0
0
0
0
0
0
0
0
0
0
0
0
0
0
0
0
0
0
0
0
0
0
0
0
0
))
(300 (1 11 1 0 0 401 800)(
0
0
0
0
0
0
0
0
0
0
0
0
0
0
0
0
0
0
0
0
0
0
0
0
0
0
0
0
0
0
0
0
0
0
0
0
0
0
0
0
0
0
0
0
0
0
0
0
0
0
0
0
0
0
0
0
0
0
0
0
0
0
0
0
0
0
0
0
0
0
0
0
0
0
0
0
0
0
0
0
0
0
0
0
0
0
0
0
0
0
0
0
0
0
0
0
0
0
0
0
0
0
0
0
0
0
0
0
0
0
0
0
0
0
0
0
0
0
0
0
0
0
0
0
0
0
0
0
0
0
0
0
0
0
0
0
0
0
0
0
0
0
0
0
0
0
0
0
0
0
0
0
0
0
0
0
0
0
0
0
0
0
0
0
0
0
0
0
0
0
0
0
0
0
0
0
0
0
0
0
0
0
0
0
0
0
0
0
0
0
0
0
0
0
0
0
0
0
0
0
0
0
0
0
0
0
0
0
0
0
0
0
0
0
0
0
0
0
0
0
0
0
0
0
0
0
0
0
0
0
0
0
0
0
0
0
0
0
0
0
0
0
0
0
0
0
0
0
0
0
0
0
0
0
0
0
0
0
0
0
0
0
0
0
0
0
0
0
0
0
0
0
0
0
0
0
0
0
0
0
0
0
0
0
0
0
0
0
0
0
0
0
0
0
0
0
0
0
0
0
0
0
0
0
0
0
0
0
0
0
0
0
0
0
0
0
0
0
0
0
0
0
0
0
0
0
0
0
0
0
0
0
0
0
0
0
0
0
0
0
0
0
0
0
0
0
0
0
0
0
0
0
0
0
0
0
0
0
0
0
0
0
0
0
0
0
0
0
0
0
0
0
0
0
0
0
0
0
0
0
0
0
0
0
0
0
0
0
0
0
0
0
0
0
0
0
0
0
0
0
))
(300 (1 12 1 0 0 401 440)(
0
0
0
0
0
0
0
0
0
0
0
0
0
0
0
0
0
0
0
0
0
0
0
0
0
0
0
0
0
0
0
0
0
0
0
0
0
0
0
0
))
(300 (1 13 1 0 0 401 420)(
0
0
0
0
0
0
0
0
0
0
0
0
0
0
0
0
0
0
0
0
))
(300 (1 14 1 0 0 401 420)(
0
0
0
0
0
0
0
0
0
0
0
0
0
0
0
0
0
0
0
0
))
(300 (2 1 3 0 0 1 400)(
0.000399754 0 0 
4.09684e-08 0 0 
2.86753e-12 0 0 
1.5412e-16 0 0 
6.78094e-21 0 0 
2.54274e-25 0 0 
8.35439e-30 0 0 
2.45401e-34 0 0 
6.54382e-39 0 0 
1.60318e-43 0 0 
3.64349e-48 0 0 
7.74218e-53 0 0 
1.54839e-57 0 0 
2.9308e-62 0 0 
5.27528e-67 0 0 
9.06664e-72 0 0 
1.49329e-76 0 0 
2.3643e-81 0 0 
3.60858e-86 0 0 
5.32258e-91 0 0 
0.000399836 0 0 
4.09799e-08 0 0 
2.86846e-12 0 0 
1.54174e-16 0 0 
6.78348e-21 0 0 
2.54374e-25 0 0 
8.35783e-30 0 0 
2.45506e-34 0 0 
6.5467e-39 0 0 
1.60391e-43 0 0 
3.64519e-48 0 0 
7.74589e-53 0 0 
1.54915e-57 0 0 
2.93227e-62 0 0 
5.278e-67 0 0 
9.07141e-72 0 0 
1.49409e-76 0 0 
2.3656e-81 0 0 
3.6106e-86 0 0 
5.32562e-91 0 0 
0.000399836 0 0 
4.09799e-08 0 0 
2.86846e-12 0 0 
1.54174e-16 0 0 
6.78348e-21 0 0 
2.54374e-25 0 0 
8.35783e-30 0 0 
2.45506e-34 0 0 
6.5467e-39 0 0 
1.60391e-43 0 0 
3.64519e-48 0 0 
7.74589e-53 0 0 
1.54915e-57 0 0 
2.93227e-62 0 0 
5.278e-67 0 0 
9.07141e-72 0 0 
1.49409e-76 0 0 
2.3656e-81 0 0 
3.6106e-86 0 0 
5.32562e-91 0 0 
0.000399836 0 0 
4.09799e-08 0 0 
2.86846e-12 0 0 
1.54174e-16 0 0 
6.78348e-21 0 0 
2.54374e-25 0 0 
8.35783e-30 0 0 
2.45506e-34 0 0 
6.5467e-39 0 0 
1.60391e-43 0 0 
3.64519e-48 0 0 
7.74589e-53 0 0 
1.54915e-57 0 0 
2.93227e-62 0 0 
5.278e-67 0 0 
9.07141e-72 0 0 
1.49409e-76 0 0 
2.3656e-81 0 0 
3.6106e-86 0 0 
5.32562e-91 0 0 
0.000399836 0 0 
4.09799e-08 0 0 
2.86846e-12 0 0 
1.54174e-16 0 0 
6.78348e-21 0 0 
2.54374e-25 0 0 
8.35783e-30 0 0 
2.45506e-34 0 0 
6.5467e-39 0 0 
1.60391e-43 0 0 
3.64519e-48 0 0 
7.74589e-53 0 0 
1.54915e-57 0 0 
2.93227e-62 0 0 
5.278e-67 0 0 
9.07141e-72 0 0 
1.49409e-76 0 0 
2.3656e-81 0 0 
3.6106e-86 0 0 
5.32562e-91 0 0 
0.000399836 0 0 
4.09799e-08 0 0 
2.86846e-12 0 0 
1.54174e-16 0 0 
6.78348e-21 0 0 
2.54374e-25 0 0 
8.35783e-30 0 0 
2.45506e-34 0 0 
6.5467e-39 0 0 
1.60391e-43 0 0 
3.64519e-48 0 0 
7.74589e-53 0 0 
1.54915e-57 0 0 
2.93227e-62 0 0 
5.278e-67 0 0 
9.07141e-72 0 0 
1.49409e-76 0 0 
2.3656e-81 0 0 
3.6106e-86 0 0 
5.32562e-91 0 0 
0.000399836 0 0 
4.09799e-08 0 0 
2.86846e-12 0 0 
1.54174e-16 0 0 
6.78348e-21 0 0 
2.54374e-25 0 0 
8.35783e-30 0 0 
2.45506e-34 0 0 
6.5467e-39 0 0 
1.60391e-43 0 0 
3.64519e-48 0 0 
7.74589e-53 0 0 
1.54915e-57 0 0 
2.93227e-62 0 0 
5.278e-67 0 0 
9.07141e-72 0 0 
1.49409e-76 0 0 
2.3656e-81 0 0 
3.6106e-86 0 0 
5.32562e-91 0 0 
0.000399836 0 0 
4.09799e-08 0 0 
2.86846e-12 0 0 
1.54174e-16 0 0 
6.78348e-21 0 0 
2.54374e-25 0 0 
8.35783e-30 0 0 
2.45506e-34 0 0 
6.5467e-39 0 0 
1.60391e-43 0 0 
3.64519e-48 0 0 
7.74589e-53 0 0 
1.54915e-57 0 0 
2.93227e-62 0 0 
5.278e-67 0 0 
9.07141e-72 0 0 
1.49409e-76 0 0 
2.3656e-81 0 0 
3.6106e-86 0 0 
5.32562e-91 0 0 
0.000399836 0 0 
4.09799e-08 0 0 
2.86846e-12 0 0 
1.54174e-16 0 0 
6.78348e-21 0 0 
2.54374e-25 0 0 
8.35783e-30 0 0 
2.45506e-34 0 0 
6.5467e-39 0 0 
1.60391e-43 0 0 
3.64519e-48 0 0 
7.74589e-53 0 0 
1.54915e-57 0 0 
2.93227e-62 0 0 
5.278e-67 0 0 
9.07141e-72 0 0 
1.49409e-76 0 0 
2.3656e-81 0 0 
3.6106e-86 0 0 
5.32562e-91 0 0 
0.000399836 0 0 
4.09799e-08 0 0 
2.86846e-12 0 0 
1.54174e-16 0 0 
6.78348e-21 0 0 
2.54374e-25 0 0 
8.35783e-30 0 0 
2.45506e-34 0 0 
6.5467e-39 0 0 
1.60391e-43 0 0 
3.64519e-48 0 0 
7.74589e-53 0 0 
1.54915e-57 0 0 
2.93227e-62 0 0 
5.278e-67 0 0 
9.07141e-72 0 0 
1.49409e-76 0 0 
2.3656e-81 0 0 
3.6106e-86 0 0 
5.32562e-91 0 0 
0.000399836 0 0 
4.09799e-08 0 0 
2.86846e-12 0 0 
1.54174e-16 0 0 
6.78348e-21 0 0 
2.54374e-25 0 0 
8.35783e-30 0 0 
2.45506e-34 0 0 
6.5467e-39 0 0 
1.60391e-43 0 0 
3.64519e-48 0 0 
7.74589e-53 0 0 
1.54915e-57 0 0 
2.93227e-62 0 0 
5.278e-67 0 0 
9.07141e-72 0 0 
1.49409e-76 0 0 
2.3656e-81 0 0 
3.6106e-86 0 0 
5.32562e-91 0 0 
0.000399836 0 0 
4.09799e-08 0 0 
2.86846e-12 0 0 
1.54174e-16 0 0 
6.78348e-21 0 0 
2.54374e-25 0 0 
8.35783e-30 0 0 
2.45506e-34 0 0 
6.5467e-39 0 0 
1.60391e-43 0 0 
3.64519e-48 0 0 
7.74589e-53 0 0 
1.54915e-57 0 0 
2.93227e-62 0 0 
5.278e-67 0 0 
9.07141e-72 0 0 
1.49409e-76 0 0 
2.3656e-81 0 0 
3.6106e-86 0 0 
5.32562e-91 0 0 
0.000399836 0 0 
4.09799e-08 0 0 
2.86846e-12 0 0 
1.54174e-16 0 0 
6.78348e-21 0 0 
2.54374e-25 0 0 
8.35783e-30 0 0 
2.45506e-34 0 0 
6.5467e-39 0 0 
1.60391e-43 0 0 
3.64519e-48 0 0 
7.74589e-53 0 0 
1.54915e-57 0 0 
2.93227e-62 0 0 
5.278e-67 0 0 
9.07141e-72 0 0 
1.49409e-76 0 0 
2.3656e-81 0 0 
3.6106e-86 0 0 
5.32562e-91 0 0 
0.000399836 0 0 
4.09799e-08 0 0 
2.86846e-12 0 0 
1.54174e-16 0 0 
6.78348e-21 0 0 
2.54374e-25 0 0 
8.35783e-30 0 0 
2.45506e-34 0 0 
6.5467e-39 0 0 
1.60391e-43 0 0 
3.64519e-48 0 0 
7.74589e-53 0 0 
1.54915e-57 0 0 
2.93227e-62 0 0 
5.278e-67 0 0 
9.07141e-72 0 0 
1.49409e-76 0 0 
2.3656e-81 0 0 
3.6106e-86 0 0 
5.32562e-91 0 0 
0.000399836 0 0 
4.09799e-08 0 0 
2.86846e-12 0 0 
1.54174e-16 0 0 
6.78348e-21 0 0 
2.54374e-25 0 0 
8.35783e-30 0 0 
2.45506e-34 0 0 
6.5467e-39 0 0 
1.60391e-43 0 0 
3.64519e-48 0 0 
7.74589e-53 0 0 
1.54915e-57 0 0 
2.93227e-62 0 0 
5.278e-67 0 0 
9.07141e-72 0 0 
1.49409e-76 0 0 
2.3656e-81 0 0 
3.6106e-86 0 0 
5.32562e-91 0 0 
0.000399836 0 0 
4.09799e-08 0 0 
2.86846e-12 0 0 
1.54174e-16 0 0 
6.78348e-21 0 0 
2.54374e-25 0 0 
8.35783e-30 0 0 
2.45506e-34 0 0 
6.5467e-39 0 0 
1.60391e-43 0 0 
3.64519e-48 0 0 
7.74589e-53 0 0 
1.54915e-57 0 0 
2.93227e-62 0 0 
5.278e-67 0 0 
9.07141e-72 0 0 
1.49409e-76 0 0 
2.3656e-81 0 0 
3.6106e-86 0 0 
5.32562e-91 0 0 
0.000399836 0 0 
4.09799e-08 0 0 
2.86846e-12 0 0 
1.54174e-16 0 0 
6.78348e-21 0 0 
2.54374e-25 0 0 
8.35783e-30 0 0 
2.45506e-34 0 0 
6.5467e-39 0 0 
1.60391e-43 0 0 
3.64519e-48 0 0 
7.74589e-53 0 0 
1.54915e-57 0 0 
2.93227e-62 0 0 
5.278e-67 0 0 
9.07141e-72 0 0 
1.49409e-76 0 0 
2.3656e-81 0 0 
3.6106e-86 0 0 
5.32562e-91 0 0 
0.000399836 0 0 
4.09799e-08 0 0 
2.86846e-12 0 0 
1.54174e-16 0 0 
6.78348e-21 0 0 
2.54374e-25 0 0 
8.35783e-30 0 0 
2.45506e-34 0 0 
6.5467e-39 0 0 
1.60391e-43 0 0 
3.64519e-48 0 0 
7.74589e-53 0 0 
1.54915e-57 0 0 
2.93227e-62 0 0 
5.278e-67 0 0 
9.07141e-72 0 0 
1.49409e-76 0 0 
2.3656e-81 0 0 
3.6106e-86 0 0 
5.32562e-91 0 0 
0.000399836 0 0 
4.09799e-08 0 0 
2.86846e-12 0 0 
1.54174e-16 0 0 
6.78348e-21 0 0 
2.54374e-25 0 0 
8.35783e-30 0 0 
2.45506e-34 0 0 
6.5467e-39 0 0 
1.60391e-43 0 0 
3.64519e-48 0 0 
7.74589e-53 0 0 
1.54915e-57 0 0 
2.93227e-62 0 0 
5.278e-67 0 0 
9.07141e-72 0 0 
1.49409e-76 0 0 
2.3656e-81 0 0 
3.6106e-86 0 0 
5.32562e-91 0 0 
0.000399754 0 0 
4.09684e-08 0 0 
2.86753e-12 0 0 
1.5412e-16 0 0 
6.78094e-21 0 0 
2.54274e-25 0 0 
8.35439e-30 0 0 
2.45401e-34 0 0 
6.54382e-39 0 0 
1.60318e-43 0 0 
3.64349e-48 0 0 
7.74218e-53 0 0 
1.54839e-57 0 0 
2.9308e-62 0 0 
5.27529e-67 0 0 
9.06665e-72 0 0 
1.49329e-76 0 0 
2.36431e-81 0 0 
3.60859e-86 0 0 
5.3226e-91 0 0 
))
(300 (2 10 3 0 0 401 800)(
0 0 0 
0 0 0 
0 0 0 
0 0 0 
0 0 0 
0 0 0 
0 0 0 
0 0 0 
0 0 0 
0 0 0 
0 0 0 
0 0 0 
0 0 0 
0 0 0 
0 0 0 
0 0 0 
0 0 0 
0 0 0 
0 0 0 
0 0 0 
0 0 0 
0 0 0 
0 0 0 
0 0 0 
0 0 0 
0 0 0 
0 0 0 
0 0 0 
0 0 0 
0 0 0 
0 0 0 
0 0 0 
0 0 0 
0 0 0 
0 0 0 
0 0 0 
0 0 0 
0 0 0 
0 0 0 
0 0 0 
0 0 0 
0 0 0 
0 0 0 
0 0 0 
0 0 0 
0 0 0 
0 0 0 
0 0 0 
0 0 0 
0 0 0 
0 0 0 
0 0 0 
0 0 0 
0 0 0 
0 0 0 
0 0 0 
0 0 0 
0 0 0 
0 0 0 
0 0 0 
0 0 0 
0 0 0 
0 0 0 
0 0 0 
0 0 0 
0 0 0 
0 0 0 
0 0 0 
0 0 0 
0 0 0 
0 0 0 
0 0 0 
0 0 0 
0 0 0 
0 0 0 
0 0 0 
0 0 0 
0 0 0 
0 0 0 
0 0 0 
0 0 0 
0 0 0 
0 0 0 
0 0 0 
0 0 0 
0 0 0 
0 0 0 
0 0 0 
0 0 0 
0 0 0 
0 0 0 
0 0 0 
0 0 0 
0 0 0 
0 0 0 
0 0 0 
0 0 0 
0 0 0 
0 0 0 
0 0 0 
0 0 0 
0 0 0 
0 0 0 
0 0 0 
0 0 0 
0 0 0 
0 0 0 
0 0 0 
0 0 0 
0 0 0 
0 0 0 
0 0 0 
0 0 0 
0 0 0 
0 0 0 
0 0 0 
0 0 0 
0 0 0 
0 0 0 
0 0 0 
0 0 0 
0 0 0 
0 0 0 
0 0 0 
0 0 0 
0 0 0 
0 0 0 
0 0 0 
0 0 0 
0 0 0 
0 0 0 
0 0 0 
0 0 0 
0 0 0 
0 0 0 
0 0 0 
0 0 0 
0 0 0 
0 0 0 
0 0 0 
0 0 0 
0 0 0 
0 0 0 
0 0 0 
0 0 0 
0 0 0 
0 0 0 
0 0 0 
0 0 0 
0 0 0 
0 0 0 
0 0 0 
0 0 0 
0 0 0 
0 0 0 
0 0 0 
0 0 0 
0 0 0 
0 0 0 
0 0 0 
0 0 0 
0 0 0 
0 0 0 
0 0 0 
0 0 0 
0 0 0 
0 0 0 
0 0 0 
0 0 0 
0 0 0 
0 0 0 
0 0 0 
0 0 0 
0 0 0 
0 0 0 
0 0 0 
0 0 0 
0 0 0 
0 0 0 
0 0 0 
0 0 0 
0 0 0 
0 0 0 
0 0 0 
0 0 0 
0 0 0 
0 0 0 
0 0 0 
0 0 0 
0 0 0 
0 0 0 
0 0 0 
0 0 0 
0 0 0 
0 0 0 
0 0 0 
0 0 0 
0 0 0 
0 0 0 
0 0 0 
0 0 0 
0 0 0 
0 0 0 
0 0 0 
0 0 0 
0 0 0 
0 0 0 
0 0 0 
0 0 0 
0 0 0 
0 0 0 
0 0 0 
0 0 0 
0 0 0 
0 0 0 
0 0 0 
0 0 0 
0 0 0 
0 0 0 
0 0 0 
0 0 0 
0 0 0 
0 0 0 
0 0 0 
0 0 0 
0 0 0 
0 0 0 
0 0 0 
0 0 0 
0 0 0 
0 0 0 
0 0 0 
0 0 0 
0 0 0 
0 0 0 
0 0 0 
0 0 0 
0 0 0 
0 0 0 
0 0 0 
0 0 0 
0 0 0 
0 0 0 
0 0 0 
0 0 0 
0 0 0 
0 0 0 
0 0 0 
0 0 0 
0 0 0 
0 0 0 
0 0 0 
0 0 0 
0 0 0 
0 0 0 
0 0 0 
0 0 0 
0 0 0 
0 0 0 
0 0 0 
0 0 0 
0 0 0 
0 0 0 
0 0 0 
0 0 0 
0 0 0 
0 0 0 
0 0 0 
0 0 0 
0 0 0 
0 0 0 
0 0 0 
0 0 0 
0 0 0 
0 0 0 
0 0 0 
0 0 0 
0 0 0 
0 0 0 
0 0 0 
0 0 0 
0 0 0 
0 0 0 
0 0 0 
0 0 0 
0 0 0 
0 0 0 
0 0 0 
0 0 0 
0 0 0 
0 0 0 
0 0 0 
0 0 0 
0 0 0 
0 0 0 
0 0 0 
0 0 0 
0 0 0 
0 0 0 
0 0 0 
0 0 0 
0 0 0 
0 0 0 
0 0 0 
0 0 0 
0 0 0 
0 0 0 
0 0 0 
0 0 0 
0 0 0 
0 0 0 
0 0 0 
0 0 0 
0 0 0 
0 0 0 
0 0 0 
0 0 0 
0 0 0 
0 0 0 
0 0 0 
0 0 0 
0 0 0 
0 0 0 
0 0 0 
0 0 0 
0 0 0 
0 0 0 
0 0 0 
0 0 0 
0 0 0 
0 0 0 
0 0 0 
0 0 0 
0 0 0 
0 0 0 
0 0 0 
0 0 0 
0 0 0 
0 0 0 
0 0 0 
0 0 0 
0 0 0 
0 0 0 
0 0 0 
0 0 0 
0 0 0 
0 0 0 
0 0 0 
0 0 0 
0 0 0 
0 0 0 
0 0 0 
0 0 0 
0 0 0 
0 0 0 
0 0 0 
0 0 0 
0 0 0 
0 0 0 
0 0 0 
0 0 0 
0 0 0 
0 0 0 
0 0 0 
0 0 0 
0 0 0 
0 0 0 
0 0 0 
0 0 0 
0 0 0 
0 0 0 
0 0 0 
0 0 0 
0 0 0 
0 0 0 
0 0 0 
0 0 0 
0 0 0 
0 0 0 
0 0 0 
0 0 0 
0 0 0 
0 0 0 
0 0 0 
0 0 0 
0 0 0 
0 0 0 
0 0 0 
0 0 0 
0 0 0 
0 0 0 
0 0 0 
0 0 0 
0 0 0 
0 0 0 
0 0 0 
0 0 0 
0 0 0 
0 0 0 
0 0 0 
))
(300 (2 11 3 0 0 801 1200)(
0 0 0 
0 0 0 
0 0 0 
0 0 0 
0 0 0 
0 0 0 
0 0 0 
0 0 0 
0 0 0 
0 0 0 
0 0 0 
0 0 0 
0 0 0 
0 0 0 
0 0 0 
0 0 0 
0 0 0 
0 0 0 
0 0 0 
0 0 0 
0 0 0 
0 0 0 
0 0 0 
0 0 0 
0 0 0 
0 0 0 
0 0 0 
0 0 0 
0 0 0 
0 0 0 
0 0 0 
0 0 0 
0 0 0 
0 0 0 
0 0 0 
0 0 0 
0 0 0 
0 0 0 
0 0 0 
0 0 0 
0 0 0 
0 0 0 
0 0 0 
0 0 0 
0 0 0 
0 0 0 
0 0 0 
0 0 0 
0 0 0 
0 0 0 
0 0 0 
0 0 0 
0 0 0 
0 0 0 
0 0 0 
0 0 0 
0 0 0 
0 0 0 
0 0 0 
0 0 0 
0 0 0 
0 0 0 
0 0 0 
0 0 0 
0 0 0 
0 0 0 
0 0 0 
0 0 0 
0 0 0 
0 0 0 
0 0 0 
0 0 0 
0 0 0 
0 0 0 
0 0 0 
0 0 0 
0 0 0 
0 0 0 
0 0 0 
0 0 0 
0 0 0 
0 0 0 
0 0 0 
0 0 0 
0 0 0 
0 0 0 
0 0 0 
0 0 0 
0 0 0 
0 0 0 
0 0 0 
0 0 0 
0 0 0 
0 0 0 
0 0 0 
0 0 0 
0 0 0 
0 0 0 
0 0 0 
0 0 0 
0 0 0 
0 0 0 
0 0 0 
0 0 0 
0 0 0 
0 0 0 
0 0 0 
0 0 0 
0 0 0 
0 0 0 
0 0 0 
0 0 0 
0 0 0 
0 0 0 
0 0 0 
0 0 0 
0 0 0 
0 0 0 
0 0 0 
0 0 0 
0 0 0 
0 0 0 
0 0 0 
0 0 0 
0 0 0 
0 0 0 
0 0 0 
0 0 0 
0 0 0 
0 0 0 
0 0 0 
0 0 0 
0 0 0 
0 0 0 
0 0 0 
0 0 0 
0 0 0 
0 0 0 
0 0 0 
0 0 0 
0 0 0 
0 0 0 
0 0 0 
0 0 0 
0 0 0 
0 0 0 
0 0 0 
0 0 0 
0 0 0 
0 0 0 
0 0 0 
0 0 0 
0 0 0 
0 0 0 
0 0 0 
0 0 0 
0 0 0 
0 0 0 
0 0 0 
0 0 0 
0 0 0 
0 0 0 
0 0 0 
0 0 0 
0 0 0 
0 0 0 
0 0 0 
0 0 0 
0 0 0 
0 0 0 
0 0 0 
0 0 0 
0 0 0 
0 0 0 
0 0 0 
0 0 0 
0 0 0 
0 0 0 
0 0 0 
0 0 0 
0 0 0 
0 0 0 
0 0 0 
0 0 0 
0 0 0 
0 0 0 
0 0 0 
0 0 0 
0 0 0 
0 0 0 
0 0 0 
0 0 0 
0 0 0 
0 0 0 
0 0 0 
0 0 0 
0 0 0 
0 0 0 
0 0 0 
0 0 0 
0 0 0 
0 0 0 
0 0 0 
0 0 0 
0 0 0 
0 0 0 
0 0 0 
0 0 0 
0 0 0 
0 0 0 
0 0 0 
0 0 0 
0 0 0 
0 0 0 
0 0 0 
0 0 0 
0 0 0 
0 0 0 
0 0 0 
0 0 0 
0 0 0 
0 0 0 
0 0 0 
0 0 0 
0 0 0 
0 0 0 
0 0 0 
0 0 0 
0 0 0 
0 0 0 
0 0 0 
0 0 0 
0 0 0 
0 0 0 
0 0 0 
0 0 0 
0 0 0 
0 0 0 
0 0 0 
0 0 0 
0 0 0 
0 0 0 
0 0 0 
0 0 0 
0 0 0 
0 0 0 
0 0 0 
0 0 0 
0 0 0 
0 0 0 
0 0 0 
0 0 0 
0 0 0 
0 0 0 
0 0 0 
0 0 0 
0 0 0 
0 0 0 
0 0 0 
0 0 0 
0 0 0 
0 0 0 
0 0 0 
0 0 0 
0 0 0 
0 0 0 
0 0 0 
0 0 0 
0 0 0 
0 0 0 
0 0 0 
0 0 0 
0 0 0 
0 0 0 
0 0 0 
0 0 0 
0 0 0 
0 0 0 
0 0 0 
0 0 0 
0 0 0 
0 0 0 
0 0 0 
0 0 0 
0 0 0 
0 0 0 
0 0 0 
0 0 0 
0 0 0 
0 0 0 
0 0 0 
0 0 0 
0 0 0 
0 0 0 
0 0 0 
0 0 0 
0 0 0 
0 0 0 
0 0 0 
0 0 0 
0 0 0 
0 0 0 
0 0 0 
0 0 0 
0 0 0 
0 0 0 
0 0 0 
0 0 0 
0 0 0 
0 0 0 
0 0 0 
0 0 0 
0 0 0 
0 0 0 
0 0 0 
0 0 0 
0 0 0 
0 0 0 
0 0 0 
0 0 0 
0 0 0 
0 0 0 
0 0 0 
0 0 0 
0 0 0 
0 0 0 
0 0 0 
0 0 0 
0 0 0 
0 0 0 
0 0 0 
0 0 0 
0 0 0 
0 0 0 
0 0 0 
0 0 0 
0 0 0 
0 0 0 
0 0 0 
0 0 0 
0 0 0 
0 0 0 
0 0 0 
0 0 0 
0 0 0 
0 0 0 
0 0 0 
0 0 0 
0 0 0 
0 0 0 
0 0 0 
0 0 0 
0 0 0 
0 0 0 
0 0 0 
0 0 0 
0 0 0 
0 0 0 
0 0 0 
0 0 0 
0 0 0 
0 0 0 
0 0 0 
0 0 0 
0 0 0 
0 0 0 
0 0 0 
0 0 0 
0 0 0 
0 0 0 
0 0 0 
0 0 0 
0 0 0 
0 0 0 
0 0 0 
0 0 0 
0 0 0 
0 0 0 
0 0 0 
0 0 0 
0 0 0 
0 0 0 
0 0 0 
0 0 0 
0 0 0 
0 0 0 
0 0 0 
0 0 0 
0 0 0 
0 0 0 
0 0 0 
0 0 0 
0 0 0 
0 0 0 
0 0 0 
0 0 0 
0 0 0 
0 0 0 
0 0 0 
0 0 0 
))
(300 (2 12 3 0 0 1201 1240)(
0 0 0 
0 0 0 
0 0 0 
0 0 0 
0 0 0 
0 0 0 
0 0 0 
0 0 0 
0 0 0 
0 0 0 
0 0 0 
0 0 0 
0 0 0 
0 0 0 
0 0 0 
0 0 0 
0 0 0 
0 0 0 
0 0 0 
0 0 0 
0 0 0 
0 0 0 
0 0 0 
0 0 0 
0 0 0 
0 0 0 
0 0 0 
0 0 0 
0 0 0 
0 0 0 
0 0 0 
0 0 0 
0 0 0 
0 0 0 
0 0 0 
0 0 0 
0 0 0 
0 0 0 
0 0 0 
0 0 0 
))
(300 (2 13 3 0 0 1241 1260)(
5.32258e-91 0 0 
5.32562e-91 0 0 
5.32562e-91 0 0 
5.32562e-91 0 0 
5.32562e-91 0 0 
5.32562e-91 0 0 
5.32562e-91 0 0 
5.32562e-91 0 0 
5.32562e-91 0 0 
5.32562e-91 0 0 
5.32562e-91 0 0 
5.32562e-91 0 0 
5.32562e-91 0 0 
5.32562e-91 0 0 
5.32562e-91 0 0 
5.32562e-91 0 0 
5.32562e-91 0 0 
5.32562e-91 0 0 
5.32562e-91 0 0 
5.3226e-91 0 0 
))
(300 (2 14 3 0 0 1261 1280)(
1 0 0 
1 0 0 
1 0 0 
1 0 0 
1 0 0 
1 0 0 
1 0 0 
1 0 0 
1 0 0 
1 0 0 
1 0 0 
1 0 0 
1 0 0 
1 0 0 
1 0 0 
1 0 0 
1 0 0 
1 0 0 
1 0 0 
1 0 0 
))
