(0 "FOAM to Fluent data File")

(33 (400 2520 882))
(300 (1 1 1 0 0 1 400)(
0
0
0
0
0
0
0
0
0
0
0
0
0
0
0
0
0
0
0
0
0
0
0
0
0
0
0
0
0
0
0
0
0
0
0
0
0
0
0
0
0
0
0
0
0
0
0
0
0
0
0
0
0
0
0
0
0
0
0
0
0
0
0
0
0
0
0
0
0
0
0
0
0
0
0
0
0
0
0
0
0
0
0
0
0
0
0
0
0
0
0
0
0
0
0
0
0
0
0
0
0
0
0
0
0
0
0
0
0
0
0
0
0
0
0
0
0
0
0
0
0
0
0
0
0
0
0
0
0
0
0
0
0
0
0
0
0
0
0
0
0
0
0
0
0
0
0
0
0
0
0
0
0
0
0
0
0
0
0
0
0
0
0
0
0
0
0
0
0
0
0
0
0
0
0
0
0
0
0
0
0
0
0
0
0
0
0
0
0
0
0
0
0
0
0
0
0
0
0
0
0
0
0
0
0
0
0
0
0
0
0
0
0
0
0
0
0
0
0
0
0
0
0
0
0
0
0
0
0
0
0
0
0
0
0
0
0
0
0
0
0
0
0
0
0
0
0
0
0
0
0
0
0
0
0
0
0
0
0
0
0
0
0
0
0
0
0
0
0
0
0
0
0
0
0
0
0
0
0
0
0
0
0
0
0
0
0
0
0
0
0
0
0
0
0
0
0
0
0
0
0
0
0
0
0
0
0
0
0
0
0
0
0
0
0
0
0
0
0
0
0
0
0
0
0
0
0
0
0
0
0
0
0
0
0
0
0
0
0
0
0
0
0
0
0
0
0
0
0
0
0
0
0
0
0
0
0
0
0
0
0
0
0
0
0
0
0
0
0
0
0
0
0
0
0
0
0
0
0
0
0
0
0
0
0
0
0
0
0
0
0
0
0
0
0
0
0
0
0
0
))
(300 (1 10 1 0 0 401 800)(
0
0
0
0
0
0
0
0
0
0
0
0
0
0
0
0
0
0
0
0
0
0
0
0
0
0
0
0
0
0
0
0
0
0
0
0
0
0
0
0
0
0
0
0
0
0
0
0
0
0
0
0
0
0
0
0
0
0
0
0
0
0
0
0
0
0
0
0
0
0
0
0
0
0
0
0
0
0
0
0
0
0
0
0
0
0
0
0
0
0
0
0
0
0
0
0
0
0
0
0
0
0
0
0
0
0
0
0
0
0
0
0
0
0
0
0
0
0
0
0
0
0
0
0
0
0
0
0
0
0
0
0
0
0
0
0
0
0
0
0
0
0
0
0
0
0
0
0
0
0
0
0
0
0
0
0
0
0
0
0
0
0
0
0
0
0
0
0
0
0
0
0
0
0
0
0
0
0
0
0
0
0
0
0
0
0
0
0
0
0
0
0
0
0
0
0
0
0
0
0
0
0
0
0
0
0
0
0
0
0
0
0
0
0
0
0
0
0
0
0
0
0
0
0
0
0
0
0
0
0
0
0
0
0
0
0
0
0
0
0
0
0
0
0
0
0
0
0
0
0
0
0
0
0
0
0
0
0
0
0
0
0
0
0
0
0
0
0
0
0
0
0
0
0
0
0
0
0
0
0
0
0
0
0
0
0
0
0
0
0
0
0
0
0
0
0
0
0
0
0
0
0
0
0
0
0
0
0
0
0
0
0
0
0
0
0
0
0
0
0
0
0
0
0
0
0
0
0
0
0
0
0
0
0
0
0
0
0
0
0
0
0
0
0
0
0
0
0
0
0
0
0
0
0
0
0
0
0
0
0
0
0
0
0
0
0
0
0
0
0
0
0
0
0
0
0
0
0
0
0
0
0
0
0
0
0
0
0
0
0
0
0
0
0
0
0
0
0
0
0
))
(300 (1 11 1 0 0 401 800)(
0
0
0
0
0
0
0
0
0
0
0
0
0
0
0
0
0
0
0
0
0
0
0
0
0
0
0
0
0
0
0
0
0
0
0
0
0
0
0
0
0
0
0
0
0
0
0
0
0
0
0
0
0
0
0
0
0
0
0
0
0
0
0
0
0
0
0
0
0
0
0
0
0
0
0
0
0
0
0
0
0
0
0
0
0
0
0
0
0
0
0
0
0
0
0
0
0
0
0
0
0
0
0
0
0
0
0
0
0
0
0
0
0
0
0
0
0
0
0
0
0
0
0
0
0
0
0
0
0
0
0
0
0
0
0
0
0
0
0
0
0
0
0
0
0
0
0
0
0
0
0
0
0
0
0
0
0
0
0
0
0
0
0
0
0
0
0
0
0
0
0
0
0
0
0
0
0
0
0
0
0
0
0
0
0
0
0
0
0
0
0
0
0
0
0
0
0
0
0
0
0
0
0
0
0
0
0
0
0
0
0
0
0
0
0
0
0
0
0
0
0
0
0
0
0
0
0
0
0
0
0
0
0
0
0
0
0
0
0
0
0
0
0
0
0
0
0
0
0
0
0
0
0
0
0
0
0
0
0
0
0
0
0
0
0
0
0
0
0
0
0
0
0
0
0
0
0
0
0
0
0
0
0
0
0
0
0
0
0
0
0
0
0
0
0
0
0
0
0
0
0
0
0
0
0
0
0
0
0
0
0
0
0
0
0
0
0
0
0
0
0
0
0
0
0
0
0
0
0
0
0
0
0
0
0
0
0
0
0
0
0
0
0
0
0
0
0
0
0
0
0
0
0
0
0
0
0
0
0
0
0
0
0
0
0
0
0
0
0
0
0
0
0
0
0
0
0
0
0
0
0
0
0
0
0
0
0
0
0
0
0
0
0
0
0
0
0
0
0
0
))
(300 (1 12 1 0 0 401 440)(
0
0
0
0
0
0
0
0
0
0
0
0
0
0
0
0
0
0
0
0
0
0
0
0
0
0
0
0
0
0
0
0
0
0
0
0
0
0
0
0
))
(300 (1 13 1 0 0 401 420)(
0
0
0
0
0
0
0
0
0
0
0
0
0
0
0
0
0
0
0
0
))
(300 (1 14 1 0 0 401 420)(
0
0
0
0
0
0
0
0
0
0
0
0
0
0
0
0
0
0
0
0
))
(300 (2 1 3 0 0 1 400)(
0.00179512 0 0 
8.11788e-07 0 0 
2.46163e-10 0 0 
5.62982e-14 0 0 
1.03574e-17 0 0 
1.59659e-21 0 0 
2.12099e-25 0 0 
2.47872e-29 0 0 
2.58872e-33 0 0 
2.4462e-37 0 0 
2.11252e-41 0 0 
1.68113e-45 0 0 
1.24139e-49 0 0 
8.5564e-54 0 0 
5.53292e-58 0 0 
3.37149e-62 0 0 
1.94349e-66 0 0 
1.06349e-70 0 0 
5.54113e-75 0 0 
2.75675e-79 0 0 
0.00179675 0 0 
8.12772e-07 0 0 
2.465e-10 0 0 
5.63811e-14 0 0 
1.03733e-17 0 0 
1.59913e-21 0 0 
2.12446e-25 0 0 
2.48286e-29 0 0 
2.59312e-33 0 0 
2.45042e-37 0 0 
2.11622e-41 0 0 
1.68411e-45 0 0 
1.24362e-49 0 0 
8.57189e-54 0 0 
5.54303e-58 0 0 
3.37771e-62 0 0 
1.94711e-66 0 0 
1.06548e-70 0 0 
5.55161e-75 0 0 
2.762e-79 0 0 
0.00179675 0 0 
8.12773e-07 0 0 
2.46501e-10 0 0 
5.63811e-14 0 0 
1.03733e-17 0 0 
1.59913e-21 0 0 
2.12446e-25 0 0 
2.48287e-29 0 0 
2.59312e-33 0 0 
2.45043e-37 0 0 
2.11622e-41 0 0 
1.68411e-45 0 0 
1.24362e-49 0 0 
8.5719e-54 0 0 
5.54304e-58 0 0 
3.37771e-62 0 0 
1.94711e-66 0 0 
1.06548e-70 0 0 
5.55161e-75 0 0 
2.762e-79 0 0 
0.00179675 0 0 
8.12773e-07 0 0 
2.46501e-10 0 0 
5.63811e-14 0 0 
1.03733e-17 0 0 
1.59913e-21 0 0 
2.12446e-25 0 0 
2.48287e-29 0 0 
2.59312e-33 0 0 
2.45043e-37 0 0 
2.11622e-41 0 0 
1.68411e-45 0 0 
1.24362e-49 0 0 
8.5719e-54 0 0 
5.54304e-58 0 0 
3.37771e-62 0 0 
1.94711e-66 0 0 
1.06548e-70 0 0 
5.55161e-75 0 0 
2.762e-79 0 0 
0.00179675 0 0 
8.12773e-07 0 0 
2.46501e-10 0 0 
5.63811e-14 0 0 
1.03733e-17 0 0 
1.59913e-21 0 0 
2.12446e-25 0 0 
2.48287e-29 0 0 
2.59312e-33 0 0 
2.45043e-37 0 0 
2.11622e-41 0 0 
1.68411e-45 0 0 
1.24362e-49 0 0 
8.5719e-54 0 0 
5.54304e-58 0 0 
3.37771e-62 0 0 
1.94711e-66 0 0 
1.06548e-70 0 0 
5.55161e-75 0 0 
2.762e-79 0 0 
0.00179675 0 0 
8.12773e-07 0 0 
2.46501e-10 0 0 
5.63811e-14 0 0 
1.03733e-17 0 0 
1.59913e-21 0 0 
2.12446e-25 0 0 
2.48287e-29 0 0 
2.59312e-33 0 0 
2.45043e-37 0 0 
2.11622e-41 0 0 
1.68411e-45 0 0 
1.24362e-49 0 0 
8.5719e-54 0 0 
5.54304e-58 0 0 
3.37771e-62 0 0 
1.94711e-66 0 0 
1.06548e-70 0 0 
5.55161e-75 0 0 
2.762e-79 0 0 
0.00179675 0 0 
8.12773e-07 0 0 
2.46501e-10 0 0 
5.63811e-14 0 0 
1.03733e-17 0 0 
1.59913e-21 0 0 
2.12446e-25 0 0 
2.48287e-29 0 0 
2.59312e-33 0 0 
2.45043e-37 0 0 
2.11622e-41 0 0 
1.68411e-45 0 0 
1.24362e-49 0 0 
8.5719e-54 0 0 
5.54304e-58 0 0 
3.37771e-62 0 0 
1.94711e-66 0 0 
1.06548e-70 0 0 
5.55161e-75 0 0 
2.762e-79 0 0 
0.00179675 0 0 
8.12773e-07 0 0 
2.46501e-10 0 0 
5.63811e-14 0 0 
1.03733e-17 0 0 
1.59913e-21 0 0 
2.12446e-25 0 0 
2.48287e-29 0 0 
2.59312e-33 0 0 
2.45043e-37 0 0 
2.11622e-41 0 0 
1.68411e-45 0 0 
1.24362e-49 0 0 
8.5719e-54 0 0 
5.54304e-58 0 0 
3.37771e-62 0 0 
1.94711e-66 0 0 
1.06548e-70 0 0 
5.55161e-75 0 0 
2.762e-79 0 0 
0.00179675 0 0 
8.12773e-07 0 0 
2.46501e-10 0 0 
5.63811e-14 0 0 
1.03733e-17 0 0 
1.59913e-21 0 0 
2.12446e-25 0 0 
2.48287e-29 0 0 
2.59312e-33 0 0 
2.45043e-37 0 0 
2.11622e-41 0 0 
1.68411e-45 0 0 
1.24362e-49 0 0 
8.5719e-54 0 0 
5.54304e-58 0 0 
3.37771e-62 0 0 
1.94711e-66 0 0 
1.06548e-70 0 0 
5.55161e-75 0 0 
2.762e-79 0 0 
0.00179675 0 0 
8.12773e-07 0 0 
2.46501e-10 0 0 
5.63811e-14 0 0 
1.03733e-17 0 0 
1.59913e-21 0 0 
2.12446e-25 0 0 
2.48287e-29 0 0 
2.59312e-33 0 0 
2.45043e-37 0 0 
2.11622e-41 0 0 
1.68411e-45 0 0 
1.24362e-49 0 0 
8.5719e-54 0 0 
5.54304e-58 0 0 
3.37771e-62 0 0 
1.94711e-66 0 0 
1.06548e-70 0 0 
5.55161e-75 0 0 
2.762e-79 0 0 
0.00179675 0 0 
8.12773e-07 0 0 
2.46501e-10 0 0 
5.63811e-14 0 0 
1.03733e-17 0 0 
1.59913e-21 0 0 
2.12446e-25 0 0 
2.48287e-29 0 0 
2.59312e-33 0 0 
2.45043e-37 0 0 
2.11622e-41 0 0 
1.68411e-45 0 0 
1.24362e-49 0 0 
8.5719e-54 0 0 
5.54304e-58 0 0 
3.37771e-62 0 0 
1.94711e-66 0 0 
1.06548e-70 0 0 
5.55161e-75 0 0 
2.762e-79 0 0 
0.00179675 0 0 
8.12773e-07 0 0 
2.46501e-10 0 0 
5.63811e-14 0 0 
1.03733e-17 0 0 
1.59913e-21 0 0 
2.12446e-25 0 0 
2.48287e-29 0 0 
2.59312e-33 0 0 
2.45043e-37 0 0 
2.11622e-41 0 0 
1.68411e-45 0 0 
1.24362e-49 0 0 
8.5719e-54 0 0 
5.54304e-58 0 0 
3.37771e-62 0 0 
1.94711e-66 0 0 
1.06548e-70 0 0 
5.55161e-75 0 0 
2.762e-79 0 0 
0.00179675 0 0 
8.12773e-07 0 0 
2.46501e-10 0 0 
5.63811e-14 0 0 
1.03733e-17 0 0 
1.59913e-21 0 0 
2.12446e-25 0 0 
2.48287e-29 0 0 
2.59312e-33 0 0 
2.45043e-37 0 0 
2.11622e-41 0 0 
1.68411e-45 0 0 
1.24362e-49 0 0 
8.5719e-54 0 0 
5.54304e-58 0 0 
3.37771e-62 0 0 
1.94711e-66 0 0 
1.06548e-70 0 0 
5.55161e-75 0 0 
2.762e-79 0 0 
0.00179675 0 0 
8.12773e-07 0 0 
2.46501e-10 0 0 
5.63811e-14 0 0 
1.03733e-17 0 0 
1.59913e-21 0 0 
2.12446e-25 0 0 
2.48287e-29 0 0 
2.59312e-33 0 0 
2.45043e-37 0 0 
2.11622e-41 0 0 
1.68411e-45 0 0 
1.24362e-49 0 0 
8.5719e-54 0 0 
5.54304e-58 0 0 
3.37771e-62 0 0 
1.94711e-66 0 0 
1.06548e-70 0 0 
5.55161e-75 0 0 
2.762e-79 0 0 
0.00179675 0 0 
8.12773e-07 0 0 
2.46501e-10 0 0 
5.63811e-14 0 0 
1.03733e-17 0 0 
1.59913e-21 0 0 
2.12446e-25 0 0 
2.48287e-29 0 0 
2.59312e-33 0 0 
2.45043e-37 0 0 
2.11622e-41 0 0 
1.68411e-45 0 0 
1.24362e-49 0 0 
8.5719e-54 0 0 
5.54304e-58 0 0 
3.37771e-62 0 0 
1.94711e-66 0 0 
1.06548e-70 0 0 
5.55161e-75 0 0 
2.762e-79 0 0 
0.00179675 0 0 
8.12773e-07 0 0 
2.46501e-10 0 0 
5.63811e-14 0 0 
1.03733e-17 0 0 
1.59913e-21 0 0 
2.12446e-25 0 0 
2.48287e-29 0 0 
2.59312e-33 0 0 
2.45043e-37 0 0 
2.11622e-41 0 0 
1.68411e-45 0 0 
1.24362e-49 0 0 
8.5719e-54 0 0 
5.54304e-58 0 0 
3.37771e-62 0 0 
1.94711e-66 0 0 
1.06548e-70 0 0 
5.55161e-75 0 0 
2.762e-79 0 0 
0.00179675 0 0 
8.12773e-07 0 0 
2.46501e-10 0 0 
5.63811e-14 0 0 
1.03733e-17 0 0 
1.59913e-21 0 0 
2.12446e-25 0 0 
2.48287e-29 0 0 
2.59312e-33 0 0 
2.45043e-37 0 0 
2.11622e-41 0 0 
1.68411e-45 0 0 
1.24362e-49 0 0 
8.5719e-54 0 0 
5.54304e-58 0 0 
3.37771e-62 0 0 
1.94711e-66 0 0 
1.06548e-70 0 0 
5.55161e-75 0 0 
2.762e-79 0 0 
0.00179675 0 0 
8.12773e-07 0 0 
2.46501e-10 0 0 
5.63811e-14 0 0 
1.03733e-17 0 0 
1.59913e-21 0 0 
2.12446e-25 0 0 
2.48287e-29 0 0 
2.59312e-33 0 0 
2.45043e-37 0 0 
2.11622e-41 0 0 
1.68411e-45 0 0 
1.24362e-49 0 0 
8.5719e-54 0 0 
5.54304e-58 0 0 
3.37771e-62 0 0 
1.94711e-66 0 0 
1.06548e-70 0 0 
5.55161e-75 0 0 
2.762e-79 0 0 
0.00179675 0 0 
8.12772e-07 0 0 
2.465e-10 0 0 
5.63811e-14 0 0 
1.03733e-17 0 0 
1.59913e-21 0 0 
2.12446e-25 0 0 
2.48286e-29 0 0 
2.59312e-33 0 0 
2.45042e-37 0 0 
2.11622e-41 0 0 
1.68411e-45 0 0 
1.24362e-49 0 0 
8.57189e-54 0 0 
5.54303e-58 0 0 
3.37771e-62 0 0 
1.94711e-66 0 0 
1.06548e-70 0 0 
5.55161e-75 0 0 
2.762e-79 0 0 
0.00179512 0 0 
8.11788e-07 0 0 
2.46163e-10 0 0 
5.62982e-14 0 0 
1.03574e-17 0 0 
1.59659e-21 0 0 
2.12099e-25 0 0 
2.47872e-29 0 0 
2.58872e-33 0 0 
2.4462e-37 0 0 
2.11252e-41 0 0 
1.68113e-45 0 0 
1.24139e-49 0 0 
8.5564e-54 0 0 
5.53292e-58 0 0 
3.37149e-62 0 0 
1.94349e-66 0 0 
1.06349e-70 0 0 
5.54113e-75 0 0 
2.75675e-79 0 0 
))
(300 (2 10 3 0 0 401 800)(
0 0 0 
0 0 0 
0 0 0 
0 0 0 
0 0 0 
0 0 0 
0 0 0 
0 0 0 
0 0 0 
0 0 0 
0 0 0 
0 0 0 
0 0 0 
0 0 0 
0 0 0 
0 0 0 
0 0 0 
0 0 0 
0 0 0 
0 0 0 
0 0 0 
0 0 0 
0 0 0 
0 0 0 
0 0 0 
0 0 0 
0 0 0 
0 0 0 
0 0 0 
0 0 0 
0 0 0 
0 0 0 
0 0 0 
0 0 0 
0 0 0 
0 0 0 
0 0 0 
0 0 0 
0 0 0 
0 0 0 
0 0 0 
0 0 0 
0 0 0 
0 0 0 
0 0 0 
0 0 0 
0 0 0 
0 0 0 
0 0 0 
0 0 0 
0 0 0 
0 0 0 
0 0 0 
0 0 0 
0 0 0 
0 0 0 
0 0 0 
0 0 0 
0 0 0 
0 0 0 
0 0 0 
0 0 0 
0 0 0 
0 0 0 
0 0 0 
0 0 0 
0 0 0 
0 0 0 
0 0 0 
0 0 0 
0 0 0 
0 0 0 
0 0 0 
0 0 0 
0 0 0 
0 0 0 
0 0 0 
0 0 0 
0 0 0 
0 0 0 
0 0 0 
0 0 0 
0 0 0 
0 0 0 
0 0 0 
0 0 0 
0 0 0 
0 0 0 
0 0 0 
0 0 0 
0 0 0 
0 0 0 
0 0 0 
0 0 0 
0 0 0 
0 0 0 
0 0 0 
0 0 0 
0 0 0 
0 0 0 
0 0 0 
0 0 0 
0 0 0 
0 0 0 
0 0 0 
0 0 0 
0 0 0 
0 0 0 
0 0 0 
0 0 0 
0 0 0 
0 0 0 
0 0 0 
0 0 0 
0 0 0 
0 0 0 
0 0 0 
0 0 0 
0 0 0 
0 0 0 
0 0 0 
0 0 0 
0 0 0 
0 0 0 
0 0 0 
0 0 0 
0 0 0 
0 0 0 
0 0 0 
0 0 0 
0 0 0 
0 0 0 
0 0 0 
0 0 0 
0 0 0 
0 0 0 
0 0 0 
0 0 0 
0 0 0 
0 0 0 
0 0 0 
0 0 0 
0 0 0 
0 0 0 
0 0 0 
0 0 0 
0 0 0 
0 0 0 
0 0 0 
0 0 0 
0 0 0 
0 0 0 
0 0 0 
0 0 0 
0 0 0 
0 0 0 
0 0 0 
0 0 0 
0 0 0 
0 0 0 
0 0 0 
0 0 0 
0 0 0 
0 0 0 
0 0 0 
0 0 0 
0 0 0 
0 0 0 
0 0 0 
0 0 0 
0 0 0 
0 0 0 
0 0 0 
0 0 0 
0 0 0 
0 0 0 
0 0 0 
0 0 0 
0 0 0 
0 0 0 
0 0 0 
0 0 0 
0 0 0 
0 0 0 
0 0 0 
0 0 0 
0 0 0 
0 0 0 
0 0 0 
0 0 0 
0 0 0 
0 0 0 
0 0 0 
0 0 0 
0 0 0 
0 0 0 
0 0 0 
0 0 0 
0 0 0 
0 0 0 
0 0 0 
0 0 0 
0 0 0 
0 0 0 
0 0 0 
0 0 0 
0 0 0 
0 0 0 
0 0 0 
0 0 0 
0 0 0 
0 0 0 
0 0 0 
0 0 0 
0 0 0 
0 0 0 
0 0 0 
0 0 0 
0 0 0 
0 0 0 
0 0 0 
0 0 0 
0 0 0 
0 0 0 
0 0 0 
0 0 0 
0 0 0 
0 0 0 
0 0 0 
0 0 0 
0 0 0 
0 0 0 
0 0 0 
0 0 0 
0 0 0 
0 0 0 
0 0 0 
0 0 0 
0 0 0 
0 0 0 
0 0 0 
0 0 0 
0 0 0 
0 0 0 
0 0 0 
0 0 0 
0 0 0 
0 0 0 
0 0 0 
0 0 0 
0 0 0 
0 0 0 
0 0 0 
0 0 0 
0 0 0 
0 0 0 
0 0 0 
0 0 0 
0 0 0 
0 0 0 
0 0 0 
0 0 0 
0 0 0 
0 0 0 
0 0 0 
0 0 0 
0 0 0 
0 0 0 
0 0 0 
0 0 0 
0 0 0 
0 0 0 
0 0 0 
0 0 0 
0 0 0 
0 0 0 
0 0 0 
0 0 0 
0 0 0 
0 0 0 
0 0 0 
0 0 0 
0 0 0 
0 0 0 
0 0 0 
0 0 0 
0 0 0 
0 0 0 
0 0 0 
0 0 0 
0 0 0 
0 0 0 
0 0 0 
0 0 0 
0 0 0 
0 0 0 
0 0 0 
0 0 0 
0 0 0 
0 0 0 
0 0 0 
0 0 0 
0 0 0 
0 0 0 
0 0 0 
0 0 0 
0 0 0 
0 0 0 
0 0 0 
0 0 0 
0 0 0 
0 0 0 
0 0 0 
0 0 0 
0 0 0 
0 0 0 
0 0 0 
0 0 0 
0 0 0 
0 0 0 
0 0 0 
0 0 0 
0 0 0 
0 0 0 
0 0 0 
0 0 0 
0 0 0 
0 0 0 
0 0 0 
0 0 0 
0 0 0 
0 0 0 
0 0 0 
0 0 0 
0 0 0 
0 0 0 
0 0 0 
0 0 0 
0 0 0 
0 0 0 
0 0 0 
0 0 0 
0 0 0 
0 0 0 
0 0 0 
0 0 0 
0 0 0 
0 0 0 
0 0 0 
0 0 0 
0 0 0 
0 0 0 
0 0 0 
0 0 0 
0 0 0 
0 0 0 
0 0 0 
0 0 0 
0 0 0 
0 0 0 
0 0 0 
0 0 0 
0 0 0 
0 0 0 
0 0 0 
0 0 0 
0 0 0 
0 0 0 
0 0 0 
0 0 0 
0 0 0 
0 0 0 
0 0 0 
0 0 0 
0 0 0 
0 0 0 
0 0 0 
0 0 0 
0 0 0 
0 0 0 
0 0 0 
0 0 0 
0 0 0 
0 0 0 
0 0 0 
0 0 0 
0 0 0 
0 0 0 
0 0 0 
0 0 0 
0 0 0 
0 0 0 
0 0 0 
0 0 0 
0 0 0 
0 0 0 
0 0 0 
0 0 0 
0 0 0 
0 0 0 
))
(300 (2 11 3 0 0 801 1200)(
0 0 0 
0 0 0 
0 0 0 
0 0 0 
0 0 0 
0 0 0 
0 0 0 
0 0 0 
0 0 0 
0 0 0 
0 0 0 
0 0 0 
0 0 0 
0 0 0 
0 0 0 
0 0 0 
0 0 0 
0 0 0 
0 0 0 
0 0 0 
0 0 0 
0 0 0 
0 0 0 
0 0 0 
0 0 0 
0 0 0 
0 0 0 
0 0 0 
0 0 0 
0 0 0 
0 0 0 
0 0 0 
0 0 0 
0 0 0 
0 0 0 
0 0 0 
0 0 0 
0 0 0 
0 0 0 
0 0 0 
0 0 0 
0 0 0 
0 0 0 
0 0 0 
0 0 0 
0 0 0 
0 0 0 
0 0 0 
0 0 0 
0 0 0 
0 0 0 
0 0 0 
0 0 0 
0 0 0 
0 0 0 
0 0 0 
0 0 0 
0 0 0 
0 0 0 
0 0 0 
0 0 0 
0 0 0 
0 0 0 
0 0 0 
0 0 0 
0 0 0 
0 0 0 
0 0 0 
0 0 0 
0 0 0 
0 0 0 
0 0 0 
0 0 0 
0 0 0 
0 0 0 
0 0 0 
0 0 0 
0 0 0 
0 0 0 
0 0 0 
0 0 0 
0 0 0 
0 0 0 
0 0 0 
0 0 0 
0 0 0 
0 0 0 
0 0 0 
0 0 0 
0 0 0 
0 0 0 
0 0 0 
0 0 0 
0 0 0 
0 0 0 
0 0 0 
0 0 0 
0 0 0 
0 0 0 
0 0 0 
0 0 0 
0 0 0 
0 0 0 
0 0 0 
0 0 0 
0 0 0 
0 0 0 
0 0 0 
0 0 0 
0 0 0 
0 0 0 
0 0 0 
0 0 0 
0 0 0 
0 0 0 
0 0 0 
0 0 0 
0 0 0 
0 0 0 
0 0 0 
0 0 0 
0 0 0 
0 0 0 
0 0 0 
0 0 0 
0 0 0 
0 0 0 
0 0 0 
0 0 0 
0 0 0 
0 0 0 
0 0 0 
0 0 0 
0 0 0 
0 0 0 
0 0 0 
0 0 0 
0 0 0 
0 0 0 
0 0 0 
0 0 0 
0 0 0 
0 0 0 
0 0 0 
0 0 0 
0 0 0 
0 0 0 
0 0 0 
0 0 0 
0 0 0 
0 0 0 
0 0 0 
0 0 0 
0 0 0 
0 0 0 
0 0 0 
0 0 0 
0 0 0 
0 0 0 
0 0 0 
0 0 0 
0 0 0 
0 0 0 
0 0 0 
0 0 0 
0 0 0 
0 0 0 
0 0 0 
0 0 0 
0 0 0 
0 0 0 
0 0 0 
0 0 0 
0 0 0 
0 0 0 
0 0 0 
0 0 0 
0 0 0 
0 0 0 
0 0 0 
0 0 0 
0 0 0 
0 0 0 
0 0 0 
0 0 0 
0 0 0 
0 0 0 
0 0 0 
0 0 0 
0 0 0 
0 0 0 
0 0 0 
0 0 0 
0 0 0 
0 0 0 
0 0 0 
0 0 0 
0 0 0 
0 0 0 
0 0 0 
0 0 0 
0 0 0 
0 0 0 
0 0 0 
0 0 0 
0 0 0 
0 0 0 
0 0 0 
0 0 0 
0 0 0 
0 0 0 
0 0 0 
0 0 0 
0 0 0 
0 0 0 
0 0 0 
0 0 0 
0 0 0 
0 0 0 
0 0 0 
0 0 0 
0 0 0 
0 0 0 
0 0 0 
0 0 0 
0 0 0 
0 0 0 
0 0 0 
0 0 0 
0 0 0 
0 0 0 
0 0 0 
0 0 0 
0 0 0 
0 0 0 
0 0 0 
0 0 0 
0 0 0 
0 0 0 
0 0 0 
0 0 0 
0 0 0 
0 0 0 
0 0 0 
0 0 0 
0 0 0 
0 0 0 
0 0 0 
0 0 0 
0 0 0 
0 0 0 
0 0 0 
0 0 0 
0 0 0 
0 0 0 
0 0 0 
0 0 0 
0 0 0 
0 0 0 
0 0 0 
0 0 0 
0 0 0 
0 0 0 
0 0 0 
0 0 0 
0 0 0 
0 0 0 
0 0 0 
0 0 0 
0 0 0 
0 0 0 
0 0 0 
0 0 0 
0 0 0 
0 0 0 
0 0 0 
0 0 0 
0 0 0 
0 0 0 
0 0 0 
0 0 0 
0 0 0 
0 0 0 
0 0 0 
0 0 0 
0 0 0 
0 0 0 
0 0 0 
0 0 0 
0 0 0 
0 0 0 
0 0 0 
0 0 0 
0 0 0 
0 0 0 
0 0 0 
0 0 0 
0 0 0 
0 0 0 
0 0 0 
0 0 0 
0 0 0 
0 0 0 
0 0 0 
0 0 0 
0 0 0 
0 0 0 
0 0 0 
0 0 0 
0 0 0 
0 0 0 
0 0 0 
0 0 0 
0 0 0 
0 0 0 
0 0 0 
0 0 0 
0 0 0 
0 0 0 
0 0 0 
0 0 0 
0 0 0 
0 0 0 
0 0 0 
0 0 0 
0 0 0 
0 0 0 
0 0 0 
0 0 0 
0 0 0 
0 0 0 
0 0 0 
0 0 0 
0 0 0 
0 0 0 
0 0 0 
0 0 0 
0 0 0 
0 0 0 
0 0 0 
0 0 0 
0 0 0 
0 0 0 
0 0 0 
0 0 0 
0 0 0 
0 0 0 
0 0 0 
0 0 0 
0 0 0 
0 0 0 
0 0 0 
0 0 0 
0 0 0 
0 0 0 
0 0 0 
0 0 0 
0 0 0 
0 0 0 
0 0 0 
0 0 0 
0 0 0 
0 0 0 
0 0 0 
0 0 0 
0 0 0 
0 0 0 
0 0 0 
0 0 0 
0 0 0 
0 0 0 
0 0 0 
0 0 0 
0 0 0 
0 0 0 
0 0 0 
0 0 0 
0 0 0 
0 0 0 
0 0 0 
0 0 0 
0 0 0 
0 0 0 
0 0 0 
0 0 0 
0 0 0 
0 0 0 
0 0 0 
0 0 0 
0 0 0 
0 0 0 
0 0 0 
0 0 0 
0 0 0 
0 0 0 
0 0 0 
0 0 0 
0 0 0 
0 0 0 
0 0 0 
))
(300 (2 12 3 0 0 1201 1240)(
0 0 0 
0 0 0 
0 0 0 
0 0 0 
0 0 0 
0 0 0 
0 0 0 
0 0 0 
0 0 0 
0 0 0 
0 0 0 
0 0 0 
0 0 0 
0 0 0 
0 0 0 
0 0 0 
0 0 0 
0 0 0 
0 0 0 
0 0 0 
0 0 0 
0 0 0 
0 0 0 
0 0 0 
0 0 0 
0 0 0 
0 0 0 
0 0 0 
0 0 0 
0 0 0 
0 0 0 
0 0 0 
0 0 0 
0 0 0 
0 0 0 
0 0 0 
0 0 0 
0 0 0 
0 0 0 
0 0 0 
))
(300 (2 13 3 0 0 1241 1260)(
2.75675e-79 0 0 
2.762e-79 0 0 
2.762e-79 0 0 
2.762e-79 0 0 
2.762e-79 0 0 
2.762e-79 0 0 
2.762e-79 0 0 
2.762e-79 0 0 
2.762e-79 0 0 
2.762e-79 0 0 
2.762e-79 0 0 
2.762e-79 0 0 
2.762e-79 0 0 
2.762e-79 0 0 
2.762e-79 0 0 
2.762e-79 0 0 
2.762e-79 0 0 
2.762e-79 0 0 
2.762e-79 0 0 
2.75675e-79 0 0 
))
(300 (2 14 3 0 0 1261 1280)(
1 0 0 
1 0 0 
1 0 0 
1 0 0 
1 0 0 
1 0 0 
1 0 0 
1 0 0 
1 0 0 
1 0 0 
1 0 0 
1 0 0 
1 0 0 
1 0 0 
1 0 0 
1 0 0 
1 0 0 
1 0 0 
1 0 0 
1 0 0 
))
