(0 "FOAM to Fluent data File")

(33 (400 2520 882))
(300 (1 1 1 0 0 1 400)(
0
0
0
0
0
0
0
0
0
0
0
0
0
0
0
0
0
0
0
0
0
0
0
0
0
0
0
0
0
0
0
0
0
0
0
0
0
0
0
0
0
0
0
0
0
0
0
0
0
0
0
0
0
0
0
0
0
0
0
0
0
0
0
0
0
0
0
0
0
0
0
0
0
0
0
0
0
0
0
0
0
0
0
0
0
0
0
0
0
0
0
0
0
0
0
0
0
0
0
0
0
0
0
0
0
0
0
0
0
0
0
0
0
0
0
0
0
0
0
0
0
0
0
0
0
0
0
0
0
0
0
0
0
0
0
0
0
0
0
0
0
0
0
0
0
0
0
0
0
0
0
0
0
0
0
0
0
0
0
0
0
0
0
0
0
0
0
0
0
0
0
0
0
0
0
0
0
0
0
0
0
0
0
0
0
0
0
0
0
0
0
0
0
0
0
0
0
0
0
0
0
0
0
0
0
0
0
0
0
0
0
0
0
0
0
0
0
0
0
0
0
0
0
0
0
0
0
0
0
0
0
0
0
0
0
0
0
0
0
0
0
0
0
0
0
0
0
0
0
0
0
0
0
0
0
0
0
0
0
0
0
0
0
0
0
0
0
0
0
0
0
0
0
0
0
0
0
0
0
0
0
0
0
0
0
0
0
0
0
0
0
0
0
0
0
0
0
0
0
0
0
0
0
0
0
0
0
0
0
0
0
0
0
0
0
0
0
0
0
0
0
0
0
0
0
0
0
0
0
0
0
0
0
0
0
0
0
0
0
0
0
0
0
0
0
0
0
0
0
0
0
0
0
0
0
0
0
0
0
0
0
0
0
0
0
0
0
0
0
0
0
0
0
0
0
0
0
0
0
0
0
0
0
0
0
0
0
0
0
0
0
0
0
0
0
0
0
0
0
0
))
(300 (1 10 1 0 0 401 800)(
0
0
0
0
0
0
0
0
0
0
0
0
0
0
0
0
0
0
0
0
0
0
0
0
0
0
0
0
0
0
0
0
0
0
0
0
0
0
0
0
0
0
0
0
0
0
0
0
0
0
0
0
0
0
0
0
0
0
0
0
0
0
0
0
0
0
0
0
0
0
0
0
0
0
0
0
0
0
0
0
0
0
0
0
0
0
0
0
0
0
0
0
0
0
0
0
0
0
0
0
0
0
0
0
0
0
0
0
0
0
0
0
0
0
0
0
0
0
0
0
0
0
0
0
0
0
0
0
0
0
0
0
0
0
0
0
0
0
0
0
0
0
0
0
0
0
0
0
0
0
0
0
0
0
0
0
0
0
0
0
0
0
0
0
0
0
0
0
0
0
0
0
0
0
0
0
0
0
0
0
0
0
0
0
0
0
0
0
0
0
0
0
0
0
0
0
0
0
0
0
0
0
0
0
0
0
0
0
0
0
0
0
0
0
0
0
0
0
0
0
0
0
0
0
0
0
0
0
0
0
0
0
0
0
0
0
0
0
0
0
0
0
0
0
0
0
0
0
0
0
0
0
0
0
0
0
0
0
0
0
0
0
0
0
0
0
0
0
0
0
0
0
0
0
0
0
0
0
0
0
0
0
0
0
0
0
0
0
0
0
0
0
0
0
0
0
0
0
0
0
0
0
0
0
0
0
0
0
0
0
0
0
0
0
0
0
0
0
0
0
0
0
0
0
0
0
0
0
0
0
0
0
0
0
0
0
0
0
0
0
0
0
0
0
0
0
0
0
0
0
0
0
0
0
0
0
0
0
0
0
0
0
0
0
0
0
0
0
0
0
0
0
0
0
0
0
0
0
0
0
0
0
0
0
0
0
0
0
0
0
0
0
0
0
0
0
0
0
0
0
))
(300 (1 11 1 0 0 401 800)(
0
0
0
0
0
0
0
0
0
0
0
0
0
0
0
0
0
0
0
0
0
0
0
0
0
0
0
0
0
0
0
0
0
0
0
0
0
0
0
0
0
0
0
0
0
0
0
0
0
0
0
0
0
0
0
0
0
0
0
0
0
0
0
0
0
0
0
0
0
0
0
0
0
0
0
0
0
0
0
0
0
0
0
0
0
0
0
0
0
0
0
0
0
0
0
0
0
0
0
0
0
0
0
0
0
0
0
0
0
0
0
0
0
0
0
0
0
0
0
0
0
0
0
0
0
0
0
0
0
0
0
0
0
0
0
0
0
0
0
0
0
0
0
0
0
0
0
0
0
0
0
0
0
0
0
0
0
0
0
0
0
0
0
0
0
0
0
0
0
0
0
0
0
0
0
0
0
0
0
0
0
0
0
0
0
0
0
0
0
0
0
0
0
0
0
0
0
0
0
0
0
0
0
0
0
0
0
0
0
0
0
0
0
0
0
0
0
0
0
0
0
0
0
0
0
0
0
0
0
0
0
0
0
0
0
0
0
0
0
0
0
0
0
0
0
0
0
0
0
0
0
0
0
0
0
0
0
0
0
0
0
0
0
0
0
0
0
0
0
0
0
0
0
0
0
0
0
0
0
0
0
0
0
0
0
0
0
0
0
0
0
0
0
0
0
0
0
0
0
0
0
0
0
0
0
0
0
0
0
0
0
0
0
0
0
0
0
0
0
0
0
0
0
0
0
0
0
0
0
0
0
0
0
0
0
0
0
0
0
0
0
0
0
0
0
0
0
0
0
0
0
0
0
0
0
0
0
0
0
0
0
0
0
0
0
0
0
0
0
0
0
0
0
0
0
0
0
0
0
0
0
0
0
0
0
0
0
0
0
0
0
0
0
0
0
0
0
0
0
0
))
(300 (1 12 1 0 0 401 440)(
0
0
0
0
0
0
0
0
0
0
0
0
0
0
0
0
0
0
0
0
0
0
0
0
0
0
0
0
0
0
0
0
0
0
0
0
0
0
0
0
))
(300 (1 13 1 0 0 401 420)(
0
0
0
0
0
0
0
0
0
0
0
0
0
0
0
0
0
0
0
0
))
(300 (1 14 1 0 0 401 420)(
0
0
0
0
0
0
0
0
0
0
0
0
0
0
0
0
0
0
0
0
))
(300 (2 1 3 0 0 1 400)(
0.00199398 0 0 
1.00129e-06 0 0 
3.3698e-10 0 0 
8.54894e-14 0 0 
1.74371e-17 0 0 
2.97848e-21 0 0 
4.3822e-25 0 0 
5.66901e-29 0 0 
6.55041e-33 0 0 
6.84476e-37 0 0 
6.53327e-41 0 0 
5.74354e-45 0 0 
4.68298e-49 0 0 
3.56225e-53 0 0 
2.54097e-57 0 0 
1.70714e-61 0 0 
1.0845e-65 0 0 
6.53687e-70 0 0 
3.74997e-74 0 0 
2.05314e-78 0 0 
0.00199599 0 0 
1.00263e-06 0 0 
3.37492e-10 0 0 
8.56289e-14 0 0 
1.74669e-17 0 0 
2.98374e-21 0 0 
4.39013e-25 0 0 
5.67949e-29 0 0 
6.56273e-33 0 0 
6.85782e-37 0 0 
6.54591e-41 0 0 
5.75478e-45 0 0 
4.69224e-49 0 0 
3.56937e-53 0 0 
2.54609e-57 0 0 
1.71061e-61 0 0 
1.08672e-65 0 0 
6.55037e-70 0 0 
3.75777e-74 0 0 
2.05745e-78 0 0 
0.00199599 0 0 
1.00263e-06 0 0 
3.37493e-10 0 0 
8.5629e-14 0 0 
1.74669e-17 0 0 
2.98374e-21 0 0 
4.39014e-25 0 0 
5.6795e-29 0 0 
6.56273e-33 0 0 
6.85783e-37 0 0 
6.54591e-41 0 0 
5.75479e-45 0 0 
4.69224e-49 0 0 
3.56937e-53 0 0 
2.54609e-57 0 0 
1.71062e-61 0 0 
1.08672e-65 0 0 
6.55038e-70 0 0 
3.75777e-74 0 0 
2.05745e-78 0 0 
0.00199599 0 0 
1.00263e-06 0 0 
3.37493e-10 0 0 
8.5629e-14 0 0 
1.74669e-17 0 0 
2.98374e-21 0 0 
4.39014e-25 0 0 
5.6795e-29 0 0 
6.56273e-33 0 0 
6.85783e-37 0 0 
6.54591e-41 0 0 
5.75479e-45 0 0 
4.69224e-49 0 0 
3.56937e-53 0 0 
2.54609e-57 0 0 
1.71062e-61 0 0 
1.08672e-65 0 0 
6.55038e-70 0 0 
3.75777e-74 0 0 
2.05745e-78 0 0 
0.00199599 0 0 
1.00263e-06 0 0 
3.37493e-10 0 0 
8.5629e-14 0 0 
1.74669e-17 0 0 
2.98374e-21 0 0 
4.39014e-25 0 0 
5.6795e-29 0 0 
6.56273e-33 0 0 
6.85783e-37 0 0 
6.54591e-41 0 0 
5.75479e-45 0 0 
4.69224e-49 0 0 
3.56937e-53 0 0 
2.54609e-57 0 0 
1.71062e-61 0 0 
1.08672e-65 0 0 
6.55038e-70 0 0 
3.75777e-74 0 0 
2.05745e-78 0 0 
0.00199599 0 0 
1.00263e-06 0 0 
3.37493e-10 0 0 
8.5629e-14 0 0 
1.74669e-17 0 0 
2.98374e-21 0 0 
4.39014e-25 0 0 
5.6795e-29 0 0 
6.56273e-33 0 0 
6.85783e-37 0 0 
6.54591e-41 0 0 
5.75479e-45 0 0 
4.69224e-49 0 0 
3.56937e-53 0 0 
2.54609e-57 0 0 
1.71062e-61 0 0 
1.08672e-65 0 0 
6.55038e-70 0 0 
3.75777e-74 0 0 
2.05745e-78 0 0 
0.00199599 0 0 
1.00263e-06 0 0 
3.37493e-10 0 0 
8.5629e-14 0 0 
1.74669e-17 0 0 
2.98374e-21 0 0 
4.39014e-25 0 0 
5.6795e-29 0 0 
6.56273e-33 0 0 
6.85783e-37 0 0 
6.54591e-41 0 0 
5.75479e-45 0 0 
4.69224e-49 0 0 
3.56937e-53 0 0 
2.54609e-57 0 0 
1.71062e-61 0 0 
1.08672e-65 0 0 
6.55038e-70 0 0 
3.75777e-74 0 0 
2.05745e-78 0 0 
0.00199599 0 0 
1.00263e-06 0 0 
3.37493e-10 0 0 
8.5629e-14 0 0 
1.74669e-17 0 0 
2.98374e-21 0 0 
4.39014e-25 0 0 
5.6795e-29 0 0 
6.56273e-33 0 0 
6.85783e-37 0 0 
6.54591e-41 0 0 
5.75479e-45 0 0 
4.69224e-49 0 0 
3.56937e-53 0 0 
2.54609e-57 0 0 
1.71062e-61 0 0 
1.08672e-65 0 0 
6.55038e-70 0 0 
3.75777e-74 0 0 
2.05745e-78 0 0 
0.00199599 0 0 
1.00263e-06 0 0 
3.37493e-10 0 0 
8.5629e-14 0 0 
1.74669e-17 0 0 
2.98374e-21 0 0 
4.39014e-25 0 0 
5.6795e-29 0 0 
6.56273e-33 0 0 
6.85783e-37 0 0 
6.54591e-41 0 0 
5.75479e-45 0 0 
4.69224e-49 0 0 
3.56937e-53 0 0 
2.54609e-57 0 0 
1.71062e-61 0 0 
1.08672e-65 0 0 
6.55038e-70 0 0 
3.75777e-74 0 0 
2.05745e-78 0 0 
0.00199599 0 0 
1.00263e-06 0 0 
3.37493e-10 0 0 
8.5629e-14 0 0 
1.74669e-17 0 0 
2.98374e-21 0 0 
4.39014e-25 0 0 
5.6795e-29 0 0 
6.56273e-33 0 0 
6.85783e-37 0 0 
6.54591e-41 0 0 
5.75479e-45 0 0 
4.69224e-49 0 0 
3.56937e-53 0 0 
2.54609e-57 0 0 
1.71062e-61 0 0 
1.08672e-65 0 0 
6.55038e-70 0 0 
3.75777e-74 0 0 
2.05745e-78 0 0 
0.00199599 0 0 
1.00263e-06 0 0 
3.37493e-10 0 0 
8.5629e-14 0 0 
1.74669e-17 0 0 
2.98374e-21 0 0 
4.39014e-25 0 0 
5.6795e-29 0 0 
6.56273e-33 0 0 
6.85783e-37 0 0 
6.54591e-41 0 0 
5.75479e-45 0 0 
4.69224e-49 0 0 
3.56937e-53 0 0 
2.54609e-57 0 0 
1.71062e-61 0 0 
1.08672e-65 0 0 
6.55038e-70 0 0 
3.75777e-74 0 0 
2.05745e-78 0 0 
0.00199599 0 0 
1.00263e-06 0 0 
3.37493e-10 0 0 
8.5629e-14 0 0 
1.74669e-17 0 0 
2.98374e-21 0 0 
4.39014e-25 0 0 
5.6795e-29 0 0 
6.56273e-33 0 0 
6.85783e-37 0 0 
6.54591e-41 0 0 
5.75479e-45 0 0 
4.69224e-49 0 0 
3.56937e-53 0 0 
2.54609e-57 0 0 
1.71062e-61 0 0 
1.08672e-65 0 0 
6.55038e-70 0 0 
3.75777e-74 0 0 
2.05745e-78 0 0 
0.00199599 0 0 
1.00263e-06 0 0 
3.37493e-10 0 0 
8.5629e-14 0 0 
1.74669e-17 0 0 
2.98374e-21 0 0 
4.39014e-25 0 0 
5.6795e-29 0 0 
6.56273e-33 0 0 
6.85783e-37 0 0 
6.54591e-41 0 0 
5.75479e-45 0 0 
4.69224e-49 0 0 
3.56937e-53 0 0 
2.54609e-57 0 0 
1.71062e-61 0 0 
1.08672e-65 0 0 
6.55038e-70 0 0 
3.75777e-74 0 0 
2.05745e-78 0 0 
0.00199599 0 0 
1.00263e-06 0 0 
3.37493e-10 0 0 
8.5629e-14 0 0 
1.74669e-17 0 0 
2.98374e-21 0 0 
4.39014e-25 0 0 
5.6795e-29 0 0 
6.56273e-33 0 0 
6.85783e-37 0 0 
6.54591e-41 0 0 
5.75479e-45 0 0 
4.69224e-49 0 0 
3.56937e-53 0 0 
2.54609e-57 0 0 
1.71062e-61 0 0 
1.08672e-65 0 0 
6.55038e-70 0 0 
3.75777e-74 0 0 
2.05745e-78 0 0 
0.00199599 0 0 
1.00263e-06 0 0 
3.37493e-10 0 0 
8.5629e-14 0 0 
1.74669e-17 0 0 
2.98374e-21 0 0 
4.39014e-25 0 0 
5.6795e-29 0 0 
6.56273e-33 0 0 
6.85783e-37 0 0 
6.54591e-41 0 0 
5.75479e-45 0 0 
4.69224e-49 0 0 
3.56937e-53 0 0 
2.54609e-57 0 0 
1.71062e-61 0 0 
1.08672e-65 0 0 
6.55038e-70 0 0 
3.75777e-74 0 0 
2.05745e-78 0 0 
0.00199599 0 0 
1.00263e-06 0 0 
3.37493e-10 0 0 
8.5629e-14 0 0 
1.74669e-17 0 0 
2.98374e-21 0 0 
4.39014e-25 0 0 
5.6795e-29 0 0 
6.56273e-33 0 0 
6.85783e-37 0 0 
6.54591e-41 0 0 
5.75479e-45 0 0 
4.69224e-49 0 0 
3.56937e-53 0 0 
2.54609e-57 0 0 
1.71062e-61 0 0 
1.08672e-65 0 0 
6.55038e-70 0 0 
3.75777e-74 0 0 
2.05745e-78 0 0 
0.00199599 0 0 
1.00263e-06 0 0 
3.37493e-10 0 0 
8.5629e-14 0 0 
1.74669e-17 0 0 
2.98374e-21 0 0 
4.39014e-25 0 0 
5.6795e-29 0 0 
6.56273e-33 0 0 
6.85783e-37 0 0 
6.54591e-41 0 0 
5.75479e-45 0 0 
4.69224e-49 0 0 
3.56937e-53 0 0 
2.54609e-57 0 0 
1.71062e-61 0 0 
1.08672e-65 0 0 
6.55038e-70 0 0 
3.75777e-74 0 0 
2.05745e-78 0 0 
0.00199599 0 0 
1.00263e-06 0 0 
3.37493e-10 0 0 
8.5629e-14 0 0 
1.74669e-17 0 0 
2.98374e-21 0 0 
4.39014e-25 0 0 
5.6795e-29 0 0 
6.56273e-33 0 0 
6.85783e-37 0 0 
6.54591e-41 0 0 
5.75479e-45 0 0 
4.69224e-49 0 0 
3.56937e-53 0 0 
2.54609e-57 0 0 
1.71062e-61 0 0 
1.08672e-65 0 0 
6.55038e-70 0 0 
3.75777e-74 0 0 
2.05745e-78 0 0 
0.00199599 0 0 
1.00263e-06 0 0 
3.37492e-10 0 0 
8.56289e-14 0 0 
1.74669e-17 0 0 
2.98374e-21 0 0 
4.39013e-25 0 0 
5.67949e-29 0 0 
6.56273e-33 0 0 
6.85782e-37 0 0 
6.54591e-41 0 0 
5.75478e-45 0 0 
4.69224e-49 0 0 
3.56937e-53 0 0 
2.54609e-57 0 0 
1.71061e-61 0 0 
1.08672e-65 0 0 
6.55037e-70 0 0 
3.75777e-74 0 0 
2.05745e-78 0 0 
0.00199398 0 0 
1.00129e-06 0 0 
3.3698e-10 0 0 
8.54894e-14 0 0 
1.74371e-17 0 0 
2.97848e-21 0 0 
4.3822e-25 0 0 
5.66901e-29 0 0 
6.55041e-33 0 0 
6.84476e-37 0 0 
6.53327e-41 0 0 
5.74354e-45 0 0 
4.68298e-49 0 0 
3.56225e-53 0 0 
2.54097e-57 0 0 
1.70714e-61 0 0 
1.0845e-65 0 0 
6.53687e-70 0 0 
3.74997e-74 0 0 
2.05314e-78 0 0 
))
(300 (2 10 3 0 0 401 800)(
0 0 0 
0 0 0 
0 0 0 
0 0 0 
0 0 0 
0 0 0 
0 0 0 
0 0 0 
0 0 0 
0 0 0 
0 0 0 
0 0 0 
0 0 0 
0 0 0 
0 0 0 
0 0 0 
0 0 0 
0 0 0 
0 0 0 
0 0 0 
0 0 0 
0 0 0 
0 0 0 
0 0 0 
0 0 0 
0 0 0 
0 0 0 
0 0 0 
0 0 0 
0 0 0 
0 0 0 
0 0 0 
0 0 0 
0 0 0 
0 0 0 
0 0 0 
0 0 0 
0 0 0 
0 0 0 
0 0 0 
0 0 0 
0 0 0 
0 0 0 
0 0 0 
0 0 0 
0 0 0 
0 0 0 
0 0 0 
0 0 0 
0 0 0 
0 0 0 
0 0 0 
0 0 0 
0 0 0 
0 0 0 
0 0 0 
0 0 0 
0 0 0 
0 0 0 
0 0 0 
0 0 0 
0 0 0 
0 0 0 
0 0 0 
0 0 0 
0 0 0 
0 0 0 
0 0 0 
0 0 0 
0 0 0 
0 0 0 
0 0 0 
0 0 0 
0 0 0 
0 0 0 
0 0 0 
0 0 0 
0 0 0 
0 0 0 
0 0 0 
0 0 0 
0 0 0 
0 0 0 
0 0 0 
0 0 0 
0 0 0 
0 0 0 
0 0 0 
0 0 0 
0 0 0 
0 0 0 
0 0 0 
0 0 0 
0 0 0 
0 0 0 
0 0 0 
0 0 0 
0 0 0 
0 0 0 
0 0 0 
0 0 0 
0 0 0 
0 0 0 
0 0 0 
0 0 0 
0 0 0 
0 0 0 
0 0 0 
0 0 0 
0 0 0 
0 0 0 
0 0 0 
0 0 0 
0 0 0 
0 0 0 
0 0 0 
0 0 0 
0 0 0 
0 0 0 
0 0 0 
0 0 0 
0 0 0 
0 0 0 
0 0 0 
0 0 0 
0 0 0 
0 0 0 
0 0 0 
0 0 0 
0 0 0 
0 0 0 
0 0 0 
0 0 0 
0 0 0 
0 0 0 
0 0 0 
0 0 0 
0 0 0 
0 0 0 
0 0 0 
0 0 0 
0 0 0 
0 0 0 
0 0 0 
0 0 0 
0 0 0 
0 0 0 
0 0 0 
0 0 0 
0 0 0 
0 0 0 
0 0 0 
0 0 0 
0 0 0 
0 0 0 
0 0 0 
0 0 0 
0 0 0 
0 0 0 
0 0 0 
0 0 0 
0 0 0 
0 0 0 
0 0 0 
0 0 0 
0 0 0 
0 0 0 
0 0 0 
0 0 0 
0 0 0 
0 0 0 
0 0 0 
0 0 0 
0 0 0 
0 0 0 
0 0 0 
0 0 0 
0 0 0 
0 0 0 
0 0 0 
0 0 0 
0 0 0 
0 0 0 
0 0 0 
0 0 0 
0 0 0 
0 0 0 
0 0 0 
0 0 0 
0 0 0 
0 0 0 
0 0 0 
0 0 0 
0 0 0 
0 0 0 
0 0 0 
0 0 0 
0 0 0 
0 0 0 
0 0 0 
0 0 0 
0 0 0 
0 0 0 
0 0 0 
0 0 0 
0 0 0 
0 0 0 
0 0 0 
0 0 0 
0 0 0 
0 0 0 
0 0 0 
0 0 0 
0 0 0 
0 0 0 
0 0 0 
0 0 0 
0 0 0 
0 0 0 
0 0 0 
0 0 0 
0 0 0 
0 0 0 
0 0 0 
0 0 0 
0 0 0 
0 0 0 
0 0 0 
0 0 0 
0 0 0 
0 0 0 
0 0 0 
0 0 0 
0 0 0 
0 0 0 
0 0 0 
0 0 0 
0 0 0 
0 0 0 
0 0 0 
0 0 0 
0 0 0 
0 0 0 
0 0 0 
0 0 0 
0 0 0 
0 0 0 
0 0 0 
0 0 0 
0 0 0 
0 0 0 
0 0 0 
0 0 0 
0 0 0 
0 0 0 
0 0 0 
0 0 0 
0 0 0 
0 0 0 
0 0 0 
0 0 0 
0 0 0 
0 0 0 
0 0 0 
0 0 0 
0 0 0 
0 0 0 
0 0 0 
0 0 0 
0 0 0 
0 0 0 
0 0 0 
0 0 0 
0 0 0 
0 0 0 
0 0 0 
0 0 0 
0 0 0 
0 0 0 
0 0 0 
0 0 0 
0 0 0 
0 0 0 
0 0 0 
0 0 0 
0 0 0 
0 0 0 
0 0 0 
0 0 0 
0 0 0 
0 0 0 
0 0 0 
0 0 0 
0 0 0 
0 0 0 
0 0 0 
0 0 0 
0 0 0 
0 0 0 
0 0 0 
0 0 0 
0 0 0 
0 0 0 
0 0 0 
0 0 0 
0 0 0 
0 0 0 
0 0 0 
0 0 0 
0 0 0 
0 0 0 
0 0 0 
0 0 0 
0 0 0 
0 0 0 
0 0 0 
0 0 0 
0 0 0 
0 0 0 
0 0 0 
0 0 0 
0 0 0 
0 0 0 
0 0 0 
0 0 0 
0 0 0 
0 0 0 
0 0 0 
0 0 0 
0 0 0 
0 0 0 
0 0 0 
0 0 0 
0 0 0 
0 0 0 
0 0 0 
0 0 0 
0 0 0 
0 0 0 
0 0 0 
0 0 0 
0 0 0 
0 0 0 
0 0 0 
0 0 0 
0 0 0 
0 0 0 
0 0 0 
0 0 0 
0 0 0 
0 0 0 
0 0 0 
0 0 0 
0 0 0 
0 0 0 
0 0 0 
0 0 0 
0 0 0 
0 0 0 
0 0 0 
0 0 0 
0 0 0 
0 0 0 
0 0 0 
0 0 0 
0 0 0 
0 0 0 
0 0 0 
0 0 0 
0 0 0 
0 0 0 
0 0 0 
0 0 0 
0 0 0 
0 0 0 
0 0 0 
0 0 0 
0 0 0 
0 0 0 
0 0 0 
0 0 0 
0 0 0 
0 0 0 
0 0 0 
0 0 0 
0 0 0 
0 0 0 
0 0 0 
0 0 0 
0 0 0 
0 0 0 
0 0 0 
0 0 0 
0 0 0 
0 0 0 
0 0 0 
0 0 0 
0 0 0 
0 0 0 
0 0 0 
))
(300 (2 11 3 0 0 801 1200)(
0 0 0 
0 0 0 
0 0 0 
0 0 0 
0 0 0 
0 0 0 
0 0 0 
0 0 0 
0 0 0 
0 0 0 
0 0 0 
0 0 0 
0 0 0 
0 0 0 
0 0 0 
0 0 0 
0 0 0 
0 0 0 
0 0 0 
0 0 0 
0 0 0 
0 0 0 
0 0 0 
0 0 0 
0 0 0 
0 0 0 
0 0 0 
0 0 0 
0 0 0 
0 0 0 
0 0 0 
0 0 0 
0 0 0 
0 0 0 
0 0 0 
0 0 0 
0 0 0 
0 0 0 
0 0 0 
0 0 0 
0 0 0 
0 0 0 
0 0 0 
0 0 0 
0 0 0 
0 0 0 
0 0 0 
0 0 0 
0 0 0 
0 0 0 
0 0 0 
0 0 0 
0 0 0 
0 0 0 
0 0 0 
0 0 0 
0 0 0 
0 0 0 
0 0 0 
0 0 0 
0 0 0 
0 0 0 
0 0 0 
0 0 0 
0 0 0 
0 0 0 
0 0 0 
0 0 0 
0 0 0 
0 0 0 
0 0 0 
0 0 0 
0 0 0 
0 0 0 
0 0 0 
0 0 0 
0 0 0 
0 0 0 
0 0 0 
0 0 0 
0 0 0 
0 0 0 
0 0 0 
0 0 0 
0 0 0 
0 0 0 
0 0 0 
0 0 0 
0 0 0 
0 0 0 
0 0 0 
0 0 0 
0 0 0 
0 0 0 
0 0 0 
0 0 0 
0 0 0 
0 0 0 
0 0 0 
0 0 0 
0 0 0 
0 0 0 
0 0 0 
0 0 0 
0 0 0 
0 0 0 
0 0 0 
0 0 0 
0 0 0 
0 0 0 
0 0 0 
0 0 0 
0 0 0 
0 0 0 
0 0 0 
0 0 0 
0 0 0 
0 0 0 
0 0 0 
0 0 0 
0 0 0 
0 0 0 
0 0 0 
0 0 0 
0 0 0 
0 0 0 
0 0 0 
0 0 0 
0 0 0 
0 0 0 
0 0 0 
0 0 0 
0 0 0 
0 0 0 
0 0 0 
0 0 0 
0 0 0 
0 0 0 
0 0 0 
0 0 0 
0 0 0 
0 0 0 
0 0 0 
0 0 0 
0 0 0 
0 0 0 
0 0 0 
0 0 0 
0 0 0 
0 0 0 
0 0 0 
0 0 0 
0 0 0 
0 0 0 
0 0 0 
0 0 0 
0 0 0 
0 0 0 
0 0 0 
0 0 0 
0 0 0 
0 0 0 
0 0 0 
0 0 0 
0 0 0 
0 0 0 
0 0 0 
0 0 0 
0 0 0 
0 0 0 
0 0 0 
0 0 0 
0 0 0 
0 0 0 
0 0 0 
0 0 0 
0 0 0 
0 0 0 
0 0 0 
0 0 0 
0 0 0 
0 0 0 
0 0 0 
0 0 0 
0 0 0 
0 0 0 
0 0 0 
0 0 0 
0 0 0 
0 0 0 
0 0 0 
0 0 0 
0 0 0 
0 0 0 
0 0 0 
0 0 0 
0 0 0 
0 0 0 
0 0 0 
0 0 0 
0 0 0 
0 0 0 
0 0 0 
0 0 0 
0 0 0 
0 0 0 
0 0 0 
0 0 0 
0 0 0 
0 0 0 
0 0 0 
0 0 0 
0 0 0 
0 0 0 
0 0 0 
0 0 0 
0 0 0 
0 0 0 
0 0 0 
0 0 0 
0 0 0 
0 0 0 
0 0 0 
0 0 0 
0 0 0 
0 0 0 
0 0 0 
0 0 0 
0 0 0 
0 0 0 
0 0 0 
0 0 0 
0 0 0 
0 0 0 
0 0 0 
0 0 0 
0 0 0 
0 0 0 
0 0 0 
0 0 0 
0 0 0 
0 0 0 
0 0 0 
0 0 0 
0 0 0 
0 0 0 
0 0 0 
0 0 0 
0 0 0 
0 0 0 
0 0 0 
0 0 0 
0 0 0 
0 0 0 
0 0 0 
0 0 0 
0 0 0 
0 0 0 
0 0 0 
0 0 0 
0 0 0 
0 0 0 
0 0 0 
0 0 0 
0 0 0 
0 0 0 
0 0 0 
0 0 0 
0 0 0 
0 0 0 
0 0 0 
0 0 0 
0 0 0 
0 0 0 
0 0 0 
0 0 0 
0 0 0 
0 0 0 
0 0 0 
0 0 0 
0 0 0 
0 0 0 
0 0 0 
0 0 0 
0 0 0 
0 0 0 
0 0 0 
0 0 0 
0 0 0 
0 0 0 
0 0 0 
0 0 0 
0 0 0 
0 0 0 
0 0 0 
0 0 0 
0 0 0 
0 0 0 
0 0 0 
0 0 0 
0 0 0 
0 0 0 
0 0 0 
0 0 0 
0 0 0 
0 0 0 
0 0 0 
0 0 0 
0 0 0 
0 0 0 
0 0 0 
0 0 0 
0 0 0 
0 0 0 
0 0 0 
0 0 0 
0 0 0 
0 0 0 
0 0 0 
0 0 0 
0 0 0 
0 0 0 
0 0 0 
0 0 0 
0 0 0 
0 0 0 
0 0 0 
0 0 0 
0 0 0 
0 0 0 
0 0 0 
0 0 0 
0 0 0 
0 0 0 
0 0 0 
0 0 0 
0 0 0 
0 0 0 
0 0 0 
0 0 0 
0 0 0 
0 0 0 
0 0 0 
0 0 0 
0 0 0 
0 0 0 
0 0 0 
0 0 0 
0 0 0 
0 0 0 
0 0 0 
0 0 0 
0 0 0 
0 0 0 
0 0 0 
0 0 0 
0 0 0 
0 0 0 
0 0 0 
0 0 0 
0 0 0 
0 0 0 
0 0 0 
0 0 0 
0 0 0 
0 0 0 
0 0 0 
0 0 0 
0 0 0 
0 0 0 
0 0 0 
0 0 0 
0 0 0 
0 0 0 
0 0 0 
0 0 0 
0 0 0 
0 0 0 
0 0 0 
0 0 0 
0 0 0 
0 0 0 
0 0 0 
0 0 0 
0 0 0 
0 0 0 
0 0 0 
0 0 0 
0 0 0 
0 0 0 
0 0 0 
0 0 0 
0 0 0 
0 0 0 
0 0 0 
0 0 0 
0 0 0 
0 0 0 
0 0 0 
0 0 0 
))
(300 (2 12 3 0 0 1201 1240)(
0 0 0 
0 0 0 
0 0 0 
0 0 0 
0 0 0 
0 0 0 
0 0 0 
0 0 0 
0 0 0 
0 0 0 
0 0 0 
0 0 0 
0 0 0 
0 0 0 
0 0 0 
0 0 0 
0 0 0 
0 0 0 
0 0 0 
0 0 0 
0 0 0 
0 0 0 
0 0 0 
0 0 0 
0 0 0 
0 0 0 
0 0 0 
0 0 0 
0 0 0 
0 0 0 
0 0 0 
0 0 0 
0 0 0 
0 0 0 
0 0 0 
0 0 0 
0 0 0 
0 0 0 
0 0 0 
0 0 0 
))
(300 (2 13 3 0 0 1241 1260)(
2.05314e-78 0 0 
2.05745e-78 0 0 
2.05745e-78 0 0 
2.05745e-78 0 0 
2.05745e-78 0 0 
2.05745e-78 0 0 
2.05745e-78 0 0 
2.05745e-78 0 0 
2.05745e-78 0 0 
2.05745e-78 0 0 
2.05745e-78 0 0 
2.05745e-78 0 0 
2.05745e-78 0 0 
2.05745e-78 0 0 
2.05745e-78 0 0 
2.05745e-78 0 0 
2.05745e-78 0 0 
2.05745e-78 0 0 
2.05745e-78 0 0 
2.05314e-78 0 0 
))
(300 (2 14 3 0 0 1261 1280)(
1 0 0 
1 0 0 
1 0 0 
1 0 0 
1 0 0 
1 0 0 
1 0 0 
1 0 0 
1 0 0 
1 0 0 
1 0 0 
1 0 0 
1 0 0 
1 0 0 
1 0 0 
1 0 0 
1 0 0 
1 0 0 
1 0 0 
1 0 0 
))
