(0 "FOAM to Fluent data File")

(33 (400 2520 882))
(300 (1 1 1 0 0 1 400)(
0
0
0
0
0
0
0
0
0
0
0
0
0
0
0
0
0
0
0
0
0
0
0
0
0
0
0
0
0
0
0
0
0
0
0
0
0
0
0
0
0
0
0
0
0
0
0
0
0
0
0
0
0
0
0
0
0
0
0
0
0
0
0
0
0
0
0
0
0
0
0
0
0
0
0
0
0
0
0
0
0
0
0
0
0
0
0
0
0
0
0
0
0
0
0
0
0
0
0
0
0
0
0
0
0
0
0
0
0
0
0
0
0
0
0
0
0
0
0
0
0
0
0
0
0
0
0
0
0
0
0
0
0
0
0
0
0
0
0
0
0
0
0
0
0
0
0
0
0
0
0
0
0
0
0
0
0
0
0
0
0
0
0
0
0
0
0
0
0
0
0
0
0
0
0
0
0
0
0
0
0
0
0
0
0
0
0
0
0
0
0
0
0
0
0
0
0
0
0
0
0
0
0
0
0
0
0
0
0
0
0
0
0
0
0
0
0
0
0
0
0
0
0
0
0
0
0
0
0
0
0
0
0
0
0
0
0
0
0
0
0
0
0
0
0
0
0
0
0
0
0
0
0
0
0
0
0
0
0
0
0
0
0
0
0
0
0
0
0
0
0
0
0
0
0
0
0
0
0
0
0
0
0
0
0
0
0
0
0
0
0
0
0
0
0
0
0
0
0
0
0
0
0
0
0
0
0
0
0
0
0
0
0
0
0
0
0
0
0
0
0
0
0
0
0
0
0
0
0
0
0
0
0
0
0
0
0
0
0
0
0
0
0
0
0
0
0
0
0
0
0
0
0
0
0
0
0
0
0
0
0
0
0
0
0
0
0
0
0
0
0
0
0
0
0
0
0
0
0
0
0
0
0
0
0
0
0
0
0
0
0
0
0
0
0
0
0
0
0
0
))
(300 (1 10 1 0 0 401 800)(
0
0
0
0
0
0
0
0
0
0
0
0
0
0
0
0
0
0
0
0
0
0
0
0
0
0
0
0
0
0
0
0
0
0
0
0
0
0
0
0
0
0
0
0
0
0
0
0
0
0
0
0
0
0
0
0
0
0
0
0
0
0
0
0
0
0
0
0
0
0
0
0
0
0
0
0
0
0
0
0
0
0
0
0
0
0
0
0
0
0
0
0
0
0
0
0
0
0
0
0
0
0
0
0
0
0
0
0
0
0
0
0
0
0
0
0
0
0
0
0
0
0
0
0
0
0
0
0
0
0
0
0
0
0
0
0
0
0
0
0
0
0
0
0
0
0
0
0
0
0
0
0
0
0
0
0
0
0
0
0
0
0
0
0
0
0
0
0
0
0
0
0
0
0
0
0
0
0
0
0
0
0
0
0
0
0
0
0
0
0
0
0
0
0
0
0
0
0
0
0
0
0
0
0
0
0
0
0
0
0
0
0
0
0
0
0
0
0
0
0
0
0
0
0
0
0
0
0
0
0
0
0
0
0
0
0
0
0
0
0
0
0
0
0
0
0
0
0
0
0
0
0
0
0
0
0
0
0
0
0
0
0
0
0
0
0
0
0
0
0
0
0
0
0
0
0
0
0
0
0
0
0
0
0
0
0
0
0
0
0
0
0
0
0
0
0
0
0
0
0
0
0
0
0
0
0
0
0
0
0
0
0
0
0
0
0
0
0
0
0
0
0
0
0
0
0
0
0
0
0
0
0
0
0
0
0
0
0
0
0
0
0
0
0
0
0
0
0
0
0
0
0
0
0
0
0
0
0
0
0
0
0
0
0
0
0
0
0
0
0
0
0
0
0
0
0
0
0
0
0
0
0
0
0
0
0
0
0
0
0
0
0
0
0
0
0
0
0
0
0
))
(300 (1 11 1 0 0 401 800)(
0
0
0
0
0
0
0
0
0
0
0
0
0
0
0
0
0
0
0
0
0
0
0
0
0
0
0
0
0
0
0
0
0
0
0
0
0
0
0
0
0
0
0
0
0
0
0
0
0
0
0
0
0
0
0
0
0
0
0
0
0
0
0
0
0
0
0
0
0
0
0
0
0
0
0
0
0
0
0
0
0
0
0
0
0
0
0
0
0
0
0
0
0
0
0
0
0
0
0
0
0
0
0
0
0
0
0
0
0
0
0
0
0
0
0
0
0
0
0
0
0
0
0
0
0
0
0
0
0
0
0
0
0
0
0
0
0
0
0
0
0
0
0
0
0
0
0
0
0
0
0
0
0
0
0
0
0
0
0
0
0
0
0
0
0
0
0
0
0
0
0
0
0
0
0
0
0
0
0
0
0
0
0
0
0
0
0
0
0
0
0
0
0
0
0
0
0
0
0
0
0
0
0
0
0
0
0
0
0
0
0
0
0
0
0
0
0
0
0
0
0
0
0
0
0
0
0
0
0
0
0
0
0
0
0
0
0
0
0
0
0
0
0
0
0
0
0
0
0
0
0
0
0
0
0
0
0
0
0
0
0
0
0
0
0
0
0
0
0
0
0
0
0
0
0
0
0
0
0
0
0
0
0
0
0
0
0
0
0
0
0
0
0
0
0
0
0
0
0
0
0
0
0
0
0
0
0
0
0
0
0
0
0
0
0
0
0
0
0
0
0
0
0
0
0
0
0
0
0
0
0
0
0
0
0
0
0
0
0
0
0
0
0
0
0
0
0
0
0
0
0
0
0
0
0
0
0
0
0
0
0
0
0
0
0
0
0
0
0
0
0
0
0
0
0
0
0
0
0
0
0
0
0
0
0
0
0
0
0
0
0
0
0
0
0
0
0
0
0
0
))
(300 (1 12 1 0 0 401 440)(
0
0
0
0
0
0
0
0
0
0
0
0
0
0
0
0
0
0
0
0
0
0
0
0
0
0
0
0
0
0
0
0
0
0
0
0
0
0
0
0
))
(300 (1 13 1 0 0 401 420)(
0
0
0
0
0
0
0
0
0
0
0
0
0
0
0
0
0
0
0
0
))
(300 (1 14 1 0 0 401 420)(
0
0
0
0
0
0
0
0
0
0
0
0
0
0
0
0
0
0
0
0
))
(300 (2 1 3 0 0 1 400)(
0.00139704 0 0 
4.92217e-07 0 0 
1.16462e-10 0 0 
2.08141e-14 0 0 
2.99688e-18 0 0 
3.62089e-22 0 0 
3.77579e-26 0 0 
3.46879e-30 0 0 
2.85196e-34 0 0 
2.1246e-38 0 0 
1.44852e-42 0 0 
9.11324e-47 0 0 
5.32753e-51 0 0 
2.911e-55 0 0 
1.49426e-59 0 0 
7.23757e-64 0 0 
3.32065e-68 0 0 
1.44813e-72 0 0 
6.02096e-77 0 0 
2.39335e-81 0 0 
0.00139803 0 0 
4.92683e-07 0 0 
1.16586e-10 0 0 
2.08381e-14 0 0 
3.0005e-18 0 0 
3.62542e-22 0 0 
3.78065e-26 0 0 
3.47335e-30 0 0 
2.85578e-34 0 0 
2.1275e-38 0 0 
1.45053e-42 0 0 
9.12603e-47 0 0 
5.3351e-51 0 0 
2.91519e-55 0 0 
1.49643e-59 0 0 
7.24819e-64 0 0 
3.32558e-68 0 0 
1.45029e-72 0 0 
6.03005e-77 0 0 
2.39699e-81 0 0 
0.00139803 0 0 
4.92683e-07 0 0 
1.16586e-10 0 0 
2.08381e-14 0 0 
3.0005e-18 0 0 
3.62543e-22 0 0 
3.78065e-26 0 0 
3.47335e-30 0 0 
2.85578e-34 0 0 
2.1275e-38 0 0 
1.45053e-42 0 0 
9.12603e-47 0 0 
5.3351e-51 0 0 
2.91519e-55 0 0 
1.49643e-59 0 0 
7.2482e-64 0 0 
3.32558e-68 0 0 
1.45029e-72 0 0 
6.03006e-77 0 0 
2.39699e-81 0 0 
0.00139803 0 0 
4.92683e-07 0 0 
1.16586e-10 0 0 
2.08381e-14 0 0 
3.0005e-18 0 0 
3.62543e-22 0 0 
3.78065e-26 0 0 
3.47335e-30 0 0 
2.85578e-34 0 0 
2.1275e-38 0 0 
1.45053e-42 0 0 
9.12603e-47 0 0 
5.3351e-51 0 0 
2.91519e-55 0 0 
1.49643e-59 0 0 
7.2482e-64 0 0 
3.32558e-68 0 0 
1.45029e-72 0 0 
6.03006e-77 0 0 
2.39699e-81 0 0 
0.00139803 0 0 
4.92683e-07 0 0 
1.16586e-10 0 0 
2.08381e-14 0 0 
3.0005e-18 0 0 
3.62543e-22 0 0 
3.78065e-26 0 0 
3.47335e-30 0 0 
2.85578e-34 0 0 
2.1275e-38 0 0 
1.45053e-42 0 0 
9.12603e-47 0 0 
5.3351e-51 0 0 
2.91519e-55 0 0 
1.49643e-59 0 0 
7.2482e-64 0 0 
3.32558e-68 0 0 
1.45029e-72 0 0 
6.03006e-77 0 0 
2.39699e-81 0 0 
0.00139803 0 0 
4.92683e-07 0 0 
1.16586e-10 0 0 
2.08381e-14 0 0 
3.0005e-18 0 0 
3.62543e-22 0 0 
3.78065e-26 0 0 
3.47335e-30 0 0 
2.85578e-34 0 0 
2.1275e-38 0 0 
1.45053e-42 0 0 
9.12603e-47 0 0 
5.3351e-51 0 0 
2.91519e-55 0 0 
1.49643e-59 0 0 
7.2482e-64 0 0 
3.32558e-68 0 0 
1.45029e-72 0 0 
6.03006e-77 0 0 
2.39699e-81 0 0 
0.00139803 0 0 
4.92683e-07 0 0 
1.16586e-10 0 0 
2.08381e-14 0 0 
3.0005e-18 0 0 
3.62543e-22 0 0 
3.78065e-26 0 0 
3.47335e-30 0 0 
2.85578e-34 0 0 
2.1275e-38 0 0 
1.45053e-42 0 0 
9.12603e-47 0 0 
5.3351e-51 0 0 
2.91519e-55 0 0 
1.49643e-59 0 0 
7.2482e-64 0 0 
3.32558e-68 0 0 
1.45029e-72 0 0 
6.03006e-77 0 0 
2.39699e-81 0 0 
0.00139803 0 0 
4.92683e-07 0 0 
1.16586e-10 0 0 
2.08381e-14 0 0 
3.0005e-18 0 0 
3.62543e-22 0 0 
3.78065e-26 0 0 
3.47335e-30 0 0 
2.85578e-34 0 0 
2.1275e-38 0 0 
1.45053e-42 0 0 
9.12603e-47 0 0 
5.3351e-51 0 0 
2.91519e-55 0 0 
1.49643e-59 0 0 
7.2482e-64 0 0 
3.32558e-68 0 0 
1.45029e-72 0 0 
6.03006e-77 0 0 
2.39699e-81 0 0 
0.00139803 0 0 
4.92683e-07 0 0 
1.16586e-10 0 0 
2.08381e-14 0 0 
3.0005e-18 0 0 
3.62543e-22 0 0 
3.78065e-26 0 0 
3.47335e-30 0 0 
2.85578e-34 0 0 
2.1275e-38 0 0 
1.45053e-42 0 0 
9.12603e-47 0 0 
5.3351e-51 0 0 
2.91519e-55 0 0 
1.49643e-59 0 0 
7.2482e-64 0 0 
3.32558e-68 0 0 
1.45029e-72 0 0 
6.03006e-77 0 0 
2.39699e-81 0 0 
0.00139803 0 0 
4.92683e-07 0 0 
1.16586e-10 0 0 
2.08381e-14 0 0 
3.0005e-18 0 0 
3.62543e-22 0 0 
3.78065e-26 0 0 
3.47335e-30 0 0 
2.85578e-34 0 0 
2.1275e-38 0 0 
1.45053e-42 0 0 
9.12603e-47 0 0 
5.3351e-51 0 0 
2.91519e-55 0 0 
1.49643e-59 0 0 
7.2482e-64 0 0 
3.32558e-68 0 0 
1.45029e-72 0 0 
6.03006e-77 0 0 
2.39699e-81 0 0 
0.00139803 0 0 
4.92683e-07 0 0 
1.16586e-10 0 0 
2.08381e-14 0 0 
3.0005e-18 0 0 
3.62543e-22 0 0 
3.78065e-26 0 0 
3.47335e-30 0 0 
2.85578e-34 0 0 
2.1275e-38 0 0 
1.45053e-42 0 0 
9.12603e-47 0 0 
5.3351e-51 0 0 
2.91519e-55 0 0 
1.49643e-59 0 0 
7.2482e-64 0 0 
3.32558e-68 0 0 
1.45029e-72 0 0 
6.03006e-77 0 0 
2.39699e-81 0 0 
0.00139803 0 0 
4.92683e-07 0 0 
1.16586e-10 0 0 
2.08381e-14 0 0 
3.0005e-18 0 0 
3.62543e-22 0 0 
3.78065e-26 0 0 
3.47335e-30 0 0 
2.85578e-34 0 0 
2.1275e-38 0 0 
1.45053e-42 0 0 
9.12603e-47 0 0 
5.3351e-51 0 0 
2.91519e-55 0 0 
1.49643e-59 0 0 
7.2482e-64 0 0 
3.32558e-68 0 0 
1.45029e-72 0 0 
6.03006e-77 0 0 
2.39699e-81 0 0 
0.00139803 0 0 
4.92683e-07 0 0 
1.16586e-10 0 0 
2.08381e-14 0 0 
3.0005e-18 0 0 
3.62543e-22 0 0 
3.78065e-26 0 0 
3.47335e-30 0 0 
2.85578e-34 0 0 
2.1275e-38 0 0 
1.45053e-42 0 0 
9.12603e-47 0 0 
5.3351e-51 0 0 
2.91519e-55 0 0 
1.49643e-59 0 0 
7.2482e-64 0 0 
3.32558e-68 0 0 
1.45029e-72 0 0 
6.03006e-77 0 0 
2.39699e-81 0 0 
0.00139803 0 0 
4.92683e-07 0 0 
1.16586e-10 0 0 
2.08381e-14 0 0 
3.0005e-18 0 0 
3.62543e-22 0 0 
3.78065e-26 0 0 
3.47335e-30 0 0 
2.85578e-34 0 0 
2.1275e-38 0 0 
1.45053e-42 0 0 
9.12603e-47 0 0 
5.3351e-51 0 0 
2.91519e-55 0 0 
1.49643e-59 0 0 
7.2482e-64 0 0 
3.32558e-68 0 0 
1.45029e-72 0 0 
6.03006e-77 0 0 
2.39699e-81 0 0 
0.00139803 0 0 
4.92683e-07 0 0 
1.16586e-10 0 0 
2.08381e-14 0 0 
3.0005e-18 0 0 
3.62543e-22 0 0 
3.78065e-26 0 0 
3.47335e-30 0 0 
2.85578e-34 0 0 
2.1275e-38 0 0 
1.45053e-42 0 0 
9.12603e-47 0 0 
5.3351e-51 0 0 
2.91519e-55 0 0 
1.49643e-59 0 0 
7.2482e-64 0 0 
3.32558e-68 0 0 
1.45029e-72 0 0 
6.03006e-77 0 0 
2.39699e-81 0 0 
0.00139803 0 0 
4.92683e-07 0 0 
1.16586e-10 0 0 
2.08381e-14 0 0 
3.0005e-18 0 0 
3.62543e-22 0 0 
3.78065e-26 0 0 
3.47335e-30 0 0 
2.85578e-34 0 0 
2.1275e-38 0 0 
1.45053e-42 0 0 
9.12603e-47 0 0 
5.3351e-51 0 0 
2.91519e-55 0 0 
1.49643e-59 0 0 
7.2482e-64 0 0 
3.32558e-68 0 0 
1.45029e-72 0 0 
6.03006e-77 0 0 
2.39699e-81 0 0 
0.00139803 0 0 
4.92683e-07 0 0 
1.16586e-10 0 0 
2.08381e-14 0 0 
3.0005e-18 0 0 
3.62543e-22 0 0 
3.78065e-26 0 0 
3.47335e-30 0 0 
2.85578e-34 0 0 
2.1275e-38 0 0 
1.45053e-42 0 0 
9.12603e-47 0 0 
5.3351e-51 0 0 
2.91519e-55 0 0 
1.49643e-59 0 0 
7.2482e-64 0 0 
3.32558e-68 0 0 
1.45029e-72 0 0 
6.03006e-77 0 0 
2.39699e-81 0 0 
0.00139803 0 0 
4.92683e-07 0 0 
1.16586e-10 0 0 
2.08381e-14 0 0 
3.0005e-18 0 0 
3.62543e-22 0 0 
3.78065e-26 0 0 
3.47335e-30 0 0 
2.85578e-34 0 0 
2.1275e-38 0 0 
1.45053e-42 0 0 
9.12603e-47 0 0 
5.3351e-51 0 0 
2.91519e-55 0 0 
1.49643e-59 0 0 
7.2482e-64 0 0 
3.32558e-68 0 0 
1.45029e-72 0 0 
6.03006e-77 0 0 
2.39699e-81 0 0 
0.00139803 0 0 
4.92683e-07 0 0 
1.16586e-10 0 0 
2.08381e-14 0 0 
3.0005e-18 0 0 
3.62542e-22 0 0 
3.78065e-26 0 0 
3.47335e-30 0 0 
2.85578e-34 0 0 
2.1275e-38 0 0 
1.45053e-42 0 0 
9.12603e-47 0 0 
5.3351e-51 0 0 
2.91519e-55 0 0 
1.49643e-59 0 0 
7.24819e-64 0 0 
3.32558e-68 0 0 
1.45029e-72 0 0 
6.03005e-77 0 0 
2.39699e-81 0 0 
0.00139704 0 0 
4.92217e-07 0 0 
1.16462e-10 0 0 
2.08141e-14 0 0 
2.99688e-18 0 0 
3.62089e-22 0 0 
3.77579e-26 0 0 
3.46879e-30 0 0 
2.85196e-34 0 0 
2.1246e-38 0 0 
1.44852e-42 0 0 
9.11324e-47 0 0 
5.32753e-51 0 0 
2.911e-55 0 0 
1.49426e-59 0 0 
7.23757e-64 0 0 
3.32065e-68 0 0 
1.44813e-72 0 0 
6.02096e-77 0 0 
2.39335e-81 0 0 
))
(300 (2 10 3 0 0 401 800)(
0 0 0 
0 0 0 
0 0 0 
0 0 0 
0 0 0 
0 0 0 
0 0 0 
0 0 0 
0 0 0 
0 0 0 
0 0 0 
0 0 0 
0 0 0 
0 0 0 
0 0 0 
0 0 0 
0 0 0 
0 0 0 
0 0 0 
0 0 0 
0 0 0 
0 0 0 
0 0 0 
0 0 0 
0 0 0 
0 0 0 
0 0 0 
0 0 0 
0 0 0 
0 0 0 
0 0 0 
0 0 0 
0 0 0 
0 0 0 
0 0 0 
0 0 0 
0 0 0 
0 0 0 
0 0 0 
0 0 0 
0 0 0 
0 0 0 
0 0 0 
0 0 0 
0 0 0 
0 0 0 
0 0 0 
0 0 0 
0 0 0 
0 0 0 
0 0 0 
0 0 0 
0 0 0 
0 0 0 
0 0 0 
0 0 0 
0 0 0 
0 0 0 
0 0 0 
0 0 0 
0 0 0 
0 0 0 
0 0 0 
0 0 0 
0 0 0 
0 0 0 
0 0 0 
0 0 0 
0 0 0 
0 0 0 
0 0 0 
0 0 0 
0 0 0 
0 0 0 
0 0 0 
0 0 0 
0 0 0 
0 0 0 
0 0 0 
0 0 0 
0 0 0 
0 0 0 
0 0 0 
0 0 0 
0 0 0 
0 0 0 
0 0 0 
0 0 0 
0 0 0 
0 0 0 
0 0 0 
0 0 0 
0 0 0 
0 0 0 
0 0 0 
0 0 0 
0 0 0 
0 0 0 
0 0 0 
0 0 0 
0 0 0 
0 0 0 
0 0 0 
0 0 0 
0 0 0 
0 0 0 
0 0 0 
0 0 0 
0 0 0 
0 0 0 
0 0 0 
0 0 0 
0 0 0 
0 0 0 
0 0 0 
0 0 0 
0 0 0 
0 0 0 
0 0 0 
0 0 0 
0 0 0 
0 0 0 
0 0 0 
0 0 0 
0 0 0 
0 0 0 
0 0 0 
0 0 0 
0 0 0 
0 0 0 
0 0 0 
0 0 0 
0 0 0 
0 0 0 
0 0 0 
0 0 0 
0 0 0 
0 0 0 
0 0 0 
0 0 0 
0 0 0 
0 0 0 
0 0 0 
0 0 0 
0 0 0 
0 0 0 
0 0 0 
0 0 0 
0 0 0 
0 0 0 
0 0 0 
0 0 0 
0 0 0 
0 0 0 
0 0 0 
0 0 0 
0 0 0 
0 0 0 
0 0 0 
0 0 0 
0 0 0 
0 0 0 
0 0 0 
0 0 0 
0 0 0 
0 0 0 
0 0 0 
0 0 0 
0 0 0 
0 0 0 
0 0 0 
0 0 0 
0 0 0 
0 0 0 
0 0 0 
0 0 0 
0 0 0 
0 0 0 
0 0 0 
0 0 0 
0 0 0 
0 0 0 
0 0 0 
0 0 0 
0 0 0 
0 0 0 
0 0 0 
0 0 0 
0 0 0 
0 0 0 
0 0 0 
0 0 0 
0 0 0 
0 0 0 
0 0 0 
0 0 0 
0 0 0 
0 0 0 
0 0 0 
0 0 0 
0 0 0 
0 0 0 
0 0 0 
0 0 0 
0 0 0 
0 0 0 
0 0 0 
0 0 0 
0 0 0 
0 0 0 
0 0 0 
0 0 0 
0 0 0 
0 0 0 
0 0 0 
0 0 0 
0 0 0 
0 0 0 
0 0 0 
0 0 0 
0 0 0 
0 0 0 
0 0 0 
0 0 0 
0 0 0 
0 0 0 
0 0 0 
0 0 0 
0 0 0 
0 0 0 
0 0 0 
0 0 0 
0 0 0 
0 0 0 
0 0 0 
0 0 0 
0 0 0 
0 0 0 
0 0 0 
0 0 0 
0 0 0 
0 0 0 
0 0 0 
0 0 0 
0 0 0 
0 0 0 
0 0 0 
0 0 0 
0 0 0 
0 0 0 
0 0 0 
0 0 0 
0 0 0 
0 0 0 
0 0 0 
0 0 0 
0 0 0 
0 0 0 
0 0 0 
0 0 0 
0 0 0 
0 0 0 
0 0 0 
0 0 0 
0 0 0 
0 0 0 
0 0 0 
0 0 0 
0 0 0 
0 0 0 
0 0 0 
0 0 0 
0 0 0 
0 0 0 
0 0 0 
0 0 0 
0 0 0 
0 0 0 
0 0 0 
0 0 0 
0 0 0 
0 0 0 
0 0 0 
0 0 0 
0 0 0 
0 0 0 
0 0 0 
0 0 0 
0 0 0 
0 0 0 
0 0 0 
0 0 0 
0 0 0 
0 0 0 
0 0 0 
0 0 0 
0 0 0 
0 0 0 
0 0 0 
0 0 0 
0 0 0 
0 0 0 
0 0 0 
0 0 0 
0 0 0 
0 0 0 
0 0 0 
0 0 0 
0 0 0 
0 0 0 
0 0 0 
0 0 0 
0 0 0 
0 0 0 
0 0 0 
0 0 0 
0 0 0 
0 0 0 
0 0 0 
0 0 0 
0 0 0 
0 0 0 
0 0 0 
0 0 0 
0 0 0 
0 0 0 
0 0 0 
0 0 0 
0 0 0 
0 0 0 
0 0 0 
0 0 0 
0 0 0 
0 0 0 
0 0 0 
0 0 0 
0 0 0 
0 0 0 
0 0 0 
0 0 0 
0 0 0 
0 0 0 
0 0 0 
0 0 0 
0 0 0 
0 0 0 
0 0 0 
0 0 0 
0 0 0 
0 0 0 
0 0 0 
0 0 0 
0 0 0 
0 0 0 
0 0 0 
0 0 0 
0 0 0 
0 0 0 
0 0 0 
0 0 0 
0 0 0 
0 0 0 
0 0 0 
0 0 0 
0 0 0 
0 0 0 
0 0 0 
0 0 0 
0 0 0 
0 0 0 
0 0 0 
0 0 0 
0 0 0 
0 0 0 
0 0 0 
0 0 0 
0 0 0 
0 0 0 
0 0 0 
0 0 0 
0 0 0 
0 0 0 
0 0 0 
0 0 0 
0 0 0 
0 0 0 
0 0 0 
0 0 0 
0 0 0 
0 0 0 
0 0 0 
0 0 0 
0 0 0 
0 0 0 
0 0 0 
0 0 0 
0 0 0 
0 0 0 
0 0 0 
0 0 0 
))
(300 (2 11 3 0 0 801 1200)(
0 0 0 
0 0 0 
0 0 0 
0 0 0 
0 0 0 
0 0 0 
0 0 0 
0 0 0 
0 0 0 
0 0 0 
0 0 0 
0 0 0 
0 0 0 
0 0 0 
0 0 0 
0 0 0 
0 0 0 
0 0 0 
0 0 0 
0 0 0 
0 0 0 
0 0 0 
0 0 0 
0 0 0 
0 0 0 
0 0 0 
0 0 0 
0 0 0 
0 0 0 
0 0 0 
0 0 0 
0 0 0 
0 0 0 
0 0 0 
0 0 0 
0 0 0 
0 0 0 
0 0 0 
0 0 0 
0 0 0 
0 0 0 
0 0 0 
0 0 0 
0 0 0 
0 0 0 
0 0 0 
0 0 0 
0 0 0 
0 0 0 
0 0 0 
0 0 0 
0 0 0 
0 0 0 
0 0 0 
0 0 0 
0 0 0 
0 0 0 
0 0 0 
0 0 0 
0 0 0 
0 0 0 
0 0 0 
0 0 0 
0 0 0 
0 0 0 
0 0 0 
0 0 0 
0 0 0 
0 0 0 
0 0 0 
0 0 0 
0 0 0 
0 0 0 
0 0 0 
0 0 0 
0 0 0 
0 0 0 
0 0 0 
0 0 0 
0 0 0 
0 0 0 
0 0 0 
0 0 0 
0 0 0 
0 0 0 
0 0 0 
0 0 0 
0 0 0 
0 0 0 
0 0 0 
0 0 0 
0 0 0 
0 0 0 
0 0 0 
0 0 0 
0 0 0 
0 0 0 
0 0 0 
0 0 0 
0 0 0 
0 0 0 
0 0 0 
0 0 0 
0 0 0 
0 0 0 
0 0 0 
0 0 0 
0 0 0 
0 0 0 
0 0 0 
0 0 0 
0 0 0 
0 0 0 
0 0 0 
0 0 0 
0 0 0 
0 0 0 
0 0 0 
0 0 0 
0 0 0 
0 0 0 
0 0 0 
0 0 0 
0 0 0 
0 0 0 
0 0 0 
0 0 0 
0 0 0 
0 0 0 
0 0 0 
0 0 0 
0 0 0 
0 0 0 
0 0 0 
0 0 0 
0 0 0 
0 0 0 
0 0 0 
0 0 0 
0 0 0 
0 0 0 
0 0 0 
0 0 0 
0 0 0 
0 0 0 
0 0 0 
0 0 0 
0 0 0 
0 0 0 
0 0 0 
0 0 0 
0 0 0 
0 0 0 
0 0 0 
0 0 0 
0 0 0 
0 0 0 
0 0 0 
0 0 0 
0 0 0 
0 0 0 
0 0 0 
0 0 0 
0 0 0 
0 0 0 
0 0 0 
0 0 0 
0 0 0 
0 0 0 
0 0 0 
0 0 0 
0 0 0 
0 0 0 
0 0 0 
0 0 0 
0 0 0 
0 0 0 
0 0 0 
0 0 0 
0 0 0 
0 0 0 
0 0 0 
0 0 0 
0 0 0 
0 0 0 
0 0 0 
0 0 0 
0 0 0 
0 0 0 
0 0 0 
0 0 0 
0 0 0 
0 0 0 
0 0 0 
0 0 0 
0 0 0 
0 0 0 
0 0 0 
0 0 0 
0 0 0 
0 0 0 
0 0 0 
0 0 0 
0 0 0 
0 0 0 
0 0 0 
0 0 0 
0 0 0 
0 0 0 
0 0 0 
0 0 0 
0 0 0 
0 0 0 
0 0 0 
0 0 0 
0 0 0 
0 0 0 
0 0 0 
0 0 0 
0 0 0 
0 0 0 
0 0 0 
0 0 0 
0 0 0 
0 0 0 
0 0 0 
0 0 0 
0 0 0 
0 0 0 
0 0 0 
0 0 0 
0 0 0 
0 0 0 
0 0 0 
0 0 0 
0 0 0 
0 0 0 
0 0 0 
0 0 0 
0 0 0 
0 0 0 
0 0 0 
0 0 0 
0 0 0 
0 0 0 
0 0 0 
0 0 0 
0 0 0 
0 0 0 
0 0 0 
0 0 0 
0 0 0 
0 0 0 
0 0 0 
0 0 0 
0 0 0 
0 0 0 
0 0 0 
0 0 0 
0 0 0 
0 0 0 
0 0 0 
0 0 0 
0 0 0 
0 0 0 
0 0 0 
0 0 0 
0 0 0 
0 0 0 
0 0 0 
0 0 0 
0 0 0 
0 0 0 
0 0 0 
0 0 0 
0 0 0 
0 0 0 
0 0 0 
0 0 0 
0 0 0 
0 0 0 
0 0 0 
0 0 0 
0 0 0 
0 0 0 
0 0 0 
0 0 0 
0 0 0 
0 0 0 
0 0 0 
0 0 0 
0 0 0 
0 0 0 
0 0 0 
0 0 0 
0 0 0 
0 0 0 
0 0 0 
0 0 0 
0 0 0 
0 0 0 
0 0 0 
0 0 0 
0 0 0 
0 0 0 
0 0 0 
0 0 0 
0 0 0 
0 0 0 
0 0 0 
0 0 0 
0 0 0 
0 0 0 
0 0 0 
0 0 0 
0 0 0 
0 0 0 
0 0 0 
0 0 0 
0 0 0 
0 0 0 
0 0 0 
0 0 0 
0 0 0 
0 0 0 
0 0 0 
0 0 0 
0 0 0 
0 0 0 
0 0 0 
0 0 0 
0 0 0 
0 0 0 
0 0 0 
0 0 0 
0 0 0 
0 0 0 
0 0 0 
0 0 0 
0 0 0 
0 0 0 
0 0 0 
0 0 0 
0 0 0 
0 0 0 
0 0 0 
0 0 0 
0 0 0 
0 0 0 
0 0 0 
0 0 0 
0 0 0 
0 0 0 
0 0 0 
0 0 0 
0 0 0 
0 0 0 
0 0 0 
0 0 0 
0 0 0 
0 0 0 
0 0 0 
0 0 0 
0 0 0 
0 0 0 
0 0 0 
0 0 0 
0 0 0 
0 0 0 
0 0 0 
0 0 0 
0 0 0 
0 0 0 
0 0 0 
0 0 0 
0 0 0 
0 0 0 
0 0 0 
0 0 0 
0 0 0 
0 0 0 
0 0 0 
0 0 0 
0 0 0 
0 0 0 
0 0 0 
0 0 0 
0 0 0 
0 0 0 
0 0 0 
0 0 0 
0 0 0 
0 0 0 
0 0 0 
0 0 0 
0 0 0 
0 0 0 
0 0 0 
0 0 0 
0 0 0 
))
(300 (2 12 3 0 0 1201 1240)(
0 0 0 
0 0 0 
0 0 0 
0 0 0 
0 0 0 
0 0 0 
0 0 0 
0 0 0 
0 0 0 
0 0 0 
0 0 0 
0 0 0 
0 0 0 
0 0 0 
0 0 0 
0 0 0 
0 0 0 
0 0 0 
0 0 0 
0 0 0 
0 0 0 
0 0 0 
0 0 0 
0 0 0 
0 0 0 
0 0 0 
0 0 0 
0 0 0 
0 0 0 
0 0 0 
0 0 0 
0 0 0 
0 0 0 
0 0 0 
0 0 0 
0 0 0 
0 0 0 
0 0 0 
0 0 0 
0 0 0 
))
(300 (2 13 3 0 0 1241 1260)(
2.39335e-81 0 0 
2.39699e-81 0 0 
2.39699e-81 0 0 
2.39699e-81 0 0 
2.39699e-81 0 0 
2.39699e-81 0 0 
2.39699e-81 0 0 
2.39699e-81 0 0 
2.39699e-81 0 0 
2.39699e-81 0 0 
2.39699e-81 0 0 
2.39699e-81 0 0 
2.39699e-81 0 0 
2.39699e-81 0 0 
2.39699e-81 0 0 
2.39699e-81 0 0 
2.39699e-81 0 0 
2.39699e-81 0 0 
2.39699e-81 0 0 
2.39335e-81 0 0 
))
(300 (2 14 3 0 0 1261 1280)(
1 0 0 
1 0 0 
1 0 0 
1 0 0 
1 0 0 
1 0 0 
1 0 0 
1 0 0 
1 0 0 
1 0 0 
1 0 0 
1 0 0 
1 0 0 
1 0 0 
1 0 0 
1 0 0 
1 0 0 
1 0 0 
1 0 0 
1 0 0 
))
