/*--------------------------------*- C++ -*----------------------------------*\
| =========                 |                                                 |
| \\      /  F ield         | OpenFOAM: The Open Source CFD Toolbox           |
|  \\    /   O peration     | Version:  4.1                                   |
|   \\  /    A nd           | Web:      www.OpenFOAM.org                      |
|    \\/     M anipulation  |                                                 |
\*---------------------------------------------------------------------------*/
FoamFile
{
    version     2.0;
    format      ascii;
    class       volVectorField;
    location    "8";
    object      U;
}
// * * * * * * * * * * * * * * * * * * * * * * * * * * * * * * * * * * * * * //

dimensions      [0 1 -1 0 0 0 0];

internalField   nonuniform List<vector> 
400
(
(0.00159614 0 0)
(6.42091e-07 0 0)
(1.73314e-10 0 0)
(3.53063e-14 0 0)
(5.78947e-18 0 0)
(7.95972e-22 0 0)
(9.43718e-26 0 0)
(9.84938e-30 0 0)
(9.1922e-34 0 0)
(7.76699e-38 0 0)
(6.00147e-42 0 0)
(4.27585e-46 0 0)
(2.82852e-50 0 0)
(1.74755e-54 0 0)
(1.01354e-58 0 0)
(5.5426e-63 0 0)
(2.86901e-67 0 0)
(1.41055e-71 0 0)
(6.60708e-76 0 0)
(2.9567e-80 0 0)
(0.00159743 0 0)
(6.42784e-07 0 0)
(1.73526e-10 0 0)
(3.53526e-14 0 0)
(5.79743e-18 0 0)
(7.97104e-22 0 0)
(9.45097e-26 0 0)
(9.86408e-30 0 0)
(9.20618e-34 0 0)
(7.77899e-38 0 0)
(6.01088e-42 0 0)
(4.28264e-46 0 0)
(2.83306e-50 0 0)
(1.75039e-54 0 0)
(1.0152e-58 0 0)
(5.55178e-63 0 0)
(2.8738e-67 0 0)
(1.41293e-71 0 0)
(6.61832e-76 0 0)
(2.96177e-80 0 0)
(0.00159743 0 0)
(6.42784e-07 0 0)
(1.73526e-10 0 0)
(3.53526e-14 0 0)
(5.79743e-18 0 0)
(7.97105e-22 0 0)
(9.45098e-26 0 0)
(9.86409e-30 0 0)
(9.20618e-34 0 0)
(7.779e-38 0 0)
(6.01088e-42 0 0)
(4.28264e-46 0 0)
(2.83307e-50 0 0)
(1.75039e-54 0 0)
(1.0152e-58 0 0)
(5.55178e-63 0 0)
(2.87381e-67 0 0)
(1.41293e-71 0 0)
(6.61832e-76 0 0)
(2.96177e-80 0 0)
(0.00159743 0 0)
(6.42784e-07 0 0)
(1.73526e-10 0 0)
(3.53526e-14 0 0)
(5.79743e-18 0 0)
(7.97105e-22 0 0)
(9.45098e-26 0 0)
(9.86409e-30 0 0)
(9.20618e-34 0 0)
(7.779e-38 0 0)
(6.01088e-42 0 0)
(4.28264e-46 0 0)
(2.83307e-50 0 0)
(1.75039e-54 0 0)
(1.0152e-58 0 0)
(5.55178e-63 0 0)
(2.87381e-67 0 0)
(1.41293e-71 0 0)
(6.61832e-76 0 0)
(2.96177e-80 0 0)
(0.00159743 0 0)
(6.42784e-07 0 0)
(1.73526e-10 0 0)
(3.53526e-14 0 0)
(5.79743e-18 0 0)
(7.97105e-22 0 0)
(9.45098e-26 0 0)
(9.86409e-30 0 0)
(9.20618e-34 0 0)
(7.779e-38 0 0)
(6.01088e-42 0 0)
(4.28264e-46 0 0)
(2.83307e-50 0 0)
(1.75039e-54 0 0)
(1.0152e-58 0 0)
(5.55178e-63 0 0)
(2.87381e-67 0 0)
(1.41293e-71 0 0)
(6.61832e-76 0 0)
(2.96177e-80 0 0)
(0.00159743 0 0)
(6.42784e-07 0 0)
(1.73526e-10 0 0)
(3.53526e-14 0 0)
(5.79743e-18 0 0)
(7.97105e-22 0 0)
(9.45098e-26 0 0)
(9.86409e-30 0 0)
(9.20618e-34 0 0)
(7.779e-38 0 0)
(6.01088e-42 0 0)
(4.28264e-46 0 0)
(2.83307e-50 0 0)
(1.75039e-54 0 0)
(1.0152e-58 0 0)
(5.55178e-63 0 0)
(2.87381e-67 0 0)
(1.41293e-71 0 0)
(6.61832e-76 0 0)
(2.96177e-80 0 0)
(0.00159743 0 0)
(6.42784e-07 0 0)
(1.73526e-10 0 0)
(3.53526e-14 0 0)
(5.79743e-18 0 0)
(7.97105e-22 0 0)
(9.45098e-26 0 0)
(9.86409e-30 0 0)
(9.20618e-34 0 0)
(7.779e-38 0 0)
(6.01088e-42 0 0)
(4.28264e-46 0 0)
(2.83307e-50 0 0)
(1.75039e-54 0 0)
(1.0152e-58 0 0)
(5.55178e-63 0 0)
(2.87381e-67 0 0)
(1.41293e-71 0 0)
(6.61832e-76 0 0)
(2.96177e-80 0 0)
(0.00159743 0 0)
(6.42784e-07 0 0)
(1.73526e-10 0 0)
(3.53526e-14 0 0)
(5.79743e-18 0 0)
(7.97105e-22 0 0)
(9.45098e-26 0 0)
(9.86409e-30 0 0)
(9.20618e-34 0 0)
(7.779e-38 0 0)
(6.01088e-42 0 0)
(4.28264e-46 0 0)
(2.83307e-50 0 0)
(1.75039e-54 0 0)
(1.0152e-58 0 0)
(5.55178e-63 0 0)
(2.87381e-67 0 0)
(1.41293e-71 0 0)
(6.61832e-76 0 0)
(2.96177e-80 0 0)
(0.00159743 0 0)
(6.42784e-07 0 0)
(1.73526e-10 0 0)
(3.53526e-14 0 0)
(5.79743e-18 0 0)
(7.97105e-22 0 0)
(9.45098e-26 0 0)
(9.86409e-30 0 0)
(9.20618e-34 0 0)
(7.779e-38 0 0)
(6.01088e-42 0 0)
(4.28264e-46 0 0)
(2.83307e-50 0 0)
(1.75039e-54 0 0)
(1.0152e-58 0 0)
(5.55178e-63 0 0)
(2.87381e-67 0 0)
(1.41293e-71 0 0)
(6.61832e-76 0 0)
(2.96177e-80 0 0)
(0.00159743 0 0)
(6.42784e-07 0 0)
(1.73526e-10 0 0)
(3.53526e-14 0 0)
(5.79743e-18 0 0)
(7.97105e-22 0 0)
(9.45098e-26 0 0)
(9.86409e-30 0 0)
(9.20618e-34 0 0)
(7.779e-38 0 0)
(6.01088e-42 0 0)
(4.28264e-46 0 0)
(2.83307e-50 0 0)
(1.75039e-54 0 0)
(1.0152e-58 0 0)
(5.55178e-63 0 0)
(2.87381e-67 0 0)
(1.41293e-71 0 0)
(6.61832e-76 0 0)
(2.96177e-80 0 0)
(0.00159743 0 0)
(6.42784e-07 0 0)
(1.73526e-10 0 0)
(3.53526e-14 0 0)
(5.79743e-18 0 0)
(7.97105e-22 0 0)
(9.45098e-26 0 0)
(9.86409e-30 0 0)
(9.20618e-34 0 0)
(7.779e-38 0 0)
(6.01088e-42 0 0)
(4.28264e-46 0 0)
(2.83307e-50 0 0)
(1.75039e-54 0 0)
(1.0152e-58 0 0)
(5.55178e-63 0 0)
(2.87381e-67 0 0)
(1.41293e-71 0 0)
(6.61832e-76 0 0)
(2.96177e-80 0 0)
(0.00159743 0 0)
(6.42784e-07 0 0)
(1.73526e-10 0 0)
(3.53526e-14 0 0)
(5.79743e-18 0 0)
(7.97105e-22 0 0)
(9.45098e-26 0 0)
(9.86409e-30 0 0)
(9.20618e-34 0 0)
(7.779e-38 0 0)
(6.01088e-42 0 0)
(4.28264e-46 0 0)
(2.83307e-50 0 0)
(1.75039e-54 0 0)
(1.0152e-58 0 0)
(5.55178e-63 0 0)
(2.87381e-67 0 0)
(1.41293e-71 0 0)
(6.61832e-76 0 0)
(2.96177e-80 0 0)
(0.00159743 0 0)
(6.42784e-07 0 0)
(1.73526e-10 0 0)
(3.53526e-14 0 0)
(5.79743e-18 0 0)
(7.97105e-22 0 0)
(9.45098e-26 0 0)
(9.86409e-30 0 0)
(9.20618e-34 0 0)
(7.779e-38 0 0)
(6.01088e-42 0 0)
(4.28264e-46 0 0)
(2.83307e-50 0 0)
(1.75039e-54 0 0)
(1.0152e-58 0 0)
(5.55178e-63 0 0)
(2.87381e-67 0 0)
(1.41293e-71 0 0)
(6.61832e-76 0 0)
(2.96177e-80 0 0)
(0.00159743 0 0)
(6.42784e-07 0 0)
(1.73526e-10 0 0)
(3.53526e-14 0 0)
(5.79743e-18 0 0)
(7.97105e-22 0 0)
(9.45098e-26 0 0)
(9.86409e-30 0 0)
(9.20618e-34 0 0)
(7.779e-38 0 0)
(6.01088e-42 0 0)
(4.28264e-46 0 0)
(2.83307e-50 0 0)
(1.75039e-54 0 0)
(1.0152e-58 0 0)
(5.55178e-63 0 0)
(2.87381e-67 0 0)
(1.41293e-71 0 0)
(6.61832e-76 0 0)
(2.96177e-80 0 0)
(0.00159743 0 0)
(6.42784e-07 0 0)
(1.73526e-10 0 0)
(3.53526e-14 0 0)
(5.79743e-18 0 0)
(7.97105e-22 0 0)
(9.45098e-26 0 0)
(9.86409e-30 0 0)
(9.20618e-34 0 0)
(7.779e-38 0 0)
(6.01088e-42 0 0)
(4.28264e-46 0 0)
(2.83307e-50 0 0)
(1.75039e-54 0 0)
(1.0152e-58 0 0)
(5.55178e-63 0 0)
(2.87381e-67 0 0)
(1.41293e-71 0 0)
(6.61832e-76 0 0)
(2.96177e-80 0 0)
(0.00159743 0 0)
(6.42784e-07 0 0)
(1.73526e-10 0 0)
(3.53526e-14 0 0)
(5.79743e-18 0 0)
(7.97105e-22 0 0)
(9.45098e-26 0 0)
(9.86409e-30 0 0)
(9.20618e-34 0 0)
(7.779e-38 0 0)
(6.01088e-42 0 0)
(4.28264e-46 0 0)
(2.83307e-50 0 0)
(1.75039e-54 0 0)
(1.0152e-58 0 0)
(5.55178e-63 0 0)
(2.87381e-67 0 0)
(1.41293e-71 0 0)
(6.61832e-76 0 0)
(2.96177e-80 0 0)
(0.00159743 0 0)
(6.42784e-07 0 0)
(1.73526e-10 0 0)
(3.53526e-14 0 0)
(5.79743e-18 0 0)
(7.97105e-22 0 0)
(9.45098e-26 0 0)
(9.86409e-30 0 0)
(9.20618e-34 0 0)
(7.779e-38 0 0)
(6.01088e-42 0 0)
(4.28264e-46 0 0)
(2.83307e-50 0 0)
(1.75039e-54 0 0)
(1.0152e-58 0 0)
(5.55178e-63 0 0)
(2.87381e-67 0 0)
(1.41293e-71 0 0)
(6.61832e-76 0 0)
(2.96177e-80 0 0)
(0.00159743 0 0)
(6.42784e-07 0 0)
(1.73526e-10 0 0)
(3.53526e-14 0 0)
(5.79743e-18 0 0)
(7.97105e-22 0 0)
(9.45098e-26 0 0)
(9.86409e-30 0 0)
(9.20618e-34 0 0)
(7.779e-38 0 0)
(6.01088e-42 0 0)
(4.28264e-46 0 0)
(2.83307e-50 0 0)
(1.75039e-54 0 0)
(1.0152e-58 0 0)
(5.55178e-63 0 0)
(2.87381e-67 0 0)
(1.41293e-71 0 0)
(6.61832e-76 0 0)
(2.96177e-80 0 0)
(0.00159743 0 0)
(6.42784e-07 0 0)
(1.73526e-10 0 0)
(3.53526e-14 0 0)
(5.79743e-18 0 0)
(7.97104e-22 0 0)
(9.45097e-26 0 0)
(9.86408e-30 0 0)
(9.20618e-34 0 0)
(7.77899e-38 0 0)
(6.01088e-42 0 0)
(4.28264e-46 0 0)
(2.83306e-50 0 0)
(1.75039e-54 0 0)
(1.0152e-58 0 0)
(5.55178e-63 0 0)
(2.8738e-67 0 0)
(1.41293e-71 0 0)
(6.61832e-76 0 0)
(2.96177e-80 0 0)
(0.00159614 0 0)
(6.42091e-07 0 0)
(1.73314e-10 0 0)
(3.53063e-14 0 0)
(5.78947e-18 0 0)
(7.95972e-22 0 0)
(9.43718e-26 0 0)
(9.84938e-30 0 0)
(9.1922e-34 0 0)
(7.76699e-38 0 0)
(6.00147e-42 0 0)
(4.27585e-46 0 0)
(2.82852e-50 0 0)
(1.74755e-54 0 0)
(1.01354e-58 0 0)
(5.5426e-63 0 0)
(2.86901e-67 0 0)
(1.41055e-71 0 0)
(6.60708e-76 0 0)
(2.9567e-80 0 0)
)
;

boundaryField
{
    sourceFaceleft
    {
        type            noSlip;
    }
    destinationFaceleft
    {
        type            noSlip;
    }
    channelWallsleft
    {
        type            noSlip;
    }
    leftRightWallleft
    {
        type            zeroGradient;
    }
    inlet
    {
        type            fixedValue;
        value           uniform (1 0 0);
    }
}


// ************************************************************************* //
