/*--------------------------------*- C++ -*----------------------------------*\
| =========                 |                                                 |
| \\      /  F ield         | OpenFOAM: The Open Source CFD Toolbox           |
|  \\    /   O peration     | Version:  4.1                                   |
|   \\  /    A nd           | Web:      www.OpenFOAM.org                      |
|    \\/     M anipulation  |                                                 |
\*---------------------------------------------------------------------------*/
FoamFile
{
    version     2.0;
    format      ascii;
    class       volVectorField;
    location    "9";
    object      U;
}
// * * * * * * * * * * * * * * * * * * * * * * * * * * * * * * * * * * * * * //

dimensions      [0 1 -1 0 0 0 0];

internalField   nonuniform List<vector> 
400
(
(0.00179512 0 0)
(8.11788e-07 0 0)
(2.46163e-10 0 0)
(5.62982e-14 0 0)
(1.03574e-17 0 0)
(1.59659e-21 0 0)
(2.12099e-25 0 0)
(2.47872e-29 0 0)
(2.58872e-33 0 0)
(2.4462e-37 0 0)
(2.11252e-41 0 0)
(1.68113e-45 0 0)
(1.24139e-49 0 0)
(8.5564e-54 0 0)
(5.53292e-58 0 0)
(3.37149e-62 0 0)
(1.94349e-66 0 0)
(1.06349e-70 0 0)
(5.54113e-75 0 0)
(2.75675e-79 0 0)
(0.00179675 0 0)
(8.12772e-07 0 0)
(2.465e-10 0 0)
(5.63811e-14 0 0)
(1.03733e-17 0 0)
(1.59913e-21 0 0)
(2.12446e-25 0 0)
(2.48286e-29 0 0)
(2.59312e-33 0 0)
(2.45042e-37 0 0)
(2.11622e-41 0 0)
(1.68411e-45 0 0)
(1.24362e-49 0 0)
(8.57189e-54 0 0)
(5.54303e-58 0 0)
(3.37771e-62 0 0)
(1.94711e-66 0 0)
(1.06548e-70 0 0)
(5.55161e-75 0 0)
(2.762e-79 0 0)
(0.00179675 0 0)
(8.12773e-07 0 0)
(2.46501e-10 0 0)
(5.63811e-14 0 0)
(1.03733e-17 0 0)
(1.59913e-21 0 0)
(2.12446e-25 0 0)
(2.48287e-29 0 0)
(2.59312e-33 0 0)
(2.45043e-37 0 0)
(2.11622e-41 0 0)
(1.68411e-45 0 0)
(1.24362e-49 0 0)
(8.5719e-54 0 0)
(5.54304e-58 0 0)
(3.37771e-62 0 0)
(1.94711e-66 0 0)
(1.06548e-70 0 0)
(5.55161e-75 0 0)
(2.762e-79 0 0)
(0.00179675 0 0)
(8.12773e-07 0 0)
(2.46501e-10 0 0)
(5.63811e-14 0 0)
(1.03733e-17 0 0)
(1.59913e-21 0 0)
(2.12446e-25 0 0)
(2.48287e-29 0 0)
(2.59312e-33 0 0)
(2.45043e-37 0 0)
(2.11622e-41 0 0)
(1.68411e-45 0 0)
(1.24362e-49 0 0)
(8.5719e-54 0 0)
(5.54304e-58 0 0)
(3.37771e-62 0 0)
(1.94711e-66 0 0)
(1.06548e-70 0 0)
(5.55161e-75 0 0)
(2.762e-79 0 0)
(0.00179675 0 0)
(8.12773e-07 0 0)
(2.46501e-10 0 0)
(5.63811e-14 0 0)
(1.03733e-17 0 0)
(1.59913e-21 0 0)
(2.12446e-25 0 0)
(2.48287e-29 0 0)
(2.59312e-33 0 0)
(2.45043e-37 0 0)
(2.11622e-41 0 0)
(1.68411e-45 0 0)
(1.24362e-49 0 0)
(8.5719e-54 0 0)
(5.54304e-58 0 0)
(3.37771e-62 0 0)
(1.94711e-66 0 0)
(1.06548e-70 0 0)
(5.55161e-75 0 0)
(2.762e-79 0 0)
(0.00179675 0 0)
(8.12773e-07 0 0)
(2.46501e-10 0 0)
(5.63811e-14 0 0)
(1.03733e-17 0 0)
(1.59913e-21 0 0)
(2.12446e-25 0 0)
(2.48287e-29 0 0)
(2.59312e-33 0 0)
(2.45043e-37 0 0)
(2.11622e-41 0 0)
(1.68411e-45 0 0)
(1.24362e-49 0 0)
(8.5719e-54 0 0)
(5.54304e-58 0 0)
(3.37771e-62 0 0)
(1.94711e-66 0 0)
(1.06548e-70 0 0)
(5.55161e-75 0 0)
(2.762e-79 0 0)
(0.00179675 0 0)
(8.12773e-07 0 0)
(2.46501e-10 0 0)
(5.63811e-14 0 0)
(1.03733e-17 0 0)
(1.59913e-21 0 0)
(2.12446e-25 0 0)
(2.48287e-29 0 0)
(2.59312e-33 0 0)
(2.45043e-37 0 0)
(2.11622e-41 0 0)
(1.68411e-45 0 0)
(1.24362e-49 0 0)
(8.5719e-54 0 0)
(5.54304e-58 0 0)
(3.37771e-62 0 0)
(1.94711e-66 0 0)
(1.06548e-70 0 0)
(5.55161e-75 0 0)
(2.762e-79 0 0)
(0.00179675 0 0)
(8.12773e-07 0 0)
(2.46501e-10 0 0)
(5.63811e-14 0 0)
(1.03733e-17 0 0)
(1.59913e-21 0 0)
(2.12446e-25 0 0)
(2.48287e-29 0 0)
(2.59312e-33 0 0)
(2.45043e-37 0 0)
(2.11622e-41 0 0)
(1.68411e-45 0 0)
(1.24362e-49 0 0)
(8.5719e-54 0 0)
(5.54304e-58 0 0)
(3.37771e-62 0 0)
(1.94711e-66 0 0)
(1.06548e-70 0 0)
(5.55161e-75 0 0)
(2.762e-79 0 0)
(0.00179675 0 0)
(8.12773e-07 0 0)
(2.46501e-10 0 0)
(5.63811e-14 0 0)
(1.03733e-17 0 0)
(1.59913e-21 0 0)
(2.12446e-25 0 0)
(2.48287e-29 0 0)
(2.59312e-33 0 0)
(2.45043e-37 0 0)
(2.11622e-41 0 0)
(1.68411e-45 0 0)
(1.24362e-49 0 0)
(8.5719e-54 0 0)
(5.54304e-58 0 0)
(3.37771e-62 0 0)
(1.94711e-66 0 0)
(1.06548e-70 0 0)
(5.55161e-75 0 0)
(2.762e-79 0 0)
(0.00179675 0 0)
(8.12773e-07 0 0)
(2.46501e-10 0 0)
(5.63811e-14 0 0)
(1.03733e-17 0 0)
(1.59913e-21 0 0)
(2.12446e-25 0 0)
(2.48287e-29 0 0)
(2.59312e-33 0 0)
(2.45043e-37 0 0)
(2.11622e-41 0 0)
(1.68411e-45 0 0)
(1.24362e-49 0 0)
(8.5719e-54 0 0)
(5.54304e-58 0 0)
(3.37771e-62 0 0)
(1.94711e-66 0 0)
(1.06548e-70 0 0)
(5.55161e-75 0 0)
(2.762e-79 0 0)
(0.00179675 0 0)
(8.12773e-07 0 0)
(2.46501e-10 0 0)
(5.63811e-14 0 0)
(1.03733e-17 0 0)
(1.59913e-21 0 0)
(2.12446e-25 0 0)
(2.48287e-29 0 0)
(2.59312e-33 0 0)
(2.45043e-37 0 0)
(2.11622e-41 0 0)
(1.68411e-45 0 0)
(1.24362e-49 0 0)
(8.5719e-54 0 0)
(5.54304e-58 0 0)
(3.37771e-62 0 0)
(1.94711e-66 0 0)
(1.06548e-70 0 0)
(5.55161e-75 0 0)
(2.762e-79 0 0)
(0.00179675 0 0)
(8.12773e-07 0 0)
(2.46501e-10 0 0)
(5.63811e-14 0 0)
(1.03733e-17 0 0)
(1.59913e-21 0 0)
(2.12446e-25 0 0)
(2.48287e-29 0 0)
(2.59312e-33 0 0)
(2.45043e-37 0 0)
(2.11622e-41 0 0)
(1.68411e-45 0 0)
(1.24362e-49 0 0)
(8.5719e-54 0 0)
(5.54304e-58 0 0)
(3.37771e-62 0 0)
(1.94711e-66 0 0)
(1.06548e-70 0 0)
(5.55161e-75 0 0)
(2.762e-79 0 0)
(0.00179675 0 0)
(8.12773e-07 0 0)
(2.46501e-10 0 0)
(5.63811e-14 0 0)
(1.03733e-17 0 0)
(1.59913e-21 0 0)
(2.12446e-25 0 0)
(2.48287e-29 0 0)
(2.59312e-33 0 0)
(2.45043e-37 0 0)
(2.11622e-41 0 0)
(1.68411e-45 0 0)
(1.24362e-49 0 0)
(8.5719e-54 0 0)
(5.54304e-58 0 0)
(3.37771e-62 0 0)
(1.94711e-66 0 0)
(1.06548e-70 0 0)
(5.55161e-75 0 0)
(2.762e-79 0 0)
(0.00179675 0 0)
(8.12773e-07 0 0)
(2.46501e-10 0 0)
(5.63811e-14 0 0)
(1.03733e-17 0 0)
(1.59913e-21 0 0)
(2.12446e-25 0 0)
(2.48287e-29 0 0)
(2.59312e-33 0 0)
(2.45043e-37 0 0)
(2.11622e-41 0 0)
(1.68411e-45 0 0)
(1.24362e-49 0 0)
(8.5719e-54 0 0)
(5.54304e-58 0 0)
(3.37771e-62 0 0)
(1.94711e-66 0 0)
(1.06548e-70 0 0)
(5.55161e-75 0 0)
(2.762e-79 0 0)
(0.00179675 0 0)
(8.12773e-07 0 0)
(2.46501e-10 0 0)
(5.63811e-14 0 0)
(1.03733e-17 0 0)
(1.59913e-21 0 0)
(2.12446e-25 0 0)
(2.48287e-29 0 0)
(2.59312e-33 0 0)
(2.45043e-37 0 0)
(2.11622e-41 0 0)
(1.68411e-45 0 0)
(1.24362e-49 0 0)
(8.5719e-54 0 0)
(5.54304e-58 0 0)
(3.37771e-62 0 0)
(1.94711e-66 0 0)
(1.06548e-70 0 0)
(5.55161e-75 0 0)
(2.762e-79 0 0)
(0.00179675 0 0)
(8.12773e-07 0 0)
(2.46501e-10 0 0)
(5.63811e-14 0 0)
(1.03733e-17 0 0)
(1.59913e-21 0 0)
(2.12446e-25 0 0)
(2.48287e-29 0 0)
(2.59312e-33 0 0)
(2.45043e-37 0 0)
(2.11622e-41 0 0)
(1.68411e-45 0 0)
(1.24362e-49 0 0)
(8.5719e-54 0 0)
(5.54304e-58 0 0)
(3.37771e-62 0 0)
(1.94711e-66 0 0)
(1.06548e-70 0 0)
(5.55161e-75 0 0)
(2.762e-79 0 0)
(0.00179675 0 0)
(8.12773e-07 0 0)
(2.46501e-10 0 0)
(5.63811e-14 0 0)
(1.03733e-17 0 0)
(1.59913e-21 0 0)
(2.12446e-25 0 0)
(2.48287e-29 0 0)
(2.59312e-33 0 0)
(2.45043e-37 0 0)
(2.11622e-41 0 0)
(1.68411e-45 0 0)
(1.24362e-49 0 0)
(8.5719e-54 0 0)
(5.54304e-58 0 0)
(3.37771e-62 0 0)
(1.94711e-66 0 0)
(1.06548e-70 0 0)
(5.55161e-75 0 0)
(2.762e-79 0 0)
(0.00179675 0 0)
(8.12773e-07 0 0)
(2.46501e-10 0 0)
(5.63811e-14 0 0)
(1.03733e-17 0 0)
(1.59913e-21 0 0)
(2.12446e-25 0 0)
(2.48287e-29 0 0)
(2.59312e-33 0 0)
(2.45043e-37 0 0)
(2.11622e-41 0 0)
(1.68411e-45 0 0)
(1.24362e-49 0 0)
(8.5719e-54 0 0)
(5.54304e-58 0 0)
(3.37771e-62 0 0)
(1.94711e-66 0 0)
(1.06548e-70 0 0)
(5.55161e-75 0 0)
(2.762e-79 0 0)
(0.00179675 0 0)
(8.12772e-07 0 0)
(2.465e-10 0 0)
(5.63811e-14 0 0)
(1.03733e-17 0 0)
(1.59913e-21 0 0)
(2.12446e-25 0 0)
(2.48286e-29 0 0)
(2.59312e-33 0 0)
(2.45042e-37 0 0)
(2.11622e-41 0 0)
(1.68411e-45 0 0)
(1.24362e-49 0 0)
(8.57189e-54 0 0)
(5.54303e-58 0 0)
(3.37771e-62 0 0)
(1.94711e-66 0 0)
(1.06548e-70 0 0)
(5.55161e-75 0 0)
(2.762e-79 0 0)
(0.00179512 0 0)
(8.11788e-07 0 0)
(2.46163e-10 0 0)
(5.62982e-14 0 0)
(1.03574e-17 0 0)
(1.59659e-21 0 0)
(2.12099e-25 0 0)
(2.47872e-29 0 0)
(2.58872e-33 0 0)
(2.4462e-37 0 0)
(2.11252e-41 0 0)
(1.68113e-45 0 0)
(1.24139e-49 0 0)
(8.5564e-54 0 0)
(5.53292e-58 0 0)
(3.37149e-62 0 0)
(1.94349e-66 0 0)
(1.06349e-70 0 0)
(5.54113e-75 0 0)
(2.75675e-79 0 0)
)
;

boundaryField
{
    sourceFaceleft
    {
        type            noSlip;
    }
    destinationFaceleft
    {
        type            noSlip;
    }
    channelWallsleft
    {
        type            noSlip;
    }
    leftRightWallleft
    {
        type            zeroGradient;
    }
    inlet
    {
        type            fixedValue;
        value           uniform (1 0 0);
    }
}


// ************************************************************************* //
