/*--------------------------------*- C++ -*----------------------------------*\
| =========                 |                                                 |
| \\      /  F ield         | OpenFOAM: The Open Source CFD Toolbox           |
|  \\    /   O peration     | Version:  4.1                                   |
|   \\  /    A nd           | Web:      www.OpenFOAM.org                      |
|    \\/     M anipulation  |                                                 |
\*---------------------------------------------------------------------------*/
FoamFile
{
    version     2.0;
    format      ascii;
    class       volVectorField;
    location    "2";
    object      U;
}
// * * * * * * * * * * * * * * * * * * * * * * * * * * * * * * * * * * * * * //

dimensions      [0 1 -1 0 0 0 0];

internalField   nonuniform List<vector> 
400
(
(0.000399754 0 0)
(4.09684e-08 0 0)
(2.86753e-12 0 0)
(1.5412e-16 0 0)
(6.78094e-21 0 0)
(2.54274e-25 0 0)
(8.35439e-30 0 0)
(2.45401e-34 0 0)
(6.54382e-39 0 0)
(1.60318e-43 0 0)
(3.64349e-48 0 0)
(7.74218e-53 0 0)
(1.54839e-57 0 0)
(2.9308e-62 0 0)
(5.27528e-67 0 0)
(9.06664e-72 0 0)
(1.49329e-76 0 0)
(2.3643e-81 0 0)
(3.60858e-86 0 0)
(5.32258e-91 0 0)
(0.000399836 0 0)
(4.09799e-08 0 0)
(2.86846e-12 0 0)
(1.54174e-16 0 0)
(6.78348e-21 0 0)
(2.54374e-25 0 0)
(8.35783e-30 0 0)
(2.45506e-34 0 0)
(6.5467e-39 0 0)
(1.60391e-43 0 0)
(3.64519e-48 0 0)
(7.74589e-53 0 0)
(1.54915e-57 0 0)
(2.93227e-62 0 0)
(5.278e-67 0 0)
(9.07141e-72 0 0)
(1.49409e-76 0 0)
(2.3656e-81 0 0)
(3.6106e-86 0 0)
(5.32562e-91 0 0)
(0.000399836 0 0)
(4.09799e-08 0 0)
(2.86846e-12 0 0)
(1.54174e-16 0 0)
(6.78348e-21 0 0)
(2.54374e-25 0 0)
(8.35783e-30 0 0)
(2.45506e-34 0 0)
(6.5467e-39 0 0)
(1.60391e-43 0 0)
(3.64519e-48 0 0)
(7.74589e-53 0 0)
(1.54915e-57 0 0)
(2.93227e-62 0 0)
(5.278e-67 0 0)
(9.07141e-72 0 0)
(1.49409e-76 0 0)
(2.3656e-81 0 0)
(3.6106e-86 0 0)
(5.32562e-91 0 0)
(0.000399836 0 0)
(4.09799e-08 0 0)
(2.86846e-12 0 0)
(1.54174e-16 0 0)
(6.78348e-21 0 0)
(2.54374e-25 0 0)
(8.35783e-30 0 0)
(2.45506e-34 0 0)
(6.5467e-39 0 0)
(1.60391e-43 0 0)
(3.64519e-48 0 0)
(7.74589e-53 0 0)
(1.54915e-57 0 0)
(2.93227e-62 0 0)
(5.278e-67 0 0)
(9.07141e-72 0 0)
(1.49409e-76 0 0)
(2.3656e-81 0 0)
(3.6106e-86 0 0)
(5.32562e-91 0 0)
(0.000399836 0 0)
(4.09799e-08 0 0)
(2.86846e-12 0 0)
(1.54174e-16 0 0)
(6.78348e-21 0 0)
(2.54374e-25 0 0)
(8.35783e-30 0 0)
(2.45506e-34 0 0)
(6.5467e-39 0 0)
(1.60391e-43 0 0)
(3.64519e-48 0 0)
(7.74589e-53 0 0)
(1.54915e-57 0 0)
(2.93227e-62 0 0)
(5.278e-67 0 0)
(9.07141e-72 0 0)
(1.49409e-76 0 0)
(2.3656e-81 0 0)
(3.6106e-86 0 0)
(5.32562e-91 0 0)
(0.000399836 0 0)
(4.09799e-08 0 0)
(2.86846e-12 0 0)
(1.54174e-16 0 0)
(6.78348e-21 0 0)
(2.54374e-25 0 0)
(8.35783e-30 0 0)
(2.45506e-34 0 0)
(6.5467e-39 0 0)
(1.60391e-43 0 0)
(3.64519e-48 0 0)
(7.74589e-53 0 0)
(1.54915e-57 0 0)
(2.93227e-62 0 0)
(5.278e-67 0 0)
(9.07141e-72 0 0)
(1.49409e-76 0 0)
(2.3656e-81 0 0)
(3.6106e-86 0 0)
(5.32562e-91 0 0)
(0.000399836 0 0)
(4.09799e-08 0 0)
(2.86846e-12 0 0)
(1.54174e-16 0 0)
(6.78348e-21 0 0)
(2.54374e-25 0 0)
(8.35783e-30 0 0)
(2.45506e-34 0 0)
(6.5467e-39 0 0)
(1.60391e-43 0 0)
(3.64519e-48 0 0)
(7.74589e-53 0 0)
(1.54915e-57 0 0)
(2.93227e-62 0 0)
(5.278e-67 0 0)
(9.07141e-72 0 0)
(1.49409e-76 0 0)
(2.3656e-81 0 0)
(3.6106e-86 0 0)
(5.32562e-91 0 0)
(0.000399836 0 0)
(4.09799e-08 0 0)
(2.86846e-12 0 0)
(1.54174e-16 0 0)
(6.78348e-21 0 0)
(2.54374e-25 0 0)
(8.35783e-30 0 0)
(2.45506e-34 0 0)
(6.5467e-39 0 0)
(1.60391e-43 0 0)
(3.64519e-48 0 0)
(7.74589e-53 0 0)
(1.54915e-57 0 0)
(2.93227e-62 0 0)
(5.278e-67 0 0)
(9.07141e-72 0 0)
(1.49409e-76 0 0)
(2.3656e-81 0 0)
(3.6106e-86 0 0)
(5.32562e-91 0 0)
(0.000399836 0 0)
(4.09799e-08 0 0)
(2.86846e-12 0 0)
(1.54174e-16 0 0)
(6.78348e-21 0 0)
(2.54374e-25 0 0)
(8.35783e-30 0 0)
(2.45506e-34 0 0)
(6.5467e-39 0 0)
(1.60391e-43 0 0)
(3.64519e-48 0 0)
(7.74589e-53 0 0)
(1.54915e-57 0 0)
(2.93227e-62 0 0)
(5.278e-67 0 0)
(9.07141e-72 0 0)
(1.49409e-76 0 0)
(2.3656e-81 0 0)
(3.6106e-86 0 0)
(5.32562e-91 0 0)
(0.000399836 0 0)
(4.09799e-08 0 0)
(2.86846e-12 0 0)
(1.54174e-16 0 0)
(6.78348e-21 0 0)
(2.54374e-25 0 0)
(8.35783e-30 0 0)
(2.45506e-34 0 0)
(6.5467e-39 0 0)
(1.60391e-43 0 0)
(3.64519e-48 0 0)
(7.74589e-53 0 0)
(1.54915e-57 0 0)
(2.93227e-62 0 0)
(5.278e-67 0 0)
(9.07141e-72 0 0)
(1.49409e-76 0 0)
(2.3656e-81 0 0)
(3.6106e-86 0 0)
(5.32562e-91 0 0)
(0.000399836 0 0)
(4.09799e-08 0 0)
(2.86846e-12 0 0)
(1.54174e-16 0 0)
(6.78348e-21 0 0)
(2.54374e-25 0 0)
(8.35783e-30 0 0)
(2.45506e-34 0 0)
(6.5467e-39 0 0)
(1.60391e-43 0 0)
(3.64519e-48 0 0)
(7.74589e-53 0 0)
(1.54915e-57 0 0)
(2.93227e-62 0 0)
(5.278e-67 0 0)
(9.07141e-72 0 0)
(1.49409e-76 0 0)
(2.3656e-81 0 0)
(3.6106e-86 0 0)
(5.32562e-91 0 0)
(0.000399836 0 0)
(4.09799e-08 0 0)
(2.86846e-12 0 0)
(1.54174e-16 0 0)
(6.78348e-21 0 0)
(2.54374e-25 0 0)
(8.35783e-30 0 0)
(2.45506e-34 0 0)
(6.5467e-39 0 0)
(1.60391e-43 0 0)
(3.64519e-48 0 0)
(7.74589e-53 0 0)
(1.54915e-57 0 0)
(2.93227e-62 0 0)
(5.278e-67 0 0)
(9.07141e-72 0 0)
(1.49409e-76 0 0)
(2.3656e-81 0 0)
(3.6106e-86 0 0)
(5.32562e-91 0 0)
(0.000399836 0 0)
(4.09799e-08 0 0)
(2.86846e-12 0 0)
(1.54174e-16 0 0)
(6.78348e-21 0 0)
(2.54374e-25 0 0)
(8.35783e-30 0 0)
(2.45506e-34 0 0)
(6.5467e-39 0 0)
(1.60391e-43 0 0)
(3.64519e-48 0 0)
(7.74589e-53 0 0)
(1.54915e-57 0 0)
(2.93227e-62 0 0)
(5.278e-67 0 0)
(9.07141e-72 0 0)
(1.49409e-76 0 0)
(2.3656e-81 0 0)
(3.6106e-86 0 0)
(5.32562e-91 0 0)
(0.000399836 0 0)
(4.09799e-08 0 0)
(2.86846e-12 0 0)
(1.54174e-16 0 0)
(6.78348e-21 0 0)
(2.54374e-25 0 0)
(8.35783e-30 0 0)
(2.45506e-34 0 0)
(6.5467e-39 0 0)
(1.60391e-43 0 0)
(3.64519e-48 0 0)
(7.74589e-53 0 0)
(1.54915e-57 0 0)
(2.93227e-62 0 0)
(5.278e-67 0 0)
(9.07141e-72 0 0)
(1.49409e-76 0 0)
(2.3656e-81 0 0)
(3.6106e-86 0 0)
(5.32562e-91 0 0)
(0.000399836 0 0)
(4.09799e-08 0 0)
(2.86846e-12 0 0)
(1.54174e-16 0 0)
(6.78348e-21 0 0)
(2.54374e-25 0 0)
(8.35783e-30 0 0)
(2.45506e-34 0 0)
(6.5467e-39 0 0)
(1.60391e-43 0 0)
(3.64519e-48 0 0)
(7.74589e-53 0 0)
(1.54915e-57 0 0)
(2.93227e-62 0 0)
(5.278e-67 0 0)
(9.07141e-72 0 0)
(1.49409e-76 0 0)
(2.3656e-81 0 0)
(3.6106e-86 0 0)
(5.32562e-91 0 0)
(0.000399836 0 0)
(4.09799e-08 0 0)
(2.86846e-12 0 0)
(1.54174e-16 0 0)
(6.78348e-21 0 0)
(2.54374e-25 0 0)
(8.35783e-30 0 0)
(2.45506e-34 0 0)
(6.5467e-39 0 0)
(1.60391e-43 0 0)
(3.64519e-48 0 0)
(7.74589e-53 0 0)
(1.54915e-57 0 0)
(2.93227e-62 0 0)
(5.278e-67 0 0)
(9.07141e-72 0 0)
(1.49409e-76 0 0)
(2.3656e-81 0 0)
(3.6106e-86 0 0)
(5.32562e-91 0 0)
(0.000399836 0 0)
(4.09799e-08 0 0)
(2.86846e-12 0 0)
(1.54174e-16 0 0)
(6.78348e-21 0 0)
(2.54374e-25 0 0)
(8.35783e-30 0 0)
(2.45506e-34 0 0)
(6.5467e-39 0 0)
(1.60391e-43 0 0)
(3.64519e-48 0 0)
(7.74589e-53 0 0)
(1.54915e-57 0 0)
(2.93227e-62 0 0)
(5.278e-67 0 0)
(9.07141e-72 0 0)
(1.49409e-76 0 0)
(2.3656e-81 0 0)
(3.6106e-86 0 0)
(5.32562e-91 0 0)
(0.000399836 0 0)
(4.09799e-08 0 0)
(2.86846e-12 0 0)
(1.54174e-16 0 0)
(6.78348e-21 0 0)
(2.54374e-25 0 0)
(8.35783e-30 0 0)
(2.45506e-34 0 0)
(6.5467e-39 0 0)
(1.60391e-43 0 0)
(3.64519e-48 0 0)
(7.74589e-53 0 0)
(1.54915e-57 0 0)
(2.93227e-62 0 0)
(5.278e-67 0 0)
(9.07141e-72 0 0)
(1.49409e-76 0 0)
(2.3656e-81 0 0)
(3.6106e-86 0 0)
(5.32562e-91 0 0)
(0.000399836 0 0)
(4.09799e-08 0 0)
(2.86846e-12 0 0)
(1.54174e-16 0 0)
(6.78348e-21 0 0)
(2.54374e-25 0 0)
(8.35783e-30 0 0)
(2.45506e-34 0 0)
(6.5467e-39 0 0)
(1.60391e-43 0 0)
(3.64519e-48 0 0)
(7.74589e-53 0 0)
(1.54915e-57 0 0)
(2.93227e-62 0 0)
(5.278e-67 0 0)
(9.07141e-72 0 0)
(1.49409e-76 0 0)
(2.3656e-81 0 0)
(3.6106e-86 0 0)
(5.32562e-91 0 0)
(0.000399754 0 0)
(4.09684e-08 0 0)
(2.86753e-12 0 0)
(1.5412e-16 0 0)
(6.78094e-21 0 0)
(2.54274e-25 0 0)
(8.35439e-30 0 0)
(2.45401e-34 0 0)
(6.54382e-39 0 0)
(1.60318e-43 0 0)
(3.64349e-48 0 0)
(7.74218e-53 0 0)
(1.54839e-57 0 0)
(2.9308e-62 0 0)
(5.27529e-67 0 0)
(9.06665e-72 0 0)
(1.49329e-76 0 0)
(2.36431e-81 0 0)
(3.60859e-86 0 0)
(5.3226e-91 0 0)
)
;

boundaryField
{
    sourceFaceleft
    {
        type            noSlip;
    }
    destinationFaceleft
    {
        type            noSlip;
    }
    channelWallsleft
    {
        type            noSlip;
    }
    leftRightWallleft
    {
        type            zeroGradient;
    }
    inlet
    {
        type            fixedValue;
        value           uniform (1 0 0);
    }
}


// ************************************************************************* //
