/*--------------------------------*- C++ -*----------------------------------*\
| =========                 |                                                 |
| \\      /  F ield         | OpenFOAM: The Open Source CFD Toolbox           |
|  \\    /   O peration     | Version:  4.1                                   |
|   \\  /    A nd           | Web:      www.OpenFOAM.org                      |
|    \\/     M anipulation  |                                                 |
\*---------------------------------------------------------------------------*/
FoamFile
{
    version     2.0;
    format      ascii;
    class       labelList;
    note        "nPoints:3594  nCells:1705  nFaces:6910  nInternalFaces:3240";
    location    "constant/polyMesh";
    object      neighbour;
}
// * * * * * * * * * * * * * * * * * * * * * * * * * * * * * * * * * * * * * //


3240
(
1
2
1679
3
4
5
6
1640
7
8
9
10
1601
11
12
13
1562
14
15
16
17
1523
18
19
20
1484
21
22
23
24
1445
25
26
27
28
1406
29
30
31
1367
32
33
34
35
1328
36
37
38
1289
39
40
41
42
43
44
45
1250
46
47
48
49
50
51
52
53
54
1211
55
56
57
58
59
60
61
62
63
1172
64
65
66
67
68
69
70
71
72
1133
73
74
75
76
77
78
79
80
81
1094
82
1055
83
84
1016
85
86
977
87
938
88
89
899
90
860
91
92
821
93
94
782
95
743
96
97
704
98
99
665
100
626
101
102
587
103
548
104
105
509
106
107
470
108
431
109
110
392
111
112
353
113
314
114
115
275
116
236
117
118
197
119
158
121
159
122
160
123
161
124
162
125
163
126
164
127
165
128
166
129
167
130
168
131
169
132
170
133
171
134
172
135
173
136
174
137
175
138
176
139
177
140
178
141
179
142
180
143
181
144
182
145
183
146
184
147
185
148
186
149
187
150
188
151
189
152
190
153
191
154
192
155
193
156
194
157
195
158
196
197
160
198
161
199
162
200
163
201
164
202
165
203
166
204
167
205
168
206
169
207
170
208
171
209
172
210
173
211
174
212
175
213
176
214
177
215
178
216
179
217
180
218
181
219
182
220
183
221
184
222
185
223
186
224
187
225
188
226
189
227
190
228
191
229
192
230
193
231
194
232
195
233
196
234
197
235
236
199
237
200
238
201
239
202
240
203
241
204
242
205
243
206
244
207
245
208
246
209
247
210
248
211
249
212
250
213
251
214
252
215
253
216
254
217
255
218
256
219
257
220
258
221
259
222
260
223
261
224
262
225
263
226
264
227
265
228
266
229
267
230
268
231
269
232
270
233
271
234
272
235
273
236
274
275
238
276
239
277
240
278
241
279
242
280
243
281
244
282
245
283
246
284
247
285
248
286
249
287
250
288
251
289
252
290
253
291
254
292
255
293
256
294
257
295
258
296
259
297
260
298
261
299
262
300
263
301
264
302
265
303
266
304
267
305
268
306
269
307
270
308
271
309
272
310
273
311
274
312
275
313
314
277
315
278
316
279
317
280
318
281
319
282
320
283
321
284
322
285
323
286
324
287
325
288
326
289
327
290
328
291
329
292
330
293
331
294
332
295
333
296
334
297
335
298
336
299
337
300
338
301
339
302
340
303
341
304
342
305
343
306
344
307
345
308
346
309
347
310
348
311
349
312
350
313
351
314
352
353
316
354
317
355
318
356
319
357
320
358
321
359
322
360
323
361
324
362
325
363
326
364
327
365
328
366
329
367
330
368
331
369
332
370
333
371
334
372
335
373
336
374
337
375
338
376
339
377
340
378
341
379
342
380
343
381
344
382
345
383
346
384
347
385
348
386
349
387
350
388
351
389
352
390
353
391
392
355
393
356
394
357
395
358
396
359
397
360
398
361
399
362
400
363
401
364
402
365
403
366
404
367
405
368
406
369
407
370
408
371
409
372
410
373
411
374
412
375
413
376
414
377
415
378
416
379
417
380
418
381
419
382
420
383
421
384
422
385
423
386
424
387
425
388
426
389
427
390
428
391
429
392
430
431
394
432
395
433
396
434
397
435
398
436
399
437
400
438
401
439
402
440
403
441
404
442
405
443
406
444
407
445
408
446
409
447
410
448
411
449
412
450
413
451
414
452
415
453
416
454
417
455
418
456
419
457
420
458
421
459
422
460
423
461
424
462
425
463
426
464
427
465
428
466
429
467
430
468
431
469
470
433
471
434
472
435
473
436
474
437
475
438
476
439
477
440
478
441
479
442
480
443
481
444
482
445
483
446
484
447
485
448
486
449
487
450
488
451
489
452
490
453
491
454
492
455
493
456
494
457
495
458
496
459
497
460
498
461
499
462
500
463
501
464
502
465
503
466
504
467
505
468
506
469
507
470
508
509
472
510
473
511
474
512
475
513
476
514
477
515
478
516
479
517
480
518
481
519
482
520
483
521
484
522
485
523
486
524
487
525
488
526
489
527
490
528
491
529
492
530
493
531
494
532
495
533
496
534
497
535
498
536
499
537
500
538
501
539
502
540
503
541
504
542
505
543
506
544
507
545
508
546
509
547
548
511
549
512
550
513
551
514
552
515
553
516
554
517
555
518
556
519
557
520
558
521
559
522
560
523
561
524
562
525
563
526
564
527
565
528
566
529
567
530
568
531
569
532
570
533
571
534
572
535
573
536
574
537
575
538
576
539
577
540
578
541
579
542
580
543
581
544
582
545
583
546
584
547
585
548
586
587
550
588
551
589
552
590
553
591
554
592
555
593
556
594
557
595
558
596
559
597
560
598
561
599
562
600
563
601
564
602
565
603
566
604
567
605
568
606
569
607
570
608
571
609
572
610
573
611
574
612
575
613
576
614
577
615
578
616
579
617
580
618
581
619
582
620
583
621
584
622
585
623
586
624
587
625
626
589
627
590
628
591
629
592
630
593
631
594
632
595
633
596
634
597
635
598
636
599
637
600
638
601
639
602
640
603
641
604
642
605
643
606
644
607
645
608
646
609
647
610
648
611
649
612
650
613
651
614
652
615
653
616
654
617
655
618
656
619
657
620
658
621
659
622
660
623
661
624
662
625
663
626
664
665
628
666
629
667
630
668
631
669
632
670
633
671
634
672
635
673
636
674
637
675
638
676
639
677
640
678
641
679
642
680
643
681
644
682
645
683
646
684
647
685
648
686
649
687
650
688
651
689
652
690
653
691
654
692
655
693
656
694
657
695
658
696
659
697
660
698
661
699
662
700
663
701
664
702
665
703
704
667
705
668
706
669
707
670
708
671
709
672
710
673
711
674
712
675
713
676
714
677
715
678
716
679
717
680
718
681
719
682
720
683
721
684
722
685
723
686
724
687
725
688
726
689
727
690
728
691
729
692
730
693
731
694
732
695
733
696
734
697
735
698
736
699
737
700
738
701
739
702
740
703
741
704
742
743
706
744
707
745
708
746
709
747
710
748
711
749
712
750
713
751
714
752
715
753
716
754
717
755
718
756
719
757
720
758
721
759
722
760
723
761
724
762
725
763
726
764
727
765
728
766
729
767
730
768
731
769
732
770
733
771
734
772
735
773
736
774
737
775
738
776
739
777
740
778
741
779
742
780
743
781
782
745
783
746
784
747
785
748
786
749
787
750
788
751
789
752
790
753
791
754
792
755
793
756
794
757
795
758
796
759
797
760
798
761
799
762
800
763
801
764
802
765
803
766
804
767
805
768
806
769
807
770
808
771
809
772
810
773
811
774
812
775
813
776
814
777
815
778
816
779
817
780
818
781
819
782
820
821
784
822
785
823
786
824
787
825
788
826
789
827
790
828
791
829
792
830
793
831
794
832
795
833
796
834
797
835
798
836
799
837
800
838
801
839
802
840
803
841
804
842
805
843
806
844
807
845
808
846
809
847
810
848
811
849
812
850
813
851
814
852
815
853
816
854
817
855
818
856
819
857
820
858
821
859
860
823
861
824
862
825
863
826
864
827
865
828
866
829
867
830
868
831
869
832
870
833
871
834
872
835
873
836
874
837
875
838
876
839
877
840
878
841
879
842
880
843
881
844
882
845
883
846
884
847
885
848
886
849
887
850
888
851
889
852
890
853
891
854
892
855
893
856
894
857
895
858
896
859
897
860
898
899
862
900
863
901
864
902
865
903
866
904
867
905
868
906
869
907
870
908
871
909
872
910
873
911
874
912
875
913
876
914
877
915
878
916
879
917
880
918
881
919
882
920
883
921
884
922
885
923
886
924
887
925
888
926
889
927
890
928
891
929
892
930
893
931
894
932
895
933
896
934
897
935
898
936
899
937
938
901
939
902
940
903
941
904
942
905
943
906
944
907
945
908
946
909
947
910
948
911
949
912
950
913
951
914
952
915
953
916
954
917
955
918
956
919
957
920
958
921
959
922
960
923
961
924
962
925
963
926
964
927
965
928
966
929
967
930
968
931
969
932
970
933
971
934
972
935
973
936
974
937
975
938
976
977
940
978
941
979
942
980
943
981
944
982
945
983
946
984
947
985
948
986
949
987
950
988
951
989
952
990
953
991
954
992
955
993
956
994
957
995
958
996
959
997
960
998
961
999
962
1000
963
1001
964
1002
965
1003
966
1004
967
1005
968
1006
969
1007
970
1008
971
1009
972
1010
973
1011
974
1012
975
1013
976
1014
977
1015
1016
979
1017
980
1018
981
1019
982
1020
983
1021
984
1022
985
1023
986
1024
987
1025
988
1026
989
1027
990
1028
991
1029
992
1030
993
1031
994
1032
995
1033
996
1034
997
1035
998
1036
999
1037
1000
1038
1001
1039
1002
1040
1003
1041
1004
1042
1005
1043
1006
1044
1007
1045
1008
1046
1009
1047
1010
1048
1011
1049
1012
1050
1013
1051
1014
1052
1015
1053
1016
1054
1055
1018
1056
1019
1057
1020
1058
1021
1059
1022
1060
1023
1061
1024
1062
1025
1063
1026
1064
1027
1065
1028
1066
1029
1067
1030
1068
1031
1069
1032
1070
1033
1071
1034
1072
1035
1073
1036
1074
1037
1075
1038
1076
1039
1077
1040
1078
1041
1079
1042
1080
1043
1081
1044
1082
1045
1083
1046
1084
1047
1085
1048
1086
1049
1087
1050
1088
1051
1089
1052
1090
1053
1091
1054
1092
1055
1093
1094
1057
1095
1058
1096
1059
1097
1060
1098
1061
1099
1062
1100
1063
1101
1064
1102
1065
1103
1066
1104
1067
1105
1068
1106
1069
1107
1070
1108
1071
1109
1072
1110
1073
1111
1074
1112
1075
1113
1076
1114
1077
1115
1078
1116
1079
1117
1080
1118
1081
1119
1082
1120
1083
1121
1084
1122
1085
1123
1086
1124
1087
1125
1088
1126
1089
1127
1090
1128
1091
1129
1092
1130
1093
1131
1094
1132
1133
1096
1134
1097
1135
1098
1136
1099
1137
1100
1138
1101
1139
1102
1140
1103
1141
1104
1142
1105
1143
1106
1144
1107
1145
1108
1146
1109
1147
1110
1148
1111
1149
1112
1150
1113
1151
1114
1152
1115
1153
1116
1154
1117
1155
1118
1156
1119
1157
1120
1158
1121
1159
1122
1160
1123
1161
1124
1162
1125
1163
1126
1164
1127
1165
1128
1166
1129
1167
1130
1168
1131
1169
1132
1170
1133
1171
1172
1135
1173
1136
1174
1137
1175
1138
1176
1139
1177
1140
1178
1141
1179
1142
1180
1143
1181
1144
1182
1145
1183
1146
1184
1147
1185
1148
1186
1149
1187
1150
1188
1151
1189
1152
1190
1153
1191
1154
1192
1155
1193
1156
1194
1157
1195
1158
1196
1159
1197
1160
1198
1161
1199
1162
1200
1163
1201
1164
1202
1165
1203
1166
1204
1167
1205
1168
1206
1169
1207
1170
1208
1171
1209
1172
1210
1211
1174
1212
1175
1213
1176
1214
1177
1215
1178
1216
1179
1217
1180
1218
1181
1219
1182
1220
1183
1221
1184
1222
1185
1223
1186
1224
1187
1225
1188
1226
1189
1227
1190
1228
1191
1229
1192
1230
1193
1231
1194
1232
1195
1233
1196
1234
1197
1235
1198
1236
1199
1237
1200
1238
1201
1239
1202
1240
1203
1241
1204
1242
1205
1243
1206
1244
1207
1245
1208
1246
1209
1247
1210
1248
1211
1249
1250
1213
1251
1214
1252
1215
1253
1216
1254
1217
1255
1218
1256
1219
1257
1220
1258
1221
1259
1222
1260
1223
1261
1224
1262
1225
1263
1226
1264
1227
1265
1228
1266
1229
1267
1230
1268
1231
1269
1232
1270
1233
1271
1234
1272
1235
1273
1236
1274
1237
1275
1238
1276
1239
1277
1240
1278
1241
1279
1242
1280
1243
1281
1244
1282
1245
1283
1246
1284
1247
1285
1248
1286
1249
1287
1250
1288
1289
1252
1290
1253
1291
1254
1292
1255
1293
1256
1294
1257
1295
1258
1296
1259
1297
1260
1298
1261
1299
1262
1300
1263
1301
1264
1302
1265
1303
1266
1304
1267
1305
1268
1306
1269
1307
1270
1308
1271
1309
1272
1310
1273
1311
1274
1312
1275
1313
1276
1314
1277
1315
1278
1316
1279
1317
1280
1318
1281
1319
1282
1320
1283
1321
1284
1322
1285
1323
1286
1324
1287
1325
1288
1326
1289
1327
1328
1291
1329
1292
1330
1293
1331
1294
1332
1295
1333
1296
1334
1297
1335
1298
1336
1299
1337
1300
1338
1301
1339
1302
1340
1303
1341
1304
1342
1305
1343
1306
1344
1307
1345
1308
1346
1309
1347
1310
1348
1311
1349
1312
1350
1313
1351
1314
1352
1315
1353
1316
1354
1317
1355
1318
1356
1319
1357
1320
1358
1321
1359
1322
1360
1323
1361
1324
1362
1325
1363
1326
1364
1327
1365
1328
1366
1367
1330
1368
1331
1369
1332
1370
1333
1371
1334
1372
1335
1373
1336
1374
1337
1375
1338
1376
1339
1377
1340
1378
1341
1379
1342
1380
1343
1381
1344
1382
1345
1383
1346
1384
1347
1385
1348
1386
1349
1387
1350
1388
1351
1389
1352
1390
1353
1391
1354
1392
1355
1393
1356
1394
1357
1395
1358
1396
1359
1397
1360
1398
1361
1399
1362
1400
1363
1401
1364
1402
1365
1403
1366
1404
1367
1405
1406
1369
1407
1370
1408
1371
1409
1372
1410
1373
1411
1374
1412
1375
1413
1376
1414
1377
1415
1378
1416
1379
1417
1380
1418
1381
1419
1382
1420
1383
1421
1384
1422
1385
1423
1386
1424
1387
1425
1388
1426
1389
1427
1390
1428
1391
1429
1392
1430
1393
1431
1394
1432
1395
1433
1396
1434
1397
1435
1398
1436
1399
1437
1400
1438
1401
1439
1402
1440
1403
1441
1404
1442
1405
1443
1406
1444
1445
1408
1446
1409
1447
1410
1448
1411
1449
1412
1450
1413
1451
1414
1452
1415
1453
1416
1454
1417
1455
1418
1456
1419
1457
1420
1458
1421
1459
1422
1460
1423
1461
1424
1462
1425
1463
1426
1464
1427
1465
1428
1466
1429
1467
1430
1468
1431
1469
1432
1470
1433
1471
1434
1472
1435
1473
1436
1474
1437
1475
1438
1476
1439
1477
1440
1478
1441
1479
1442
1480
1443
1481
1444
1482
1445
1483
1484
1447
1485
1448
1486
1449
1487
1450
1488
1451
1489
1452
1490
1453
1491
1454
1492
1455
1493
1456
1494
1457
1495
1458
1496
1459
1497
1460
1498
1461
1499
1462
1500
1463
1501
1464
1502
1465
1503
1466
1504
1467
1505
1468
1506
1469
1507
1470
1508
1471
1509
1472
1510
1473
1511
1474
1512
1475
1513
1476
1514
1477
1515
1478
1516
1479
1517
1480
1518
1481
1519
1482
1520
1483
1521
1484
1522
1523
1486
1524
1487
1525
1488
1526
1489
1527
1490
1528
1491
1529
1492
1530
1493
1531
1494
1532
1495
1533
1496
1534
1497
1535
1498
1536
1499
1537
1500
1538
1501
1539
1502
1540
1503
1541
1504
1542
1505
1543
1506
1544
1507
1545
1508
1546
1509
1547
1510
1548
1511
1549
1512
1550
1513
1551
1514
1552
1515
1553
1516
1554
1517
1555
1518
1556
1519
1557
1520
1558
1521
1559
1522
1560
1523
1561
1562
1525
1563
1526
1564
1527
1565
1528
1566
1529
1567
1530
1568
1531
1569
1532
1570
1533
1571
1534
1572
1535
1573
1536
1574
1537
1575
1538
1576
1539
1577
1540
1578
1541
1579
1542
1580
1543
1581
1544
1582
1545
1583
1546
1584
1547
1585
1548
1586
1549
1587
1550
1588
1551
1589
1552
1590
1553
1591
1554
1592
1555
1593
1556
1594
1557
1595
1558
1596
1559
1597
1560
1598
1561
1599
1562
1600
1601
1564
1602
1565
1603
1566
1604
1567
1605
1568
1606
1569
1607
1570
1608
1571
1609
1572
1610
1573
1611
1574
1612
1575
1613
1576
1614
1577
1615
1578
1616
1579
1617
1580
1618
1581
1619
1582
1620
1583
1621
1584
1622
1585
1623
1586
1624
1587
1625
1588
1626
1589
1627
1590
1628
1591
1629
1592
1630
1593
1631
1594
1632
1595
1633
1596
1634
1597
1635
1598
1636
1599
1637
1600
1638
1601
1639
1640
1603
1641
1604
1642
1605
1643
1606
1644
1607
1645
1608
1646
1609
1647
1610
1648
1611
1649
1612
1650
1613
1651
1614
1652
1615
1653
1616
1654
1617
1655
1618
1656
1619
1657
1620
1658
1621
1659
1622
1660
1623
1661
1624
1662
1625
1663
1626
1664
1627
1665
1628
1666
1629
1667
1630
1668
1631
1669
1632
1670
1633
1671
1634
1672
1635
1673
1636
1674
1637
1675
1638
1676
1639
1677
1640
1678
1679
1642
1643
1644
1645
1646
1647
1648
1649
1650
1651
1652
1653
1654
1655
1656
1657
1658
1659
1660
1661
1662
1663
1664
1665
1666
1667
1668
1669
1670
1671
1672
1673
1674
1675
1676
1677
1678
1679
1681
1685
1682
1686
1683
1687
1684
1688
1689
1686
1690
1687
1691
1688
1692
1689
1693
1694
1691
1695
1692
1696
1693
1697
1694
1698
1699
1696
1700
1697
1701
1698
1702
1699
1703
1704
1701
1702
1703
1704
)


// ************************************************************************* //
