/*--------------------------------*- C++ -*----------------------------------*\
| =========                 |                                                 |
| \\      /  F ield         | OpenFOAM: The Open Source CFD Toolbox           |
|  \\    /   O peration     | Version:  4.1                                   |
|   \\  /    A nd           | Web:      www.OpenFOAM.org                      |
|    \\/     M anipulation  |                                                 |
\*---------------------------------------------------------------------------*/
FoamFile
{
    version     2.0;
    format      ascii;
    class       vectorField;
    location    "constant/polyMesh";
    object      points;
}
// * * * * * * * * * * * * * * * * * * * * * * * * * * * * * * * * * * * * * //


3594
(
(0 0 500)
(20 0 500)
(0 0 3500)
(20 0 3500)
(0 600 3500)
(20 600 3500)
(0 600 500)
(20 600 500)
(0 0 575)
(0 0 650)
(0 0 725)
(0 0 800)
(0 0 875)
(0 0 950)
(0 0 1025)
(0 0 1100)
(0 0 1175)
(0 0 1250)
(0 0 1325)
(0 0 1400)
(0 0 1475)
(0 0 1550)
(0 0 1625)
(0 0 1700)
(0 0 1775)
(0 0 1850)
(0 0 1925)
(0 0 2000)
(0 0 2075)
(0 0 2150)
(0 0 2225)
(0 0 2300)
(0 0 2375)
(0 0 2450)
(0 0 2525)
(0 0 2600)
(0 0 2675)
(0 0 2750)
(0 0 2825)
(0 0 2900)
(0 0 2975)
(0 0 3050)
(0 0 3125)
(0 0 3200)
(0 0 3275)
(0 0 3350)
(0 0 3425)
(0 15 3500)
(0 30 3500)
(0 45 3500)
(0 60 3500)
(0 75 3500)
(0 90 3500)
(0 105 3500)
(0 120 3500)
(0 135 3500)
(0 150 3500)
(0 165 3500)
(0 180 3500)
(0 195 3500)
(0 210 3500)
(0 225 3500)
(0 240 3500)
(0 255 3500)
(0 270 3500)
(0 285 3500)
(0 300 3500)
(0 315 3500)
(0 330 3500)
(0 345 3500)
(0 360 3500)
(0 375 3500)
(0 390 3500)
(0 405 3500)
(0 420 3500)
(0 435 3500)
(0 450 3500)
(0 465 3500)
(0 480 3500)
(0 495 3500)
(0 510 3500)
(0 525 3500)
(0 540 3500)
(0 555 3500)
(0 570 3500)
(0 585 3500)
(0 4.15 500)
(0 8.3 500)
(0 12.45 500)
(0 16.6 500)
(0 20.75 500)
(0 24.9 500)
(0 29.05 500)
(0 33.2 500)
(0 37.35 500)
(0 41.5 500)
(0 45.65 500)
(0 49.8 500)
(0 53.95 500)
(0 58.1 500)
(0 62.25 500)
(0 66.4 500)
(0 70.55 500)
(0 74.7 500)
(0 78.85 500)
(0 83 500)
(0 87.15 500)
(0 91.3 500)
(0 95.45 500)
(0 99.6 500)
(0 103.75 500)
(0 107.9 500)
(0 112.05 500)
(0 116.2 500)
(0 120.35 500)
(0 124.5 500)
(0 128.65 500)
(0 132.8 500)
(0 136.95 500)
(0 141.1 500)
(0 145.25 500)
(0 149.4 500)
(0 153.55 500)
(0 157.7 500)
(0 161.85 500)
(0 166 500)
(0 600 575)
(0 600 650)
(0 600 725)
(0 600 800)
(0 600 875)
(0 600 950)
(0 600 1025)
(0 600 1100)
(0 600 1175)
(0 600 1250)
(0 600 1325)
(0 600 1400)
(0 600 1475)
(0 600 1550)
(0 600 1625)
(0 600 1700)
(0 600 1775)
(0 600 1850)
(0 600 1925)
(0 600 2000)
(0 600 2075)
(0 600 2150)
(0 600 2225)
(0 600 2300)
(0 600 2375)
(0 600 2450)
(0 600 2525)
(0 600 2600)
(0 600 2675)
(0 600 2750)
(0 600 2825)
(0 600 2900)
(0 600 2975)
(0 600 3050)
(0 600 3125)
(0 600 3200)
(0 600 3275)
(0 600 3350)
(0 600 3425)
(0 231 500)
(0 229.375 500)
(0 227.75 500)
(0 226.125 500)
(0 224.5 500)
(0 222.875 500)
(0 221.25 500)
(0 219.625 500)
(0 218 500)
(0 216.375 500)
(0 214.75 500)
(0 213.125 500)
(0 211.5 500)
(0 209.875 500)
(0 208.25 500)
(0 206.625 500)
(0 205 500)
(0 203.375 500)
(0 201.75 500)
(0 200.125 500)
(0 198.5 500)
(0 196.875 500)
(0 195.25 500)
(0 193.625 500)
(0 192 500)
(0 190.375 500)
(0 188.75 500)
(0 187.125 500)
(0 185.5 500)
(0 183.875 500)
(0 182.25 500)
(0 180.625 500)
(0 179 500)
(0 177.375 500)
(0 175.75 500)
(0 174.125 500)
(0 172.5 500)
(0 170.875 500)
(0 169.25 500)
(0 167.625 500)
(0 240.225 500)
(0 249.45 500)
(0 258.675 500)
(0 267.9 500)
(0 277.125 500)
(0 286.35 500)
(0 295.575 500)
(0 304.8 500)
(0 314.025 500)
(0 323.25 500)
(0 332.475 500)
(0 341.7 500)
(0 350.925 500)
(0 360.15 500)
(0 369.375 500)
(0 378.6 500)
(0 387.825 500)
(0 397.05 500)
(0 406.275 500)
(0 415.5 500)
(0 424.725 500)
(0 433.95 500)
(0 443.175 500)
(0 452.4 500)
(0 461.625 500)
(0 470.85 500)
(0 480.075 500)
(0 489.3 500)
(0 498.525 500)
(0 507.75 500)
(0 516.975 500)
(0 526.2 500)
(0 535.425 500)
(0 544.65 500)
(0 553.875 500)
(0 563.1 500)
(0 572.325 500)
(0 581.55 500)
(0 590.775 500)
(20 0 575)
(20 0 650)
(20 0 725)
(20 0 800)
(20 0 875)
(20 0 950)
(20 0 1025)
(20 0 1100)
(20 0 1175)
(20 0 1250)
(20 0 1325)
(20 0 1400)
(20 0 1475)
(20 0 1550)
(20 0 1625)
(20 0 1700)
(20 0 1775)
(20 0 1850)
(20 0 1925)
(20 0 2000)
(20 0 2075)
(20 0 2150)
(20 0 2225)
(20 0 2300)
(20 0 2375)
(20 0 2450)
(20 0 2525)
(20 0 2600)
(20 0 2675)
(20 0 2750)
(20 0 2825)
(20 0 2900)
(20 0 2975)
(20 0 3050)
(20 0 3125)
(20 0 3200)
(20 0 3275)
(20 0 3350)
(20 0 3425)
(20 15 3500)
(20 30 3500)
(20 45 3500)
(20 60 3500)
(20 75 3500)
(20 90 3500)
(20 105 3500)
(20 120 3500)
(20 135 3500)
(20 150 3500)
(20 165 3500)
(20 180 3500)
(20 195 3500)
(20 210 3500)
(20 225 3500)
(20 240 3500)
(20 255 3500)
(20 270 3500)
(20 285 3500)
(20 300 3500)
(20 315 3500)
(20 330 3500)
(20 345 3500)
(20 360 3500)
(20 375 3500)
(20 390 3500)
(20 405 3500)
(20 420 3500)
(20 435 3500)
(20 450 3500)
(20 465 3500)
(20 480 3500)
(20 495 3500)
(20 510 3500)
(20 525 3500)
(20 540 3500)
(20 555 3500)
(20 570 3500)
(20 585 3500)
(20 4.15 500)
(20 8.3 500)
(20 12.45 500)
(20 16.6 500)
(20 20.75 500)
(20 24.9 500)
(20 29.05 500)
(20 33.2 500)
(20 37.35 500)
(20 41.5 500)
(20 45.65 500)
(20 49.8 500)
(20 53.95 500)
(20 58.1 500)
(20 62.25 500)
(20 66.4 500)
(20 70.55 500)
(20 74.7 500)
(20 78.85 500)
(20 83 500)
(20 87.15 500)
(20 91.3 500)
(20 95.45 500)
(20 99.6 500)
(20 103.75 500)
(20 107.9 500)
(20 112.05 500)
(20 116.2 500)
(20 120.35 500)
(20 124.5 500)
(20 128.65 500)
(20 132.8 500)
(20 136.95 500)
(20 141.1 500)
(20 145.25 500)
(20 149.4 500)
(20 153.55 500)
(20 157.7 500)
(20 161.85 500)
(20 166 500)
(20 600 575)
(20 600 650)
(20 600 725)
(20 600 800)
(20 600 875)
(20 600 950)
(20 600 1025)
(20 600 1100)
(20 600 1175)
(20 600 1250)
(20 600 1325)
(20 600 1400)
(20 600 1475)
(20 600 1550)
(20 600 1625)
(20 600 1700)
(20 600 1775)
(20 600 1850)
(20 600 1925)
(20 600 2000)
(20 600 2075)
(20 600 2150)
(20 600 2225)
(20 600 2300)
(20 600 2375)
(20 600 2450)
(20 600 2525)
(20 600 2600)
(20 600 2675)
(20 600 2750)
(20 600 2825)
(20 600 2900)
(20 600 2975)
(20 600 3050)
(20 600 3125)
(20 600 3200)
(20 600 3275)
(20 600 3350)
(20 600 3425)
(20 167.625 500)
(20 169.25 500)
(20 170.875 500)
(20 172.5 500)
(20 174.125 500)
(20 175.75 500)
(20 177.375 500)
(20 179 500)
(20 180.625 500)
(20 182.25 500)
(20 183.875 500)
(20 185.5 500)
(20 187.125 500)
(20 188.75 500)
(20 190.375 500)
(20 192 500)
(20 193.625 500)
(20 195.25 500)
(20 196.875 500)
(20 198.5 500)
(20 200.125 500)
(20 201.75 500)
(20 203.375 500)
(20 205 500)
(20 206.625 500)
(20 208.25 500)
(20 209.875 500)
(20 211.5 500)
(20 213.125 500)
(20 214.75 500)
(20 216.375 500)
(20 218 500)
(20 219.625 500)
(20 221.25 500)
(20 222.875 500)
(20 224.5 500)
(20 226.125 500)
(20 227.75 500)
(20 229.375 500)
(20 231 500)
(20 240.225 500)
(20 249.45 500)
(20 258.675 500)
(20 267.9 500)
(20 277.125 500)
(20 286.35 500)
(20 295.575 500)
(20 304.8 500)
(20 314.025 500)
(20 323.25 500)
(20 332.475 500)
(20 341.7 500)
(20 350.925 500)
(20 360.15 500)
(20 369.375 500)
(20 378.6 500)
(20 387.825 500)
(20 397.05 500)
(20 406.275 500)
(20 415.5 500)
(20 424.725 500)
(20 433.95 500)
(20 443.175 500)
(20 452.4 500)
(20 461.625 500)
(20 470.85 500)
(20 480.075 500)
(20 489.3 500)
(20 498.525 500)
(20 507.75 500)
(20 516.975 500)
(20 526.2 500)
(20 535.425 500)
(20 544.65 500)
(20 553.875 500)
(20 563.1 500)
(20 572.325 500)
(20 581.55 500)
(20 590.775 500)
(20 15 575)
(20 30 575)
(20 45 575)
(20 60 575)
(20 75 575)
(20 90 575)
(20 105 575)
(20 120 575)
(20 135 575)
(20 150 575)
(20 165 575)
(20 180 575)
(20 195 575)
(20 210 575)
(20 225 575)
(20 240 575)
(20 255 575)
(20 270 575)
(20 285 575)
(20 300 575)
(20 315 575)
(20 330 575)
(20 345 575)
(20 360 575)
(20 375 575)
(20 390 575)
(20 405 575)
(20 420 575)
(20 435 575)
(20 450 575)
(20 465 575)
(20 480 575)
(20 495 575)
(20 510 575)
(20 525 575)
(20 540 575)
(20 555 575)
(20 570 575)
(20 585 575)
(20 585 3425)
(20 585 3350)
(20 585 3275)
(20 585 3200)
(20 585 3125)
(20 585 3050)
(20 585 2975)
(20 585 2900)
(20 585 2825)
(20 585 2750)
(20 585 2675)
(20 585 2600)
(20 585 2525)
(20 585 2450)
(20 585 2375)
(20 585 2300)
(20 585 2225)
(20 585 2150)
(20 585 2075)
(20 585 2000)
(20 585 1925)
(20 585 1850)
(20 585 1775)
(20 585 1700)
(20 585 1625)
(20 585 1550)
(20 585 1475)
(20 585 1400)
(20 585 1325)
(20 585 1250)
(20 585 1175)
(20 585 1100)
(20 585 1025)
(20 585 950)
(20 585 875)
(20 585 800)
(20 585 725)
(20 585 650)
(20 570 3425)
(20 570 3350)
(20 570 3275)
(20 570 3200)
(20 570 3125)
(20 570 3050)
(20 570 2975)
(20 570 2900)
(20 570 2825)
(20 570 2750)
(20 570 2675)
(20 570 2600)
(20 570 2525)
(20 570 2450)
(20 570 2375)
(20 570 2300)
(20 570 2225)
(20 570 2150)
(20 570 2075)
(20 570 2000)
(20 570 1925)
(20 570 1850)
(20 570 1775)
(20 570 1700)
(20 570 1625)
(20 570 1550)
(20 570 1475)
(20 570 1400)
(20 570 1325)
(20 570 1250)
(20 570 1175)
(20 570 1100)
(20 570 1025)
(20 570 950)
(20 570 875)
(20 570 800)
(20 570 725)
(20 570 650)
(20 555 3425)
(20 555 3350)
(20 555 3275)
(20 555 3200)
(20 555 3125)
(20 555 3050)
(20 555 2975)
(20 555 2900)
(20 555 2825)
(20 555 2750)
(20 555 2675)
(20 555 2600)
(20 555 2525)
(20 555 2450)
(20 555 2375)
(20 555 2300)
(20 555 2225)
(20 555 2150)
(20 555 2075)
(20 555 2000)
(20 555 1925)
(20 555 1850)
(20 555 1775)
(20 555 1700)
(20 555 1625)
(20 555 1550)
(20 555 1475)
(20 555 1400)
(20 555 1325)
(20 555 1250)
(20 555 1175)
(20 555 1100)
(20 555 1025)
(20 555 950)
(20 555 875)
(20 555 800)
(20 555 725)
(20 555 650)
(20 540 3425)
(20 540 3350)
(20 540 3275)
(20 540 3200)
(20 540 3125)
(20 540 3050)
(20 540 2975)
(20 540 2900)
(20 540 2825)
(20 540 2750)
(20 540 2675)
(20 540 2600)
(20 540 2525)
(20 540 2450)
(20 540 2375)
(20 540 2300)
(20 540 2225)
(20 540 2150)
(20 540 2075)
(20 540 2000)
(20 540 1925)
(20 540 1850)
(20 540 1775)
(20 540 1700)
(20 540 1625)
(20 540 1550)
(20 540 1475)
(20 540 1400)
(20 540 1325)
(20 540 1250)
(20 540 1175)
(20 540 1100)
(20 540 1025)
(20 540 950)
(20 540 875)
(20 540 800)
(20 540 725)
(20 540 650)
(20 525 3425)
(20 525 3350)
(20 525 3275)
(20 525 3200)
(20 525 3125)
(20 525 3050)
(20 525 2975)
(20 525 2900)
(20 525 2825)
(20 525 2750)
(20 525 2675)
(20 525 2600)
(20 525 2525)
(20 525 2450)
(20 525 2375)
(20 525 2300)
(20 525 2225)
(20 525 2150)
(20 525 2075)
(20 525 2000)
(20 525 1925)
(20 525 1850)
(20 525 1775)
(20 525 1700)
(20 525 1625)
(20 525 1550)
(20 525 1475)
(20 525 1400)
(20 525 1325)
(20 525 1250)
(20 525 1175)
(20 525 1100)
(20 525 1025)
(20 525 950)
(20 525 875)
(20 525 800)
(20 525 725)
(20 525 650)
(20 510 3425)
(20 510 3350)
(20 510 3275)
(20 510 3200)
(20 510 3125)
(20 510 3050)
(20 510 2975)
(20 510 2900)
(20 510 2825)
(20 510 2750)
(20 510 2675)
(20 510 2600)
(20 510 2525)
(20 510 2450)
(20 510 2375)
(20 510 2300)
(20 510 2225)
(20 510 2150)
(20 510 2075)
(20 510 2000)
(20 510 1925)
(20 510 1850)
(20 510 1775)
(20 510 1700)
(20 510 1625)
(20 510 1550)
(20 510 1475)
(20 510 1400)
(20 510 1325)
(20 510 1250)
(20 510 1175)
(20 510 1100)
(20 510 1025)
(20 510 950)
(20 510 875)
(20 510 800)
(20 510 725)
(20 510 650)
(20 495 3425)
(20 495 3350)
(20 495 3275)
(20 495 3200)
(20 495 3125)
(20 495 3050)
(20 495 2975)
(20 495 2900)
(20 495 2825)
(20 495 2750)
(20 495 2675)
(20 495 2600)
(20 495 2525)
(20 495 2450)
(20 495 2375)
(20 495 2300)
(20 495 2225)
(20 495 2150)
(20 495 2075)
(20 495 2000)
(20 495 1925)
(20 495 1850)
(20 495 1775)
(20 495 1700)
(20 495 1625)
(20 495 1550)
(20 495 1475)
(20 495 1400)
(20 495 1325)
(20 495 1250)
(20 495 1175)
(20 495 1100)
(20 495 1025)
(20 495 950)
(20 495 875)
(20 495 800)
(20 495 725)
(20 495 650)
(20 480 3425)
(20 480 3350)
(20 480 3275)
(20 480 3200)
(20 480 3125)
(20 480 3050)
(20 480 2975)
(20 480 2900)
(20 480 2825)
(20 480 2750)
(20 480 2675)
(20 480 2600)
(20 480 2525)
(20 480 2450)
(20 480 2375)
(20 480 2300)
(20 480 2225)
(20 480 2150)
(20 480 2075)
(20 480 2000)
(20 480 1925)
(20 480 1850)
(20 480 1775)
(20 480 1700)
(20 480 1625)
(20 480 1550)
(20 480 1475)
(20 480 1400)
(20 480 1325)
(20 480 1250)
(20 480 1175)
(20 480 1100)
(20 480 1025)
(20 480 950)
(20 480 875)
(20 480 800)
(20 480 725)
(20 480 650)
(20 465 3425)
(20 465 3350)
(20 465 3275)
(20 465 3200)
(20 465 3125)
(20 465 3050)
(20 465 2975)
(20 465 2900)
(20 465 2825)
(20 465 2750)
(20 465 2675)
(20 465 2600)
(20 465 2525)
(20 465 2450)
(20 465 2375)
(20 465 2300)
(20 465 2225)
(20 465 2150)
(20 465 2075)
(20 465 2000)
(20 465 1925)
(20 465 1850)
(20 465 1775)
(20 465 1700)
(20 465 1625)
(20 465 1550)
(20 465 1475)
(20 465 1400)
(20 465 1325)
(20 465 1250)
(20 465 1175)
(20 465 1100)
(20 465 1025)
(20 465 950)
(20 465 875)
(20 465 800)
(20 465 725)
(20 465 650)
(20 450 3425)
(20 450 3350)
(20 450 3275)
(20 450 3200)
(20 450 3125)
(20 450 3050)
(20 450 2975)
(20 450 2900)
(20 450 2825)
(20 450 2750)
(20 450 2675)
(20 450 2600)
(20 450 2525)
(20 450 2450)
(20 450 2375)
(20 450 2300)
(20 450 2225)
(20 450 2150)
(20 450 2075)
(20 450 2000)
(20 450 1925)
(20 450 1850)
(20 450 1775)
(20 450 1700)
(20 450 1625)
(20 450 1550)
(20 450 1475)
(20 450 1400)
(20 450 1325)
(20 450 1250)
(20 450 1175)
(20 450 1100)
(20 450 1025)
(20 450 950)
(20 450 875)
(20 450 800)
(20 450 725)
(20 450 650)
(20 435 3425)
(20 435 3350)
(20 435 3275)
(20 435 3200)
(20 435 3125)
(20 435 3050)
(20 435 2975)
(20 435 2900)
(20 435 2825)
(20 435 2750)
(20 435 2675)
(20 435 2600)
(20 435 2525)
(20 435 2450)
(20 435 2375)
(20 435 2300)
(20 435 2225)
(20 435 2150)
(20 435 2075)
(20 435 2000)
(20 435 1925)
(20 435 1850)
(20 435 1775)
(20 435 1700)
(20 435 1625)
(20 435 1550)
(20 435 1475)
(20 435 1400)
(20 435 1325)
(20 435 1250)
(20 435 1175)
(20 435 1100)
(20 435 1025)
(20 435 950)
(20 435 875)
(20 435 800)
(20 435 725)
(20 435 650)
(20 420 3425)
(20 420 3350)
(20 420 3275)
(20 420 3200)
(20 420 3125)
(20 420 3050)
(20 420 2975)
(20 420 2900)
(20 420 2825)
(20 420 2750)
(20 420 2675)
(20 420 2600)
(20 420 2525)
(20 420 2450)
(20 420 2375)
(20 420 2300)
(20 420 2225)
(20 420 2150)
(20 420 2075)
(20 420 2000)
(20 420 1925)
(20 420 1850)
(20 420 1775)
(20 420 1700)
(20 420 1625)
(20 420 1550)
(20 420 1475)
(20 420 1400)
(20 420 1325)
(20 420 1250)
(20 420 1175)
(20 420 1100)
(20 420 1025)
(20 420 950)
(20 420 875)
(20 420 800)
(20 420 725)
(20 420 650)
(20 405 3425)
(20 405 3350)
(20 405 3275)
(20 405 3200)
(20 405 3125)
(20 405 3050)
(20 405 2975)
(20 405 2900)
(20 405 2825)
(20 405 2750)
(20 405 2675)
(20 405 2600)
(20 405 2525)
(20 405 2450)
(20 405 2375)
(20 405 2300)
(20 405 2225)
(20 405 2150)
(20 405 2075)
(20 405 2000)
(20 405 1925)
(20 405 1850)
(20 405 1775)
(20 405 1700)
(20 405 1625)
(20 405 1550)
(20 405 1475)
(20 405 1400)
(20 405 1325)
(20 405 1250)
(20 405 1175)
(20 405 1100)
(20 405 1025)
(20 405 950)
(20 405 875)
(20 405 800)
(20 405 725)
(20 405 650)
(20 390 3425)
(20 390 3350)
(20 390 3275)
(20 390 3200)
(20 390 3125)
(20 390 3050)
(20 390 2975)
(20 390 2900)
(20 390 2825)
(20 390 2750)
(20 390 2675)
(20 390 2600)
(20 390 2525)
(20 390 2450)
(20 390 2375)
(20 390 2300)
(20 390 2225)
(20 390 2150)
(20 390 2075)
(20 390 2000)
(20 390 1925)
(20 390 1850)
(20 390 1775)
(20 390 1700)
(20 390 1625)
(20 390 1550)
(20 390 1475)
(20 390 1400)
(20 390 1325)
(20 390 1250)
(20 390 1175)
(20 390 1100)
(20 390 1025)
(20 390 950)
(20 390 875)
(20 390 800)
(20 390 725)
(20 390 650)
(20 375 3425)
(20 375 3350)
(20 375 3275)
(20 375 3200)
(20 375 3125)
(20 375 3050)
(20 375 2975)
(20 375 2900)
(20 375 2825)
(20 375 2750)
(20 375 2675)
(20 375 2600)
(20 375 2525)
(20 375 2450)
(20 375 2375)
(20 375 2300)
(20 375 2225)
(20 375 2150)
(20 375 2075)
(20 375 2000)
(20 375 1925)
(20 375 1850)
(20 375 1775)
(20 375 1700)
(20 375 1625)
(20 375 1550)
(20 375 1475)
(20 375 1400)
(20 375 1325)
(20 375 1250)
(20 375 1175)
(20 375 1100)
(20 375 1025)
(20 375 950)
(20 375 875)
(20 375 800)
(20 375 725)
(20 375 650)
(20 360 3425)
(20 360 3350)
(20 360 3275)
(20 360 3200)
(20 360 3125)
(20 360 3050)
(20 360 2975)
(20 360 2900)
(20 360 2825)
(20 360 2750)
(20 360 2675)
(20 360 2600)
(20 360 2525)
(20 360 2450)
(20 360 2375)
(20 360 2300)
(20 360 2225)
(20 360 2150)
(20 360 2075)
(20 360 2000)
(20 360 1925)
(20 360 1850)
(20 360 1775)
(20 360 1700)
(20 360 1625)
(20 360 1550)
(20 360 1475)
(20 360 1400)
(20 360 1325)
(20 360 1250)
(20 360 1175)
(20 360 1100)
(20 360 1025)
(20 360 950)
(20 360 875)
(20 360 800)
(20 360 725)
(20 360 650)
(20 345 3425)
(20 345 3350)
(20 345 3275)
(20 345 3200)
(20 345 3125)
(20 345 3050)
(20 345 2975)
(20 345 2900)
(20 345 2825)
(20 345 2750)
(20 345 2675)
(20 345 2600)
(20 345 2525)
(20 345 2450)
(20 345 2375)
(20 345 2300)
(20 345 2225)
(20 345 2150)
(20 345 2075)
(20 345 2000)
(20 345 1925)
(20 345 1850)
(20 345 1775)
(20 345 1700)
(20 345 1625)
(20 345 1550)
(20 345 1475)
(20 345 1400)
(20 345 1325)
(20 345 1250)
(20 345 1175)
(20 345 1100)
(20 345 1025)
(20 345 950)
(20 345 875)
(20 345 800)
(20 345 725)
(20 345 650)
(20 330 3425)
(20 330 3350)
(20 330 3275)
(20 330 3200)
(20 330 3125)
(20 330 3050)
(20 330 2975)
(20 330 2900)
(20 330 2825)
(20 330 2750)
(20 330 2675)
(20 330 2600)
(20 330 2525)
(20 330 2450)
(20 330 2375)
(20 330 2300)
(20 330 2225)
(20 330 2150)
(20 330 2075)
(20 330 2000)
(20 330 1925)
(20 330 1850)
(20 330 1775)
(20 330 1700)
(20 330 1625)
(20 330 1550)
(20 330 1475)
(20 330 1400)
(20 330 1325)
(20 330 1250)
(20 330 1175)
(20 330 1100)
(20 330 1025)
(20 330 950)
(20 330 875)
(20 330 800)
(20 330 725)
(20 330 650)
(20 315 3425)
(20 315 3350)
(20 315 3275)
(20 315 3200)
(20 315 3125)
(20 315 3050)
(20 315 2975)
(20 315 2900)
(20 315 2825)
(20 315 2750)
(20 315 2675)
(20 315 2600)
(20 315 2525)
(20 315 2450)
(20 315 2375)
(20 315 2300)
(20 315 2225)
(20 315 2150)
(20 315 2075)
(20 315 2000)
(20 315 1925)
(20 315 1850)
(20 315 1775)
(20 315 1700)
(20 315 1625)
(20 315 1550)
(20 315 1475)
(20 315 1400)
(20 315 1325)
(20 315 1250)
(20 315 1175)
(20 315 1100)
(20 315 1025)
(20 315 950)
(20 315 875)
(20 315 800)
(20 315 725)
(20 315 650)
(20 300 3425)
(20 300 3350)
(20 300 3275)
(20 300 3200)
(20 300 3125)
(20 300 3050)
(20 300 2975)
(20 300 2900)
(20 300 2825)
(20 300 2750)
(20 300 2675)
(20 300 2600)
(20 300 2525)
(20 300 2450)
(20 300 2375)
(20 300 2300)
(20 300 2225)
(20 300 2150)
(20 300 2075)
(20 300 2000)
(20 300 1925)
(20 300 1850)
(20 300 1775)
(20 300 1700)
(20 300 1625)
(20 300 1550)
(20 300 1475)
(20 300 1400)
(20 300 1325)
(20 300 1250)
(20 300 1175)
(20 300 1100)
(20 300 1025)
(20 300 950)
(20 300 875)
(20 300 800)
(20 300 725)
(20 300 650)
(20 285 3425)
(20 285 3350)
(20 285 3275)
(20 285 3200)
(20 285 3125)
(20 285 3050)
(20 285 2975)
(20 285 2900)
(20 285 2825)
(20 285 2750)
(20 285 2675)
(20 285 2600)
(20 285 2525)
(20 285 2450)
(20 285 2375)
(20 285 2300)
(20 285 2225)
(20 285 2150)
(20 285 2075)
(20 285 2000)
(20 285 1925)
(20 285 1850)
(20 285 1775)
(20 285 1700)
(20 285 1625)
(20 285 1550)
(20 285 1475)
(20 285 1400)
(20 285 1325)
(20 285 1250)
(20 285 1175)
(20 285 1100)
(20 285 1025)
(20 285 950)
(20 285 875)
(20 285 800)
(20 285 725)
(20 285 650)
(20 270 3425)
(20 270 3350)
(20 270 3275)
(20 270 3200)
(20 270 3125)
(20 270 3050)
(20 270 2975)
(20 270 2900)
(20 270 2825)
(20 270 2750)
(20 270 2675)
(20 270 2600)
(20 270 2525)
(20 270 2450)
(20 270 2375)
(20 270 2300)
(20 270 2225)
(20 270 2150)
(20 270 2075)
(20 270 2000)
(20 270 1925)
(20 270 1850)
(20 270 1775)
(20 270 1700)
(20 270 1625)
(20 270 1550)
(20 270 1475)
(20 270 1400)
(20 270 1325)
(20 270 1250)
(20 270 1175)
(20 270 1100)
(20 270 1025)
(20 270 950)
(20 270 875)
(20 270 800)
(20 270 725)
(20 270 650)
(20 255 3425)
(20 255 3350)
(20 255 3275)
(20 255 3200)
(20 255 3125)
(20 255 3050)
(20 255 2975)
(20 255 2900)
(20 255 2825)
(20 255 2750)
(20 255 2675)
(20 255 2600)
(20 255 2525)
(20 255 2450)
(20 255 2375)
(20 255 2300)
(20 255 2225)
(20 255 2150)
(20 255 2075)
(20 255 2000)
(20 255 1925)
(20 255 1850)
(20 255 1775)
(20 255 1700)
(20 255 1625)
(20 255 1550)
(20 255 1475)
(20 255 1400)
(20 255 1325)
(20 255 1250)
(20 255 1175)
(20 255 1100)
(20 255 1025)
(20 255 950)
(20 255 875)
(20 255 800)
(20 255 725)
(20 255 650)
(20 240 3425)
(20 240 3350)
(20 240 3275)
(20 240 3200)
(20 240 3125)
(20 240 3050)
(20 240 2975)
(20 240 2900)
(20 240 2825)
(20 240 2750)
(20 240 2675)
(20 240 2600)
(20 240 2525)
(20 240 2450)
(20 240 2375)
(20 240 2300)
(20 240 2225)
(20 240 2150)
(20 240 2075)
(20 240 2000)
(20 240 1925)
(20 240 1850)
(20 240 1775)
(20 240 1700)
(20 240 1625)
(20 240 1550)
(20 240 1475)
(20 240 1400)
(20 240 1325)
(20 240 1250)
(20 240 1175)
(20 240 1100)
(20 240 1025)
(20 240 950)
(20 240 875)
(20 240 800)
(20 240 725)
(20 240 650)
(20 225 3425)
(20 225 3350)
(20 225 3275)
(20 225 3200)
(20 225 3125)
(20 225 3050)
(20 225 2975)
(20 225 2900)
(20 225 2825)
(20 225 2750)
(20 225 2675)
(20 225 2600)
(20 225 2525)
(20 225 2450)
(20 225 2375)
(20 225 2300)
(20 225 2225)
(20 225 2150)
(20 225 2075)
(20 225 2000)
(20 225 1925)
(20 225 1850)
(20 225 1775)
(20 225 1700)
(20 225 1625)
(20 225 1550)
(20 225 1475)
(20 225 1400)
(20 225 1325)
(20 225 1250)
(20 225 1175)
(20 225 1100)
(20 225 1025)
(20 225 950)
(20 225 875)
(20 225 800)
(20 225 725)
(20 225 650)
(20 210 3425)
(20 210 3350)
(20 210 3275)
(20 210 3200)
(20 210 3125)
(20 210 3050)
(20 210 2975)
(20 210 2900)
(20 210 2825)
(20 210 2750)
(20 210 2675)
(20 210 2600)
(20 210 2525)
(20 210 2450)
(20 210 2375)
(20 210 2300)
(20 210 2225)
(20 210 2150)
(20 210 2075)
(20 210 2000)
(20 210 1925)
(20 210 1850)
(20 210 1775)
(20 210 1700)
(20 210 1625)
(20 210 1550)
(20 210 1475)
(20 210 1400)
(20 210 1325)
(20 210 1250)
(20 210 1175)
(20 210 1100)
(20 210 1025)
(20 210 950)
(20 210 875)
(20 210 800)
(20 210 725)
(20 210 650)
(20 195 3425)
(20 195 3350)
(20 195 3275)
(20 195 3200)
(20 195 3125)
(20 195 3050)
(20 195 2975)
(20 195 2900)
(20 195 2825)
(20 195 2750)
(20 195 2675)
(20 195 2600)
(20 195 2525)
(20 195 2450)
(20 195 2375)
(20 195 2300)
(20 195 2225)
(20 195 2150)
(20 195 2075)
(20 195 2000)
(20 195 1925)
(20 195 1850)
(20 195 1775)
(20 195 1700)
(20 195 1625)
(20 195 1550)
(20 195 1475)
(20 195 1400)
(20 195 1325)
(20 195 1250)
(20 195 1175)
(20 195 1100)
(20 195 1025)
(20 195 950)
(20 195 875)
(20 195 800)
(20 195 725)
(20 195 650)
(20 180 3425)
(20 180 3350)
(20 180 3275)
(20 180 3200)
(20 180 3125)
(20 180 3050)
(20 180 2975)
(20 180 2900)
(20 180 2825)
(20 180 2750)
(20 180 2675)
(20 180 2600)
(20 180 2525)
(20 180 2450)
(20 180 2375)
(20 180 2300)
(20 180 2225)
(20 180 2150)
(20 180 2075)
(20 180 2000)
(20 180 1925)
(20 180 1850)
(20 180 1775)
(20 180 1700)
(20 180 1625)
(20 180 1550)
(20 180 1475)
(20 180 1400)
(20 180 1325)
(20 180 1250)
(20 180 1175)
(20 180 1100)
(20 180 1025)
(20 180 950)
(20 180 875)
(20 180 800)
(20 180 725)
(20 180 650)
(20 165 3425)
(20 165 3350)
(20 165 3275)
(20 165 3200)
(20 165 3125)
(20 165 3050)
(20 165 2975)
(20 165 2900)
(20 165 2825)
(20 165 2750)
(20 165 2675)
(20 165 2600)
(20 165 2525)
(20 165 2450)
(20 165 2375)
(20 165 2300)
(20 165 2225)
(20 165 2150)
(20 165 2075)
(20 165 2000)
(20 165 1925)
(20 165 1850)
(20 165 1775)
(20 165 1700)
(20 165 1625)
(20 165 1550)
(20 165 1475)
(20 165 1400)
(20 165 1325)
(20 165 1250)
(20 165 1175)
(20 165 1100)
(20 165 1025)
(20 165 950)
(20 165 875)
(20 165 800)
(20 165 725)
(20 165 650)
(20 150 3425)
(20 150 3350)
(20 150 3275)
(20 150 3200)
(20 150 3125)
(20 150 3050)
(20 150 2975)
(20 150 2900)
(20 150 2825)
(20 150 2750)
(20 150 2675)
(20 150 2600)
(20 150 2525)
(20 150 2450)
(20 150 2375)
(20 150 2300)
(20 150 2225)
(20 150 2150)
(20 150 2075)
(20 150 2000)
(20 150 1925)
(20 150 1850)
(20 150 1775)
(20 150 1700)
(20 150 1625)
(20 150 1550)
(20 150 1475)
(20 150 1400)
(20 150 1325)
(20 150 1250)
(20 150 1175)
(20 150 1100)
(20 150 1025)
(20 150 950)
(20 150 875)
(20 150 800)
(20 150 725)
(20 150 650)
(20 135 3425)
(20 135 3350)
(20 135 3275)
(20 135 3200)
(20 135 3125)
(20 135 3050)
(20 135 2975)
(20 135 2900)
(20 135 2825)
(20 135 2750)
(20 135 2675)
(20 135 2600)
(20 135 2525)
(20 135 2450)
(20 135 2375)
(20 135 2300)
(20 135 2225)
(20 135 2150)
(20 135 2075)
(20 135 2000)
(20 135 1925)
(20 135 1850)
(20 135 1775)
(20 135 1700)
(20 135 1625)
(20 135 1550)
(20 135 1475)
(20 135 1400)
(20 135 1325)
(20 135 1250)
(20 135 1175)
(20 135 1100)
(20 135 1025)
(20 135 950)
(20 135 875)
(20 135 800)
(20 135 725)
(20 135 650)
(20 120 3425)
(20 120 3350)
(20 120 3275)
(20 120 3200)
(20 120 3125)
(20 120 3050)
(20 120 2975)
(20 120 2900)
(20 120 2825)
(20 120 2750)
(20 120 2675)
(20 120 2600)
(20 120 2525)
(20 120 2450)
(20 120 2375)
(20 120 2300)
(20 120 2225)
(20 120 2150)
(20 120 2075)
(20 120 2000)
(20 120 1925)
(20 120 1850)
(20 120 1775)
(20 120 1700)
(20 120 1625)
(20 120 1550)
(20 120 1475)
(20 120 1400)
(20 120 1325)
(20 120 1250)
(20 120 1175)
(20 120 1100)
(20 120 1025)
(20 120 950)
(20 120 875)
(20 120 800)
(20 120 725)
(20 120 650)
(20 105 3425)
(20 105 3350)
(20 105 3275)
(20 105 3200)
(20 105 3125)
(20 105 3050)
(20 105 2975)
(20 105 2900)
(20 105 2825)
(20 105 2750)
(20 105 2675)
(20 105 2600)
(20 105 2525)
(20 105 2450)
(20 105 2375)
(20 105 2300)
(20 105 2225)
(20 105 2150)
(20 105 2075)
(20 105 2000)
(20 105 1925)
(20 105 1850)
(20 105 1775)
(20 105 1700)
(20 105 1625)
(20 105 1550)
(20 105 1475)
(20 105 1400)
(20 105 1325)
(20 105 1250)
(20 105 1175)
(20 105 1100)
(20 105 1025)
(20 105 950)
(20 105 875)
(20 105 800)
(20 105 725)
(20 105 650)
(20 90 3425)
(20 90 3350)
(20 90 3275)
(20 90 3200)
(20 90 3125)
(20 90 3050)
(20 90 2975)
(20 90 2900)
(20 90 2825)
(20 90 2750)
(20 90 2675)
(20 90 2600)
(20 90 2525)
(20 90 2450)
(20 90 2375)
(20 90 2300)
(20 90 2225)
(20 90 2150)
(20 90 2075)
(20 90 2000)
(20 90 1925)
(20 90 1850)
(20 90 1775)
(20 90 1700)
(20 90 1625)
(20 90 1550)
(20 90 1475)
(20 90 1400)
(20 90 1325)
(20 90 1250)
(20 90 1175)
(20 90 1100)
(20 90 1025)
(20 90 950)
(20 90 875)
(20 90 800)
(20 90 725)
(20 90 650)
(20 75 3425)
(20 75 3350)
(20 75 3275)
(20 75 3200)
(20 75 3125)
(20 75 3050)
(20 75 2975)
(20 75 2900)
(20 75 2825)
(20 75 2750)
(20 75 2675)
(20 75 2600)
(20 75 2525)
(20 75 2450)
(20 75 2375)
(20 75 2300)
(20 75 2225)
(20 75 2150)
(20 75 2075)
(20 75 2000)
(20 75 1925)
(20 75 1850)
(20 75 1775)
(20 75 1700)
(20 75 1625)
(20 75 1550)
(20 75 1475)
(20 75 1400)
(20 75 1325)
(20 75 1250)
(20 75 1175)
(20 75 1100)
(20 75 1025)
(20 75 950)
(20 75 875)
(20 75 800)
(20 75 725)
(20 75 650)
(20 60 3425)
(20 60 3350)
(20 60 3275)
(20 60 3200)
(20 60 3125)
(20 60 3050)
(20 60 2975)
(20 60 2900)
(20 60 2825)
(20 60 2750)
(20 60 2675)
(20 60 2600)
(20 60 2525)
(20 60 2450)
(20 60 2375)
(20 60 2300)
(20 60 2225)
(20 60 2150)
(20 60 2075)
(20 60 2000)
(20 60 1925)
(20 60 1850)
(20 60 1775)
(20 60 1700)
(20 60 1625)
(20 60 1550)
(20 60 1475)
(20 60 1400)
(20 60 1325)
(20 60 1250)
(20 60 1175)
(20 60 1100)
(20 60 1025)
(20 60 950)
(20 60 875)
(20 60 800)
(20 60 725)
(20 60 650)
(20 45 3425)
(20 45 3350)
(20 45 3275)
(20 45 3200)
(20 45 3125)
(20 45 3050)
(20 45 2975)
(20 45 2900)
(20 45 2825)
(20 45 2750)
(20 45 2675)
(20 45 2600)
(20 45 2525)
(20 45 2450)
(20 45 2375)
(20 45 2300)
(20 45 2225)
(20 45 2150)
(20 45 2075)
(20 45 2000)
(20 45 1925)
(20 45 1850)
(20 45 1775)
(20 45 1700)
(20 45 1625)
(20 45 1550)
(20 45 1475)
(20 45 1400)
(20 45 1325)
(20 45 1250)
(20 45 1175)
(20 45 1100)
(20 45 1025)
(20 45 950)
(20 45 875)
(20 45 800)
(20 45 725)
(20 45 650)
(20 30 3425)
(20 30 3350)
(20 30 3275)
(20 30 3200)
(20 30 3125)
(20 30 3050)
(20 30 2975)
(20 30 2900)
(20 30 2825)
(20 30 2750)
(20 30 2675)
(20 30 2600)
(20 30 2525)
(20 30 2450)
(20 30 2375)
(20 30 2300)
(20 30 2225)
(20 30 2150)
(20 30 2075)
(20 30 2000)
(20 30 1925)
(20 30 1850)
(20 30 1775)
(20 30 1700)
(20 30 1625)
(20 30 1550)
(20 30 1475)
(20 30 1400)
(20 30 1325)
(20 30 1250)
(20 30 1175)
(20 30 1100)
(20 30 1025)
(20 30 950)
(20 30 875)
(20 30 800)
(20 30 725)
(20 30 650)
(20 15 3425)
(20 15 3350)
(20 15 3275)
(20 15 3200)
(20 15 3125)
(20 15 3050)
(20 15 2975)
(20 15 2900)
(20 15 2825)
(20 15 2750)
(20 15 2675)
(20 15 2600)
(20 15 2525)
(20 15 2450)
(20 15 2375)
(20 15 2300)
(20 15 2225)
(20 15 2150)
(20 15 2075)
(20 15 2000)
(20 15 1925)
(20 15 1850)
(20 15 1775)
(20 15 1700)
(20 15 1625)
(20 15 1550)
(20 15 1475)
(20 15 1400)
(20 15 1325)
(20 15 1250)
(20 15 1175)
(20 15 1100)
(20 15 1025)
(20 15 950)
(20 15 875)
(20 15 800)
(20 15 725)
(20 15 650)
(0 15 575)
(0 30 575)
(0 45 575)
(0 60 575)
(0 75 575)
(0 90 575)
(0 105 575)
(0 120 575)
(0 135 575)
(0 150 575)
(0 165 575)
(0 180 575)
(0 195 575)
(0 210 575)
(0 225 575)
(0 240 575)
(0 255 575)
(0 270 575)
(0 285 575)
(0 300 575)
(0 315 575)
(0 330 575)
(0 345 575)
(0 360 575)
(0 375 575)
(0 390 575)
(0 405 575)
(0 420 575)
(0 435 575)
(0 450 575)
(0 465 575)
(0 480 575)
(0 495 575)
(0 510 575)
(0 525 575)
(0 540 575)
(0 555 575)
(0 570 575)
(0 585 575)
(0 585 3425)
(0 585 3350)
(0 585 3275)
(0 585 3200)
(0 585 3125)
(0 585 3050)
(0 585 2975)
(0 585 2900)
(0 585 2825)
(0 585 2750)
(0 585 2675)
(0 585 2600)
(0 585 2525)
(0 585 2450)
(0 585 2375)
(0 585 2300)
(0 585 2225)
(0 585 2150)
(0 585 2075)
(0 585 2000)
(0 585 1925)
(0 585 1850)
(0 585 1775)
(0 585 1700)
(0 585 1625)
(0 585 1550)
(0 585 1475)
(0 585 1400)
(0 585 1325)
(0 585 1250)
(0 585 1175)
(0 585 1100)
(0 585 1025)
(0 585 950)
(0 585 875)
(0 585 800)
(0 585 725)
(0 585 650)
(0 570 3425)
(0 570 3350)
(0 570 3275)
(0 570 3200)
(0 570 3125)
(0 570 3050)
(0 570 2975)
(0 570 2900)
(0 570 2825)
(0 570 2750)
(0 570 2675)
(0 570 2600)
(0 570 2525)
(0 570 2450)
(0 570 2375)
(0 570 2300)
(0 570 2225)
(0 570 2150)
(0 570 2075)
(0 570 2000)
(0 570 1925)
(0 570 1850)
(0 570 1775)
(0 570 1700)
(0 570 1625)
(0 570 1550)
(0 570 1475)
(0 570 1400)
(0 570 1325)
(0 570 1250)
(0 570 1175)
(0 570 1100)
(0 570 1025)
(0 570 950)
(0 570 875)
(0 570 800)
(0 570 725)
(0 570 650)
(0 555 3425)
(0 555 3350)
(0 555 3275)
(0 555 3200)
(0 555 3125)
(0 555 3050)
(0 555 2975)
(0 555 2900)
(0 555 2825)
(0 555 2750)
(0 555 2675)
(0 555 2600)
(0 555 2525)
(0 555 2450)
(0 555 2375)
(0 555 2300)
(0 555 2225)
(0 555 2150)
(0 555 2075)
(0 555 2000)
(0 555 1925)
(0 555 1850)
(0 555 1775)
(0 555 1700)
(0 555 1625)
(0 555 1550)
(0 555 1475)
(0 555 1400)
(0 555 1325)
(0 555 1250)
(0 555 1175)
(0 555 1100)
(0 555 1025)
(0 555 950)
(0 555 875)
(0 555 800)
(0 555 725)
(0 555 650)
(0 540 3425)
(0 540 3350)
(0 540 3275)
(0 540 3200)
(0 540 3125)
(0 540 3050)
(0 540 2975)
(0 540 2900)
(0 540 2825)
(0 540 2750)
(0 540 2675)
(0 540 2600)
(0 540 2525)
(0 540 2450)
(0 540 2375)
(0 540 2300)
(0 540 2225)
(0 540 2150)
(0 540 2075)
(0 540 2000)
(0 540 1925)
(0 540 1850)
(0 540 1775)
(0 540 1700)
(0 540 1625)
(0 540 1550)
(0 540 1475)
(0 540 1400)
(0 540 1325)
(0 540 1250)
(0 540 1175)
(0 540 1100)
(0 540 1025)
(0 540 950)
(0 540 875)
(0 540 800)
(0 540 725)
(0 540 650)
(0 525 3425)
(0 525 3350)
(0 525 3275)
(0 525 3200)
(0 525 3125)
(0 525 3050)
(0 525 2975)
(0 525 2900)
(0 525 2825)
(0 525 2750)
(0 525 2675)
(0 525 2600)
(0 525 2525)
(0 525 2450)
(0 525 2375)
(0 525 2300)
(0 525 2225)
(0 525 2150)
(0 525 2075)
(0 525 2000)
(0 525 1925)
(0 525 1850)
(0 525 1775)
(0 525 1700)
(0 525 1625)
(0 525 1550)
(0 525 1475)
(0 525 1400)
(0 525 1325)
(0 525 1250)
(0 525 1175)
(0 525 1100)
(0 525 1025)
(0 525 950)
(0 525 875)
(0 525 800)
(0 525 725)
(0 525 650)
(0 510 3425)
(0 510 3350)
(0 510 3275)
(0 510 3200)
(0 510 3125)
(0 510 3050)
(0 510 2975)
(0 510 2900)
(0 510 2825)
(0 510 2750)
(0 510 2675)
(0 510 2600)
(0 510 2525)
(0 510 2450)
(0 510 2375)
(0 510 2300)
(0 510 2225)
(0 510 2150)
(0 510 2075)
(0 510 2000)
(0 510 1925)
(0 510 1850)
(0 510 1775)
(0 510 1700)
(0 510 1625)
(0 510 1550)
(0 510 1475)
(0 510 1400)
(0 510 1325)
(0 510 1250)
(0 510 1175)
(0 510 1100)
(0 510 1025)
(0 510 950)
(0 510 875)
(0 510 800)
(0 510 725)
(0 510 650)
(0 495 3425)
(0 495 3350)
(0 495 3275)
(0 495 3200)
(0 495 3125)
(0 495 3050)
(0 495 2975)
(0 495 2900)
(0 495 2825)
(0 495 2750)
(0 495 2675)
(0 495 2600)
(0 495 2525)
(0 495 2450)
(0 495 2375)
(0 495 2300)
(0 495 2225)
(0 495 2150)
(0 495 2075)
(0 495 2000)
(0 495 1925)
(0 495 1850)
(0 495 1775)
(0 495 1700)
(0 495 1625)
(0 495 1550)
(0 495 1475)
(0 495 1400)
(0 495 1325)
(0 495 1250)
(0 495 1175)
(0 495 1100)
(0 495 1025)
(0 495 950)
(0 495 875)
(0 495 800)
(0 495 725)
(0 495 650)
(0 480 3425)
(0 480 3350)
(0 480 3275)
(0 480 3200)
(0 480 3125)
(0 480 3050)
(0 480 2975)
(0 480 2900)
(0 480 2825)
(0 480 2750)
(0 480 2675)
(0 480 2600)
(0 480 2525)
(0 480 2450)
(0 480 2375)
(0 480 2300)
(0 480 2225)
(0 480 2150)
(0 480 2075)
(0 480 2000)
(0 480 1925)
(0 480 1850)
(0 480 1775)
(0 480 1700)
(0 480 1625)
(0 480 1550)
(0 480 1475)
(0 480 1400)
(0 480 1325)
(0 480 1250)
(0 480 1175)
(0 480 1100)
(0 480 1025)
(0 480 950)
(0 480 875)
(0 480 800)
(0 480 725)
(0 480 650)
(0 465 3425)
(0 465 3350)
(0 465 3275)
(0 465 3200)
(0 465 3125)
(0 465 3050)
(0 465 2975)
(0 465 2900)
(0 465 2825)
(0 465 2750)
(0 465 2675)
(0 465 2600)
(0 465 2525)
(0 465 2450)
(0 465 2375)
(0 465 2300)
(0 465 2225)
(0 465 2150)
(0 465 2075)
(0 465 2000)
(0 465 1925)
(0 465 1850)
(0 465 1775)
(0 465 1700)
(0 465 1625)
(0 465 1550)
(0 465 1475)
(0 465 1400)
(0 465 1325)
(0 465 1250)
(0 465 1175)
(0 465 1100)
(0 465 1025)
(0 465 950)
(0 465 875)
(0 465 800)
(0 465 725)
(0 465 650)
(0 450 3425)
(0 450 3350)
(0 450 3275)
(0 450 3200)
(0 450 3125)
(0 450 3050)
(0 450 2975)
(0 450 2900)
(0 450 2825)
(0 450 2750)
(0 450 2675)
(0 450 2600)
(0 450 2525)
(0 450 2450)
(0 450 2375)
(0 450 2300)
(0 450 2225)
(0 450 2150)
(0 450 2075)
(0 450 2000)
(0 450 1925)
(0 450 1850)
(0 450 1775)
(0 450 1700)
(0 450 1625)
(0 450 1550)
(0 450 1475)
(0 450 1400)
(0 450 1325)
(0 450 1250)
(0 450 1175)
(0 450 1100)
(0 450 1025)
(0 450 950)
(0 450 875)
(0 450 800)
(0 450 725)
(0 450 650)
(0 435 3425)
(0 435 3350)
(0 435 3275)
(0 435 3200)
(0 435 3125)
(0 435 3050)
(0 435 2975)
(0 435 2900)
(0 435 2825)
(0 435 2750)
(0 435 2675)
(0 435 2600)
(0 435 2525)
(0 435 2450)
(0 435 2375)
(0 435 2300)
(0 435 2225)
(0 435 2150)
(0 435 2075)
(0 435 2000)
(0 435 1925)
(0 435 1850)
(0 435 1775)
(0 435 1700)
(0 435 1625)
(0 435 1550)
(0 435 1475)
(0 435 1400)
(0 435 1325)
(0 435 1250)
(0 435 1175)
(0 435 1100)
(0 435 1025)
(0 435 950)
(0 435 875)
(0 435 800)
(0 435 725)
(0 435 650)
(0 420 3425)
(0 420 3350)
(0 420 3275)
(0 420 3200)
(0 420 3125)
(0 420 3050)
(0 420 2975)
(0 420 2900)
(0 420 2825)
(0 420 2750)
(0 420 2675)
(0 420 2600)
(0 420 2525)
(0 420 2450)
(0 420 2375)
(0 420 2300)
(0 420 2225)
(0 420 2150)
(0 420 2075)
(0 420 2000)
(0 420 1925)
(0 420 1850)
(0 420 1775)
(0 420 1700)
(0 420 1625)
(0 420 1550)
(0 420 1475)
(0 420 1400)
(0 420 1325)
(0 420 1250)
(0 420 1175)
(0 420 1100)
(0 420 1025)
(0 420 950)
(0 420 875)
(0 420 800)
(0 420 725)
(0 420 650)
(0 405 3425)
(0 405 3350)
(0 405 3275)
(0 405 3200)
(0 405 3125)
(0 405 3050)
(0 405 2975)
(0 405 2900)
(0 405 2825)
(0 405 2750)
(0 405 2675)
(0 405 2600)
(0 405 2525)
(0 405 2450)
(0 405 2375)
(0 405 2300)
(0 405 2225)
(0 405 2150)
(0 405 2075)
(0 405 2000)
(0 405 1925)
(0 405 1850)
(0 405 1775)
(0 405 1700)
(0 405 1625)
(0 405 1550)
(0 405 1475)
(0 405 1400)
(0 405 1325)
(0 405 1250)
(0 405 1175)
(0 405 1100)
(0 405 1025)
(0 405 950)
(0 405 875)
(0 405 800)
(0 405 725)
(0 405 650)
(0 390 3425)
(0 390 3350)
(0 390 3275)
(0 390 3200)
(0 390 3125)
(0 390 3050)
(0 390 2975)
(0 390 2900)
(0 390 2825)
(0 390 2750)
(0 390 2675)
(0 390 2600)
(0 390 2525)
(0 390 2450)
(0 390 2375)
(0 390 2300)
(0 390 2225)
(0 390 2150)
(0 390 2075)
(0 390 2000)
(0 390 1925)
(0 390 1850)
(0 390 1775)
(0 390 1700)
(0 390 1625)
(0 390 1550)
(0 390 1475)
(0 390 1400)
(0 390 1325)
(0 390 1250)
(0 390 1175)
(0 390 1100)
(0 390 1025)
(0 390 950)
(0 390 875)
(0 390 800)
(0 390 725)
(0 390 650)
(0 375 3425)
(0 375 3350)
(0 375 3275)
(0 375 3200)
(0 375 3125)
(0 375 3050)
(0 375 2975)
(0 375 2900)
(0 375 2825)
(0 375 2750)
(0 375 2675)
(0 375 2600)
(0 375 2525)
(0 375 2450)
(0 375 2375)
(0 375 2300)
(0 375 2225)
(0 375 2150)
(0 375 2075)
(0 375 2000)
(0 375 1925)
(0 375 1850)
(0 375 1775)
(0 375 1700)
(0 375 1625)
(0 375 1550)
(0 375 1475)
(0 375 1400)
(0 375 1325)
(0 375 1250)
(0 375 1175)
(0 375 1100)
(0 375 1025)
(0 375 950)
(0 375 875)
(0 375 800)
(0 375 725)
(0 375 650)
(0 360 3425)
(0 360 3350)
(0 360 3275)
(0 360 3200)
(0 360 3125)
(0 360 3050)
(0 360 2975)
(0 360 2900)
(0 360 2825)
(0 360 2750)
(0 360 2675)
(0 360 2600)
(0 360 2525)
(0 360 2450)
(0 360 2375)
(0 360 2300)
(0 360 2225)
(0 360 2150)
(0 360 2075)
(0 360 2000)
(0 360 1925)
(0 360 1850)
(0 360 1775)
(0 360 1700)
(0 360 1625)
(0 360 1550)
(0 360 1475)
(0 360 1400)
(0 360 1325)
(0 360 1250)
(0 360 1175)
(0 360 1100)
(0 360 1025)
(0 360 950)
(0 360 875)
(0 360 800)
(0 360 725)
(0 360 650)
(0 345 3425)
(0 345 3350)
(0 345 3275)
(0 345 3200)
(0 345 3125)
(0 345 3050)
(0 345 2975)
(0 345 2900)
(0 345 2825)
(0 345 2750)
(0 345 2675)
(0 345 2600)
(0 345 2525)
(0 345 2450)
(0 345 2375)
(0 345 2300)
(0 345 2225)
(0 345 2150)
(0 345 2075)
(0 345 2000)
(0 345 1925)
(0 345 1850)
(0 345 1775)
(0 345 1700)
(0 345 1625)
(0 345 1550)
(0 345 1475)
(0 345 1400)
(0 345 1325)
(0 345 1250)
(0 345 1175)
(0 345 1100)
(0 345 1025)
(0 345 950)
(0 345 875)
(0 345 800)
(0 345 725)
(0 345 650)
(0 330 3425)
(0 330 3350)
(0 330 3275)
(0 330 3200)
(0 330 3125)
(0 330 3050)
(0 330 2975)
(0 330 2900)
(0 330 2825)
(0 330 2750)
(0 330 2675)
(0 330 2600)
(0 330 2525)
(0 330 2450)
(0 330 2375)
(0 330 2300)
(0 330 2225)
(0 330 2150)
(0 330 2075)
(0 330 2000)
(0 330 1925)
(0 330 1850)
(0 330 1775)
(0 330 1700)
(0 330 1625)
(0 330 1550)
(0 330 1475)
(0 330 1400)
(0 330 1325)
(0 330 1250)
(0 330 1175)
(0 330 1100)
(0 330 1025)
(0 330 950)
(0 330 875)
(0 330 800)
(0 330 725)
(0 330 650)
(0 315 3425)
(0 315 3350)
(0 315 3275)
(0 315 3200)
(0 315 3125)
(0 315 3050)
(0 315 2975)
(0 315 2900)
(0 315 2825)
(0 315 2750)
(0 315 2675)
(0 315 2600)
(0 315 2525)
(0 315 2450)
(0 315 2375)
(0 315 2300)
(0 315 2225)
(0 315 2150)
(0 315 2075)
(0 315 2000)
(0 315 1925)
(0 315 1850)
(0 315 1775)
(0 315 1700)
(0 315 1625)
(0 315 1550)
(0 315 1475)
(0 315 1400)
(0 315 1325)
(0 315 1250)
(0 315 1175)
(0 315 1100)
(0 315 1025)
(0 315 950)
(0 315 875)
(0 315 800)
(0 315 725)
(0 315 650)
(0 300 3425)
(0 300 3350)
(0 300 3275)
(0 300 3200)
(0 300 3125)
(0 300 3050)
(0 300 2975)
(0 300 2900)
(0 300 2825)
(0 300 2750)
(0 300 2675)
(0 300 2600)
(0 300 2525)
(0 300 2450)
(0 300 2375)
(0 300 2300)
(0 300 2225)
(0 300 2150)
(0 300 2075)
(0 300 2000)
(0 300 1925)
(0 300 1850)
(0 300 1775)
(0 300 1700)
(0 300 1625)
(0 300 1550)
(0 300 1475)
(0 300 1400)
(0 300 1325)
(0 300 1250)
(0 300 1175)
(0 300 1100)
(0 300 1025)
(0 300 950)
(0 300 875)
(0 300 800)
(0 300 725)
(0 300 650)
(0 285 3425)
(0 285 3350)
(0 285 3275)
(0 285 3200)
(0 285 3125)
(0 285 3050)
(0 285 2975)
(0 285 2900)
(0 285 2825)
(0 285 2750)
(0 285 2675)
(0 285 2600)
(0 285 2525)
(0 285 2450)
(0 285 2375)
(0 285 2300)
(0 285 2225)
(0 285 2150)
(0 285 2075)
(0 285 2000)
(0 285 1925)
(0 285 1850)
(0 285 1775)
(0 285 1700)
(0 285 1625)
(0 285 1550)
(0 285 1475)
(0 285 1400)
(0 285 1325)
(0 285 1250)
(0 285 1175)
(0 285 1100)
(0 285 1025)
(0 285 950)
(0 285 875)
(0 285 800)
(0 285 725)
(0 285 650)
(0 270 3425)
(0 270 3350)
(0 270 3275)
(0 270 3200)
(0 270 3125)
(0 270 3050)
(0 270 2975)
(0 270 2900)
(0 270 2825)
(0 270 2750)
(0 270 2675)
(0 270 2600)
(0 270 2525)
(0 270 2450)
(0 270 2375)
(0 270 2300)
(0 270 2225)
(0 270 2150)
(0 270 2075)
(0 270 2000)
(0 270 1925)
(0 270 1850)
(0 270 1775)
(0 270 1700)
(0 270 1625)
(0 270 1550)
(0 270 1475)
(0 270 1400)
(0 270 1325)
(0 270 1250)
(0 270 1175)
(0 270 1100)
(0 270 1025)
(0 270 950)
(0 270 875)
(0 270 800)
(0 270 725)
(0 270 650)
(0 255 3425)
(0 255 3350)
(0 255 3275)
(0 255 3200)
(0 255 3125)
(0 255 3050)
(0 255 2975)
(0 255 2900)
(0 255 2825)
(0 255 2750)
(0 255 2675)
(0 255 2600)
(0 255 2525)
(0 255 2450)
(0 255 2375)
(0 255 2300)
(0 255 2225)
(0 255 2150)
(0 255 2075)
(0 255 2000)
(0 255 1925)
(0 255 1850)
(0 255 1775)
(0 255 1700)
(0 255 1625)
(0 255 1550)
(0 255 1475)
(0 255 1400)
(0 255 1325)
(0 255 1250)
(0 255 1175)
(0 255 1100)
(0 255 1025)
(0 255 950)
(0 255 875)
(0 255 800)
(0 255 725)
(0 255 650)
(0 240 3425)
(0 240 3350)
(0 240 3275)
(0 240 3200)
(0 240 3125)
(0 240 3050)
(0 240 2975)
(0 240 2900)
(0 240 2825)
(0 240 2750)
(0 240 2675)
(0 240 2600)
(0 240 2525)
(0 240 2450)
(0 240 2375)
(0 240 2300)
(0 240 2225)
(0 240 2150)
(0 240 2075)
(0 240 2000)
(0 240 1925)
(0 240 1850)
(0 240 1775)
(0 240 1700)
(0 240 1625)
(0 240 1550)
(0 240 1475)
(0 240 1400)
(0 240 1325)
(0 240 1250)
(0 240 1175)
(0 240 1100)
(0 240 1025)
(0 240 950)
(0 240 875)
(0 240 800)
(0 240 725)
(0 240 650)
(0 225 3425)
(0 225 3350)
(0 225 3275)
(0 225 3200)
(0 225 3125)
(0 225 3050)
(0 225 2975)
(0 225 2900)
(0 225 2825)
(0 225 2750)
(0 225 2675)
(0 225 2600)
(0 225 2525)
(0 225 2450)
(0 225 2375)
(0 225 2300)
(0 225 2225)
(0 225 2150)
(0 225 2075)
(0 225 2000)
(0 225 1925)
(0 225 1850)
(0 225 1775)
(0 225 1700)
(0 225 1625)
(0 225 1550)
(0 225 1475)
(0 225 1400)
(0 225 1325)
(0 225 1250)
(0 225 1175)
(0 225 1100)
(0 225 1025)
(0 225 950)
(0 225 875)
(0 225 800)
(0 225 725)
(0 225 650)
(0 210 3425)
(0 210 3350)
(0 210 3275)
(0 210 3200)
(0 210 3125)
(0 210 3050)
(0 210 2975)
(0 210 2900)
(0 210 2825)
(0 210 2750)
(0 210 2675)
(0 210 2600)
(0 210 2525)
(0 210 2450)
(0 210 2375)
(0 210 2300)
(0 210 2225)
(0 210 2150)
(0 210 2075)
(0 210 2000)
(0 210 1925)
(0 210 1850)
(0 210 1775)
(0 210 1700)
(0 210 1625)
(0 210 1550)
(0 210 1475)
(0 210 1400)
(0 210 1325)
(0 210 1250)
(0 210 1175)
(0 210 1100)
(0 210 1025)
(0 210 950)
(0 210 875)
(0 210 800)
(0 210 725)
(0 210 650)
(0 195 3425)
(0 195 3350)
(0 195 3275)
(0 195 3200)
(0 195 3125)
(0 195 3050)
(0 195 2975)
(0 195 2900)
(0 195 2825)
(0 195 2750)
(0 195 2675)
(0 195 2600)
(0 195 2525)
(0 195 2450)
(0 195 2375)
(0 195 2300)
(0 195 2225)
(0 195 2150)
(0 195 2075)
(0 195 2000)
(0 195 1925)
(0 195 1850)
(0 195 1775)
(0 195 1700)
(0 195 1625)
(0 195 1550)
(0 195 1475)
(0 195 1400)
(0 195 1325)
(0 195 1250)
(0 195 1175)
(0 195 1100)
(0 195 1025)
(0 195 950)
(0 195 875)
(0 195 800)
(0 195 725)
(0 195 650)
(0 180 3425)
(0 180 3350)
(0 180 3275)
(0 180 3200)
(0 180 3125)
(0 180 3050)
(0 180 2975)
(0 180 2900)
(0 180 2825)
(0 180 2750)
(0 180 2675)
(0 180 2600)
(0 180 2525)
(0 180 2450)
(0 180 2375)
(0 180 2300)
(0 180 2225)
(0 180 2150)
(0 180 2075)
(0 180 2000)
(0 180 1925)
(0 180 1850)
(0 180 1775)
(0 180 1700)
(0 180 1625)
(0 180 1550)
(0 180 1475)
(0 180 1400)
(0 180 1325)
(0 180 1250)
(0 180 1175)
(0 180 1100)
(0 180 1025)
(0 180 950)
(0 180 875)
(0 180 800)
(0 180 725)
(0 180 650)
(0 165 3425)
(0 165 3350)
(0 165 3275)
(0 165 3200)
(0 165 3125)
(0 165 3050)
(0 165 2975)
(0 165 2900)
(0 165 2825)
(0 165 2750)
(0 165 2675)
(0 165 2600)
(0 165 2525)
(0 165 2450)
(0 165 2375)
(0 165 2300)
(0 165 2225)
(0 165 2150)
(0 165 2075)
(0 165 2000)
(0 165 1925)
(0 165 1850)
(0 165 1775)
(0 165 1700)
(0 165 1625)
(0 165 1550)
(0 165 1475)
(0 165 1400)
(0 165 1325)
(0 165 1250)
(0 165 1175)
(0 165 1100)
(0 165 1025)
(0 165 950)
(0 165 875)
(0 165 800)
(0 165 725)
(0 165 650)
(0 150 3425)
(0 150 3350)
(0 150 3275)
(0 150 3200)
(0 150 3125)
(0 150 3050)
(0 150 2975)
(0 150 2900)
(0 150 2825)
(0 150 2750)
(0 150 2675)
(0 150 2600)
(0 150 2525)
(0 150 2450)
(0 150 2375)
(0 150 2300)
(0 150 2225)
(0 150 2150)
(0 150 2075)
(0 150 2000)
(0 150 1925)
(0 150 1850)
(0 150 1775)
(0 150 1700)
(0 150 1625)
(0 150 1550)
(0 150 1475)
(0 150 1400)
(0 150 1325)
(0 150 1250)
(0 150 1175)
(0 150 1100)
(0 150 1025)
(0 150 950)
(0 150 875)
(0 150 800)
(0 150 725)
(0 150 650)
(0 135 3425)
(0 135 3350)
(0 135 3275)
(0 135 3200)
(0 135 3125)
(0 135 3050)
(0 135 2975)
(0 135 2900)
(0 135 2825)
(0 135 2750)
(0 135 2675)
(0 135 2600)
(0 135 2525)
(0 135 2450)
(0 135 2375)
(0 135 2300)
(0 135 2225)
(0 135 2150)
(0 135 2075)
(0 135 2000)
(0 135 1925)
(0 135 1850)
(0 135 1775)
(0 135 1700)
(0 135 1625)
(0 135 1550)
(0 135 1475)
(0 135 1400)
(0 135 1325)
(0 135 1250)
(0 135 1175)
(0 135 1100)
(0 135 1025)
(0 135 950)
(0 135 875)
(0 135 800)
(0 135 725)
(0 135 650)
(0 120 3425)
(0 120 3350)
(0 120 3275)
(0 120 3200)
(0 120 3125)
(0 120 3050)
(0 120 2975)
(0 120 2900)
(0 120 2825)
(0 120 2750)
(0 120 2675)
(0 120 2600)
(0 120 2525)
(0 120 2450)
(0 120 2375)
(0 120 2300)
(0 120 2225)
(0 120 2150)
(0 120 2075)
(0 120 2000)
(0 120 1925)
(0 120 1850)
(0 120 1775)
(0 120 1700)
(0 120 1625)
(0 120 1550)
(0 120 1475)
(0 120 1400)
(0 120 1325)
(0 120 1250)
(0 120 1175)
(0 120 1100)
(0 120 1025)
(0 120 950)
(0 120 875)
(0 120 800)
(0 120 725)
(0 120 650)
(0 105 3425)
(0 105 3350)
(0 105 3275)
(0 105 3200)
(0 105 3125)
(0 105 3050)
(0 105 2975)
(0 105 2900)
(0 105 2825)
(0 105 2750)
(0 105 2675)
(0 105 2600)
(0 105 2525)
(0 105 2450)
(0 105 2375)
(0 105 2300)
(0 105 2225)
(0 105 2150)
(0 105 2075)
(0 105 2000)
(0 105 1925)
(0 105 1850)
(0 105 1775)
(0 105 1700)
(0 105 1625)
(0 105 1550)
(0 105 1475)
(0 105 1400)
(0 105 1325)
(0 105 1250)
(0 105 1175)
(0 105 1100)
(0 105 1025)
(0 105 950)
(0 105 875)
(0 105 800)
(0 105 725)
(0 105 650)
(0 90 3425)
(0 90 3350)
(0 90 3275)
(0 90 3200)
(0 90 3125)
(0 90 3050)
(0 90 2975)
(0 90 2900)
(0 90 2825)
(0 90 2750)
(0 90 2675)
(0 90 2600)
(0 90 2525)
(0 90 2450)
(0 90 2375)
(0 90 2300)
(0 90 2225)
(0 90 2150)
(0 90 2075)
(0 90 2000)
(0 90 1925)
(0 90 1850)
(0 90 1775)
(0 90 1700)
(0 90 1625)
(0 90 1550)
(0 90 1475)
(0 90 1400)
(0 90 1325)
(0 90 1250)
(0 90 1175)
(0 90 1100)
(0 90 1025)
(0 90 950)
(0 90 875)
(0 90 800)
(0 90 725)
(0 90 650)
(0 75 3425)
(0 75 3350)
(0 75 3275)
(0 75 3200)
(0 75 3125)
(0 75 3050)
(0 75 2975)
(0 75 2900)
(0 75 2825)
(0 75 2750)
(0 75 2675)
(0 75 2600)
(0 75 2525)
(0 75 2450)
(0 75 2375)
(0 75 2300)
(0 75 2225)
(0 75 2150)
(0 75 2075)
(0 75 2000)
(0 75 1925)
(0 75 1850)
(0 75 1775)
(0 75 1700)
(0 75 1625)
(0 75 1550)
(0 75 1475)
(0 75 1400)
(0 75 1325)
(0 75 1250)
(0 75 1175)
(0 75 1100)
(0 75 1025)
(0 75 950)
(0 75 875)
(0 75 800)
(0 75 725)
(0 75 650)
(0 60 3425)
(0 60 3350)
(0 60 3275)
(0 60 3200)
(0 60 3125)
(0 60 3050)
(0 60 2975)
(0 60 2900)
(0 60 2825)
(0 60 2750)
(0 60 2675)
(0 60 2600)
(0 60 2525)
(0 60 2450)
(0 60 2375)
(0 60 2300)
(0 60 2225)
(0 60 2150)
(0 60 2075)
(0 60 2000)
(0 60 1925)
(0 60 1850)
(0 60 1775)
(0 60 1700)
(0 60 1625)
(0 60 1550)
(0 60 1475)
(0 60 1400)
(0 60 1325)
(0 60 1250)
(0 60 1175)
(0 60 1100)
(0 60 1025)
(0 60 950)
(0 60 875)
(0 60 800)
(0 60 725)
(0 60 650)
(0 45 3425)
(0 45 3350)
(0 45 3275)
(0 45 3200)
(0 45 3125)
(0 45 3050)
(0 45 2975)
(0 45 2900)
(0 45 2825)
(0 45 2750)
(0 45 2675)
(0 45 2600)
(0 45 2525)
(0 45 2450)
(0 45 2375)
(0 45 2300)
(0 45 2225)
(0 45 2150)
(0 45 2075)
(0 45 2000)
(0 45 1925)
(0 45 1850)
(0 45 1775)
(0 45 1700)
(0 45 1625)
(0 45 1550)
(0 45 1475)
(0 45 1400)
(0 45 1325)
(0 45 1250)
(0 45 1175)
(0 45 1100)
(0 45 1025)
(0 45 950)
(0 45 875)
(0 45 800)
(0 45 725)
(0 45 650)
(0 30 3425)
(0 30 3350)
(0 30 3275)
(0 30 3200)
(0 30 3125)
(0 30 3050)
(0 30 2975)
(0 30 2900)
(0 30 2825)
(0 30 2750)
(0 30 2675)
(0 30 2600)
(0 30 2525)
(0 30 2450)
(0 30 2375)
(0 30 2300)
(0 30 2225)
(0 30 2150)
(0 30 2075)
(0 30 2000)
(0 30 1925)
(0 30 1850)
(0 30 1775)
(0 30 1700)
(0 30 1625)
(0 30 1550)
(0 30 1475)
(0 30 1400)
(0 30 1325)
(0 30 1250)
(0 30 1175)
(0 30 1100)
(0 30 1025)
(0 30 950)
(0 30 875)
(0 30 800)
(0 30 725)
(0 30 650)
(0 15 3425)
(0 15 3350)
(0 15 3275)
(0 15 3200)
(0 15 3125)
(0 15 3050)
(0 15 2975)
(0 15 2900)
(0 15 2825)
(0 15 2750)
(0 15 2675)
(0 15 2600)
(0 15 2525)
(0 15 2450)
(0 15 2375)
(0 15 2300)
(0 15 2225)
(0 15 2150)
(0 15 2075)
(0 15 2000)
(0 15 1925)
(0 15 1850)
(0 15 1775)
(0 15 1700)
(0 15 1625)
(0 15 1550)
(0 15 1475)
(0 15 1400)
(0 15 1325)
(0 15 1250)
(0 15 1175)
(0 15 1100)
(0 15 1025)
(0 15 950)
(0 15 875)
(0 15 800)
(0 15 725)
(0 15 650)
(20 455 0)
(0 455 0)
(0 520 0)
(0 507 0)
(0 494 0)
(0 481 0)
(0 468 0)
(20 520 0)
(0 397.2 100)
(0 339.4 200)
(0 281.6 300)
(0 223.8 400)
(0 166 500)
(20 166 500)
(0 231 500)
(0 288.8 400)
(0 346.6 300)
(0 404.4 200)
(0 462.2 100)
(20 231 500)
(0 218 500)
(0 205 500)
(0 192 500)
(0 179 500)
(20 507 0)
(20 494 0)
(20 481 0)
(20 468 0)
(20 223.8 400)
(20 281.6 300)
(20 339.4 200)
(20 397.2 100)
(20 288.8 400)
(20 346.6 300)
(20 404.4 200)
(20 462.2 100)
(20 179 500)
(20 192 500)
(20 205 500)
(20 218 500)
(20 449.2 100)
(20 436.2 100)
(20 423.2 100)
(20 410.2 100)
(20 391.4 200)
(20 378.4 200)
(20 365.4 200)
(20 352.4 200)
(20 333.6 300)
(20 320.6 300)
(20 307.6 300)
(20 294.6 300)
(20 275.8 400)
(20 262.8 400)
(20 249.8 400)
(20 236.8 400)
(0 449.2 100)
(0 436.2 100)
(0 423.2 100)
(0 410.2 100)
(0 391.4 200)
(0 378.4 200)
(0 365.4 200)
(0 352.4 200)
(0 333.6 300)
(0 320.6 300)
(0 307.6 300)
(0 294.6 300)
(0 275.8 400)
(0 262.8 400)
(0 249.8 400)
(0 236.8 400)
)


// ************************************************************************* //
